00 00 00 00 00 00 00 00 00 00 00 00 00 00 00 00 00 00 00 00 00 00 00 00 00 00 00 00
00 00 00 00 00 00 00 00 00 00 00 00 00 00 00 00 00 00 00 00 00 00 00 00 00 00 00 00
00 00 00 00 00 00 00 00 00 00 00 00 00 00 00 00 00 00 00 00 00 00 00 00 00 00 00 00
00 00 00 00 00 00 00 00 00 00 00 00 00 00 00 00 00 00 00 00 00 00 00 00 00 00 00 00
00 00 00 00 00 00 00 00 00 00 3b 37 00 00 00 00 00 00 00 00 00 00 00 00 00 00 00 00
00 00 00 00 00 00 00 00 47 c0 fe fa 93 11 00 00 00 00 00 00 00 00 00 00 00 00 00 00
00 00 00 00 00 00 00 7b f7 fd fe fd fd c4 4f b0 af af 7c 30 00 00 00 00 00 00 00 00
00 00 00 00 00 00 57 f7 f7 b0 5f 66 75 f3 ed c0 e8 fd fd f5 98 06 00 00 00 00 00 00
00 00 00 00 00 17 e5 fd 8a 00 00 00 00 db 3a 00 5f 76 50 e6 fe c4 1e 00 00 00 00 00
00 00 00 00 00 78 fe cd 08 00 00 00 00 72 00 00 00 00 00 26 ff fe 9b 05 00 00 00 00
00 00 00 00 00 9c fd 5c 00 00 00 00 00 00 00 00 00 00 00 00 3d eb fd 66 00 00 00 00
00 00 00 00 00 e0 fd 4e 00 00 00 00 00 00 00 00 00 00 00 00 00 75 fd c4 12 00 00 00
00 00 00 00 00 fe fd 4e 00 00 00 00 00 00 00 00 00 00 00 00 00 09 d3 fd 49 00 00 00
00 00 00 00 00 fe fd 4e 00 00 00 00 00 00 00 00 00 00 00 00 00 00 af fd 9b 00 00 00
00 00 00 00 00 c2 fe 65 00 00 00 00 00 00 00 00 00 00 00 00 00 00 4f fe 9b 00 00 00
00 00 00 00 00 70 fd d3 09 00 00 00 00 00 00 00 00 00 00 00 00 00 49 fb c8 00 00 00
00 00 00 00 00 29 f1 fd 57 00 00 00 00 00 00 00 00 00 00 00 00 00 19 f0 fd 00 00 00
00 00 00 00 00 00 93 fd e3 2f 00 00 00 00 00 00 00 00 00 00 00 00 5e fd c8 00 00 00
00 00 00 00 00 00 05 c1 fd e6 4c 00 00 00 00 00 00 00 00 00 00 00 af fd 9b 00 00 00
00 00 00 00 00 00 00 1f db fe ff 7e 12 00 00 00 00 00 00 00 0e 95 fe f4 2d 00 00 00
00 00 00 00 00 00 00 00 15 9e fe fd e2 a2 76 60 14 14 49 76 e0 fd f7 55 00 00 00 00
00 00 00 00 00 00 00 00 00 1e 9b fd fd fd fd fe fd fd fd fd fe f7 54 00 00 00 00 00
00 00 00 00 00 00 00 00 00 00 05 1b 75 ce f4 e5 d5 d5 d5 b0 75 20 00 00 00 00 00 00
00 00 00 00 00 00 00 00 00 00 00 00 00 00 2d 17 00 00 00 00 00 00 00 00 00 00 00 00
00 00 00 00 00 00 00 00 00 00 00 00 00 00 00 00 00 00 00 00 00 00 00 00 00 00 00 00
00 00 00 00 00 00 00 00 00 00 00 00 00 00 00 00 00 00 00 00 00 00 00 00 00 00 00 00
00 00 00 00 00 00 00 00 00 00 00 00 00 00 00 00 00 00 00 00 00 00 00 00 00 00 00 00
00 00 00 00 00 00 00 00 00 00 00 00 00 00 00 00 00 00 00 00 00 00 00 00 00 00 00 00
