00 00 00 00 00 00 00 00 00 00 00 00 00 00 00 00 00 00 00 00 00 00 00 00 00 00 00 00
00 00 00 00 00 00 00 00 00 00 00 00 00 00 00 00 00 00 00 00 00 00 00 00 00 00 00 00
00 00 00 00 00 00 00 00 00 00 00 00 00 00 00 00 00 00 00 00 00 00 00 00 00 00 00 00
00 00 00 00 00 00 00 00 00 00 00 00 00 00 20 97 ed 49 03 00 00 00 00 00 00 00 00 00
00 00 00 00 00 00 00 00 00 00 00 00 00 02 a9 fe fe fe 0f 00 00 00 00 00 00 00 00 00
00 00 00 00 00 00 00 00 00 00 00 00 09 a9 fe fe db f6 74 00 00 00 00 00 00 00 00 00
00 00 00 00 00 00 00 00 00 00 00 06 a8 fe ed 82 02 c1 78 00 00 00 00 00 00 00 00 00
00 00 00 00 00 00 00 00 00 00 08 7e fe fe 8b 00 00 89 10 00 00 00 00 00 00 00 00 00
00 00 00 00 00 00 00 00 00 00 68 ff fe 92 00 00 00 00 00 00 00 00 00 00 00 00 00 00
00 00 00 00 00 00 00 00 00 1e f5 fe 96 05 00 00 00 00 00 00 00 00 00 00 00 00 00 00
00 00 00 00 00 00 00 00 00 9c fe f4 1f 00 00 00 00 00 00 00 00 00 00 00 00 00 00 00
00 00 00 00 00 00 00 00 47 fb ff 40 00 00 00 00 00 00 00 00 00 00 00 00 00 00 00 00
00 00 00 00 00 00 00 00 54 fe f0 19 00 00 00 00 00 00 00 00 00 00 00 00 00 00 00 00
00 00 00 00 00 00 00 00 7d fe b5 36 cb cb cb cb 65 19 00 00 00 00 00 00 00 00 00 00
00 00 00 00 00 00 00 00 67 fe df f0 fe fe fe fe fe fb c3 66 00 00 00 00 00 00 00 00
00 00 00 00 00 00 00 00 bc fe fe fe fe b4 a6 a6 fd fe fe cb 2e 00 00 00 00 00 00 00
00 00 00 00 00 00 00 00 5a fe fe b2 33 03 00 00 0f 5e f7 fe e4 00 00 00 00 00 00 00
00 00 00 00 00 00 00 00 54 fe fe 1f 00 00 00 00 00 00 f0 fe f0 1a 00 00 00 00 00 00
00 00 00 00 00 00 00 00 54 fe ff 1f 00 00 00 00 04 b3 fd fe fd 4c 00 00 00 00 00 00
00 00 00 00 00 00 00 00 3e f9 fe af 18 00 00 1b b8 fe fe fe a3 00 00 00 00 00 00 00
00 00 00 00 00 00 00 00 00 62 f7 fe e7 83 b3 e9 fe fe f9 89 13 00 00 00 00 00 00 00
00 00 00 00 00 00 00 00 00 00 1b b9 eb fe fe fe fe d3 5d 00 00 00 00 00 00 00 00 00
00 00 00 00 00 00 00 00 00 00 00 00 63 c3 fe fe 98 25 00 00 00 00 00 00 00 00 00 00
00 00 00 00 00 00 00 00 00 00 00 00 00 00 00 00 00 00 00 00 00 00 00 00 00 00 00 00
00 00 00 00 00 00 00 00 00 00 00 00 00 00 00 00 00 00 00 00 00 00 00 00 00 00 00 00
00 00 00 00 00 00 00 00 00 00 00 00 00 00 00 00 00 00 00 00 00 00 00 00 00 00 00 00
00 00 00 00 00 00 00 00 00 00 00 00 00 00 00 00 00 00 00 00 00 00 00 00 00 00 00 00
00 00 00 00 00 00 00 00 00 00 00 00 00 00 00 00 00 00 00 00 00 00 00 00 00 00 00 00
