00 00 00 00 00 00 00 00 00 00 00 00 00 00 00 00 00 00 00 00 00 00 00 00 00 00 00 00
00 00 00 00 00 00 00 00 00 00 00 00 00 00 00 00 00 00 00 00 00 00 00 00 00 00 00 00
00 00 00 00 00 00 00 00 00 00 00 00 00 00 00 00 00 00 00 00 00 00 00 00 00 00 00 00
00 00 00 00 00 00 00 00 00 00 00 00 00 00 00 00 00 00 00 00 00 00 00 00 00 00 00 00
00 00 00 00 00 00 00 00 00 00 00 00 00 4f bf ff fd fd fd 3f 00 00 00 00 00 00 00 00
00 00 00 00 00 00 00 00 00 00 2a 49 73 f2 fc fd fc fc fc ee 9a 00 00 00 00 00 00 00
00 00 00 00 00 00 00 00 00 1b dd fd fc fc fc fd fc fc fc fd be 0b 00 00 00 00 00 00
00 00 00 00 00 00 00 00 00 25 fc fd d2 6c 6c 6c 6c 80 fc fd fc 47 00 00 00 00 00 00
00 00 00 00 00 00 00 00 00 00 53 53 00 00 00 00 00 25 fc fd fc 47 00 00 00 00 00 00
00 00 00 00 00 00 00 00 00 00 00 00 00 00 00 00 15 b5 fc fd bd 0a 00 00 00 00 00 00
00 00 00 00 00 00 00 00 00 00 00 00 00 00 00 00 b0 fc fc ed 47 00 00 00 00 00 00 00
00 00 00 00 00 00 00 00 00 00 00 00 00 00 00 91 ed fc fc 90 00 00 00 00 00 00 00 00
00 00 00 00 00 00 00 00 00 00 00 00 00 10 bf ff fd fd fd 91 00 00 00 00 00 00 00 00
00 00 00 00 00 00 00 00 00 00 00 49 73 de fc fd fc fc fc 90 00 00 00 00 00 00 00 00
00 00 00 00 00 00 00 00 00 00 69 fd fc fc fc d9 d7 f1 fc 90 00 00 00 00 00 00 00 00
00 00 00 00 00 00 00 00 00 00 90 fd fc e7 6c 00 00 b5 fc 90 00 00 00 00 00 00 00 00
00 00 00 00 00 00 00 00 00 00 54 91 68 00 00 00 00 b6 fd 91 00 00 00 00 00 00 00 00
00 00 00 00 00 00 00 00 00 00 00 00 00 00 00 00 15 c9 fc 90 00 00 00 00 00 00 00 00
00 00 00 00 00 00 00 00 00 00 00 00 00 00 00 00 b0 fc fc 90 00 00 00 00 00 00 00 00
00 00 00 00 00 00 00 00 00 00 00 00 00 00 00 3f ed fc fc 3e 00 00 00 00 00 00 00 00
00 00 00 00 00 4f 6d 00 00 00 00 6e 6d 6d bf ff fd ed 3e 00 00 00 00 00 00 00 00 00
00 00 00 00 bb f2 fc d9 d9 d9 d9 fd fc fc fc fd e7 99 00 00 00 00 00 00 00 00 00 00
00 00 00 00 d9 fc fc fc fc fc fc fd dc d7 d7 d9 47 00 00 00 00 00 00 00 00 00 00 00
00 00 00 00 5d d3 fc bd 6c 6c 6c 6c 0f 00 00 00 00 00 00 00 00 00 00 00 00 00 00 00
00 00 00 00 00 00 00 00 00 00 00 00 00 00 00 00 00 00 00 00 00 00 00 00 00 00 00 00
00 00 00 00 00 00 00 00 00 00 00 00 00 00 00 00 00 00 00 00 00 00 00 00 00 00 00 00
00 00 00 00 00 00 00 00 00 00 00 00 00 00 00 00 00 00 00 00 00 00 00 00 00 00 00 00
00 00 00 00 00 00 00 00 00 00 00 00 00 00 00 00 00 00 00 00 00 00 00 00 00 00 00 00
