00 00 00 00 00 00 00 00 00 00 00 00 00 00 00 00 00 00 00 00 00 00 00 00 00 00 00 00
00 00 00 00 00 00 00 00 00 00 00 00 00 00 00 00 00 00 00 00 00 00 00 00 00 00 00 00
00 00 00 00 00 00 00 00 00 00 00 00 00 00 00 00 00 00 00 00 00 00 00 00 00 00 00 00
00 00 00 00 00 00 00 00 00 00 00 00 00 00 00 00 00 00 00 00 00 00 00 00 00 00 00 00
00 00 00 00 00 00 00 00 00 00 00 00 00 00 00 00 00 00 00 00 00 00 00 00 00 00 00 00
00 00 00 00 00 00 00 00 00 00 00 00 00 00 00 00 00 00 00 00 00 00 00 00 00 00 00 00
00 00 00 00 00 00 00 00 00 00 00 00 00 00 00 00 00 00 00 00 00 00 00 00 00 00 00 00
00 00 00 00 00 00 00 00 00 00 00 00 00 00 00 00 00 00 00 03 07 07 04 00 00 00 00 00
00 00 00 00 00 00 00 00 00 00 00 00 00 00 00 04 0d 78 89 ba fe fe 88 00 00 00 00 00
00 00 00 00 00 00 00 00 00 00 00 00 05 35 8f b3 fe fe fe ff fe fe c1 00 00 00 00 00
00 00 00 00 00 00 00 00 04 19 32 95 af fe fe fe fe fe fe ff fe fe 6c 00 00 00 00 00
00 00 00 00 00 00 00 60 aa fe fe fe fe fe f5 b7 63 63 93 fc fe c4 03 00 00 00 00 00
00 00 00 04 91 a2 a2 db fe fe fe f6 ba 5d 42 00 00 00 7d f6 fe 77 02 00 00 00 00 00
00 00 00 57 d7 fe fe fe fe cc 57 44 00 00 00 00 00 2e c5 fe b4 2f 00 00 00 00 00 00
00 00 00 a8 fe 9c 50 50 50 1c 00 00 00 00 00 00 00 7e f5 ff 39 00 00 00 00 00 00 00
00 00 00 02 4a 21 00 00 00 00 00 00 00 00 00 00 2b c8 fe 5b 06 00 00 00 00 00 00 00
00 00 00 00 00 00 00 00 00 00 00 00 00 00 00 00 9c f5 cd 0d 00 00 00 00 00 00 00 00
00 00 00 00 00 00 00 00 00 00 00 00 00 00 00 7c f4 fe 55 06 00 00 00 00 00 00 00 00
00 00 00 00 00 00 00 00 00 00 00 00 00 00 3b d9 fe 79 07 00 00 00 00 00 00 00 00 00
00 00 00 00 00 00 00 00 00 00 00 00 00 00 b0 fe fe 3d 00 00 00 00 00 00 00 00 00 00
00 00 00 00 00 00 00 00 00 00 00 00 00 a1 f5 d7 3a 07 00 00 00 00 00 00 00 00 00 00
00 00 00 00 00 00 00 00 00 00 00 00 36 f6 fe b9 07 00 00 00 00 00 00 00 00 00 00 00
00 00 00 00 00 00 00 00 00 00 00 00 7c fe fe 40 00 00 00 00 00 00 00 00 00 00 00 00
00 00 00 00 00 00 00 00 00 00 00 34 ed fe 7e 05 00 00 00 00 00 00 00 00 00 00 00 00
00 00 00 00 00 00 00 00 00 00 00 76 fe fe 77 00 00 00 00 00 00 00 00 00 00 00 00 00
00 00 00 00 00 00 00 00 00 00 00 76 fe fe 3d 00 00 00 00 00 00 00 00 00 00 00 00 00
00 00 00 00 00 00 00 00 00 00 00 02 06 06 02 00 00 00 00 00 00 00 00 00 00 00 00 00
00 00 00 00 00 00 00 00 00 00 00 00 00 00 00 00 00 00 00 00 00 00 00 00 00 00 00 00
