00 00 00 00 00 00 00 00 00 00 00 00 00 00 00 00 00 00 00 00 00 00 00 00 00 00 00 00
00 00 00 00 00 00 00 00 00 00 00 00 00 00 00 00 00 00 00 00 00 00 00 00 00 00 00 00
00 00 00 00 00 00 00 00 00 00 00 00 00 00 00 00 00 00 00 00 00 00 00 00 00 00 00 00
00 00 00 00 00 00 00 00 00 00 00 00 00 00 00 00 00 00 00 00 00 00 00 00 00 00 00 00
00 00 00 00 00 00 00 00 00 00 00 2a 76 db a6 76 76 06 00 00 00 00 00 00 00 00 00 00
00 00 00 00 00 00 00 00 00 00 67 f2 fe fe fe fe fe 42 00 00 00 00 00 00 00 00 00 00
00 00 00 00 00 00 00 00 00 00 12 e8 fe fe fe fe fe ee 46 00 00 00 00 00 00 00 00 00
00 00 00 00 00 00 00 00 00 00 00 68 f4 fe e0 fe fe fe 8d 00 00 00 00 00 00 00 00 00
00 00 00 00 00 00 00 00 00 00 00 00 cf fe d2 fe fe fe 22 00 00 00 00 00 00 00 00 00
00 00 00 00 00 00 00 00 00 00 00 00 54 ce fe fe fe fe 29 00 00 00 00 00 00 00 00 00
00 00 00 00 00 00 00 00 00 00 00 00 00 18 d1 fe fe fe ab 00 00 00 00 00 00 00 00 00
00 00 00 00 00 00 00 00 00 00 00 00 5b 89 fd fe fe fe 70 00 00 00 00 00 00 00 00 00
00 00 00 00 00 00 00 00 00 00 28 d6 fa fe fe fe fe fe 22 00 00 00 00 00 00 00 00 00
00 00 00 00 00 00 00 00 00 00 51 f7 fe fe fe fe fe fe 92 00 00 00 00 00 00 00 00 00
00 00 00 00 00 00 00 00 00 00 00 6e f6 fe fe fe fe fe ab 00 00 00 00 00 00 00 00 00
00 00 00 00 00 00 00 00 00 00 00 00 49 59 59 5d f0 fe ab 00 00 00 00 00 00 00 00 00
00 00 00 00 00 00 00 00 00 00 00 00 00 00 00 01 80 fe db 1f 00 00 00 00 00 00 00 00
00 00 00 00 00 00 00 00 00 00 00 00 00 00 00 07 fe fe d6 1c 00 00 00 00 00 00 00 00
00 00 00 00 00 00 00 00 00 00 00 00 00 00 00 8a fe fe 74 00 00 00 00 00 00 00 00 00
00 00 00 00 00 00 13 b1 5a 00 00 00 00 00 19 f0 fe fe 22 00 00 00 00 00 00 00 00 00
00 00 00 00 00 00 a4 fe d7 3f 24 00 33 59 ce fe fe 8b 08 00 00 00 00 00 00 00 00 00
00 00 00 00 00 00 39 c5 fe fe de b4 f1 fe fe fd d5 0b 00 00 00 00 00 00 00 00 00 00
00 00 00 00 00 00 00 8c 69 fe fe fe fe fe fe ec 00 00 00 00 00 00 00 00 00 00 00 00
00 00 00 00 00 00 00 00 07 75 75 a5 fe fe ef 32 00 00 00 00 00 00 00 00 00 00 00 00
00 00 00 00 00 00 00 00 00 00 00 00 00 00 00 00 00 00 00 00 00 00 00 00 00 00 00 00
00 00 00 00 00 00 00 00 00 00 00 00 00 00 00 00 00 00 00 00 00 00 00 00 00 00 00 00
00 00 00 00 00 00 00 00 00 00 00 00 00 00 00 00 00 00 00 00 00 00 00 00 00 00 00 00
00 00 00 00 00 00 00 00 00 00 00 00 00 00 00 00 00 00 00 00 00 00 00 00 00 00 00 00
