00 00 00 00 00 00 00 00 00 00 00 00 00 00 00 00 00 00 00 00 00 00 00 00 00 00 00 00
00 00 00 00 00 00 00 00 00 00 00 00 00 00 00 00 00 00 00 00 00 00 00 00 00 00 00 00
00 00 00 00 00 00 00 00 00 00 00 00 00 00 00 00 00 00 00 00 00 00 00 00 00 00 00 00
00 00 00 00 00 00 00 00 00 00 00 00 00 00 00 00 00 00 00 00 00 00 00 00 00 00 00 00
00 00 00 00 00 00 00 00 00 00 00 00 00 00 00 00 69 ff db 43 43 34 00 00 00 00 00 00
00 00 00 00 00 00 00 00 00 00 00 00 00 00 00 14 b5 fd fd fd fd e2 45 00 00 00 00 00
00 00 00 00 00 00 00 00 00 00 00 00 00 04 81 ce fd fd fd fd fd fd 82 00 00 00 00 00
00 00 00 00 00 00 00 00 00 00 00 00 09 8d fd fd fd fd fd fd fd fd a6 14 00 00 00 00
00 00 00 00 00 00 00 00 00 00 00 00 86 fd fd fd fd fd fd fd fd fd fd 41 00 00 00 00
00 00 00 00 00 00 00 00 00 02 53 cf f6 fd fd fd fd fd f9 ea f7 fd fd 41 00 00 00 00
00 00 00 00 00 00 00 00 00 53 fd fd fd fd fd bd fd fd cd 00 b3 fd fd 41 00 00 00 00
00 00 00 00 00 00 00 00 55 ea fd fd fd fd 9d 1a a4 97 53 00 b3 fd fd 41 00 00 00 00
00 00 00 00 00 00 00 41 ed fd fd fd 43 24 0e 00 0f 0c 00 00 b3 fd fd 41 00 00 00 00
00 00 00 00 00 00 04 8d fd fd dd 9e 17 00 00 00 00 00 00 00 b3 fd fd 41 00 00 00 00
00 00 00 00 00 00 81 fd fd f1 3e 00 00 00 00 00 00 00 00 48 e2 fd af 18 00 00 00 00
00 00 00 00 00 77 f7 fd fd ce 00 00 00 00 00 00 00 00 08 86 fd fd 82 00 00 00 00 00
00 00 00 00 00 84 fd fd c2 1b 00 00 00 00 00 00 00 00 7d fd fd fd 82 00 00 00 00 00
00 00 00 00 2d d5 fd fd 70 00 00 00 00 00 00 00 46 aa f7 fd fd 59 2b 00 00 00 00 00
00 00 00 00 43 fd fd c4 37 09 00 00 00 00 00 08 83 fd fd fd 56 01 00 00 00 00 00 00
00 00 00 00 43 fd fd fd fd 81 00 00 00 2b 72 86 fd fd e7 8b 29 00 00 00 00 00 00 00
00 00 00 00 14 a7 fd fd fd f7 b3 b3 b3 ce fd fd fd fd 48 00 00 00 00 00 00 00 00 00
00 00 00 00 00 67 f0 fd fd fd fd fd fd fd fd f4 77 08 01 00 00 00 00 00 00 00 00 00
00 00 00 00 00 00 6b fd fd fd fd fd fd fd af 6f 00 00 00 00 00 00 00 00 00 00 00 00
00 00 00 00 00 00 03 79 fd fd fd fd fd b6 18 00 00 00 00 00 00 00 00 00 00 00 00 00
00 00 00 00 00 00 00 00 00 00 00 00 00 00 00 00 00 00 00 00 00 00 00 00 00 00 00 00
00 00 00 00 00 00 00 00 00 00 00 00 00 00 00 00 00 00 00 00 00 00 00 00 00 00 00 00
00 00 00 00 00 00 00 00 00 00 00 00 00 00 00 00 00 00 00 00 00 00 00 00 00 00 00 00
00 00 00 00 00 00 00 00 00 00 00 00 00 00 00 00 00 00 00 00 00 00 00 00 00 00 00 00
