00 00 00 00 00 00 00 00 00 00 00 00 00 00 00 00 00 00 00 00 00 00 00 00 00 00 00 00
00 00 00 00 00 00 00 00 00 00 00 00 00 00 00 00 00 00 00 00 00 00 00 00 00 00 00 00
00 00 00 00 00 00 00 00 00 00 00 00 00 00 00 00 00 00 00 00 00 00 00 00 00 00 00 00
00 00 00 00 00 00 00 00 00 00 00 00 00 00 00 00 00 00 00 00 00 00 00 00 00 00 00 00
00 00 00 00 00 00 00 00 00 00 00 00 00 00 1c a4 fe e9 94 0b 00 00 00 00 00 00 00 00
00 00 00 00 00 00 00 00 00 00 00 00 00 03 a4 fe ea e1 fe cc 00 00 00 00 00 00 00 00
00 00 00 00 00 00 00 00 00 00 00 00 00 5b fe eb 30 20 a6 fb 5c 00 00 00 00 00 00 00
00 00 00 00 00 00 00 00 00 00 00 21 6f d6 cd 31 00 00 18 d8 d2 00 00 00 00 00 00 00
00 00 00 00 00 00 00 00 00 00 22 d9 fe fe d3 00 00 00 00 57 ed 2b 00 00 00 00 00 00
00 00 00 00 00 00 00 00 00 22 d8 fe fe fc f3 3d 00 00 00 26 f8 b6 00 00 00 00 00 00
00 00 00 00 00 00 00 00 00 ab fe b8 cd af 24 00 00 00 00 00 ab e3 00 00 00 00 00 00
00 00 00 00 00 00 00 00 1c ea be 0d c1 9d 00 00 00 00 00 00 7c ee 1a 00 00 00 00 00
00 00 00 00 00 00 00 00 8c fe 83 00 81 9d 00 00 00 00 00 00 7c fe 5f 00 00 00 00 00
00 00 00 00 00 00 00 00 c9 ee 38 00 46 67 00 00 00 00 00 00 7c fe 94 00 00 00 00 00
00 00 00 00 00 00 00 3e ff d2 00 00 00 00 00 00 00 00 00 00 96 fe 7a 00 00 00 00 00
00 00 00 00 00 00 00 56 fe c9 0f 00 00 00 00 00 00 00 00 1c ed f6 2c 00 00 00 00 00
00 00 00 00 00 00 00 80 fe 8f 00 00 00 00 00 00 00 00 00 22 f3 e3 00 00 00 00 00 00
00 00 00 00 00 00 00 3e fe d2 00 00 00 00 00 00 00 00 00 3a f9 b3 00 00 00 00 00 00
00 00 00 00 00 00 00 1e f0 d2 00 00 00 00 00 00 00 00 00 cf fe 40 00 00 00 00 00 00
00 00 00 00 00 00 00 00 d8 e7 22 00 00 00 00 00 00 00 81 f8 aa 09 00 00 00 00 00 00
00 00 00 00 00 00 00 00 83 fe aa 00 00 00 00 00 11 81 f8 e1 18 00 00 00 00 00 00 00
00 00 00 00 00 00 00 00 32 f5 f5 b8 6a 6a 6a 85 e7 fe f4 35 00 00 00 00 00 00 00 00
00 00 00 00 00 00 00 00 00 43 f9 fe fe fe fe fe fb c1 28 00 00 00 00 00 00 00 00 00
00 00 00 00 00 00 00 00 00 00 26 9d f8 a6 a6 8b 39 00 00 00 00 00 00 00 00 00 00 00
00 00 00 00 00 00 00 00 00 00 00 00 00 00 00 00 00 00 00 00 00 00 00 00 00 00 00 00
00 00 00 00 00 00 00 00 00 00 00 00 00 00 00 00 00 00 00 00 00 00 00 00 00 00 00 00
00 00 00 00 00 00 00 00 00 00 00 00 00 00 00 00 00 00 00 00 00 00 00 00 00 00 00 00
00 00 00 00 00 00 00 00 00 00 00 00 00 00 00 00 00 00 00 00 00 00 00 00 00 00 00 00
