00 00 00 00 00 00 00 00 00 00 00 00 00 00 00 00 00 00 00 00 00 00 00 00 00 00 00 00
00 00 00 00 00 00 00 00 00 00 00 00 00 00 00 00 00 00 00 00 00 00 00 00 00 00 00 00
00 00 00 00 00 00 00 00 00 00 00 00 00 00 00 00 00 00 00 00 00 00 00 00 00 00 00 00
00 00 00 00 00 00 00 00 00 00 00 00 00 00 00 00 00 00 00 00 00 00 00 00 00 00 00 00
00 00 00 00 00 00 00 00 00 00 00 00 00 00 00 00 00 00 00 00 00 00 00 00 00 00 00 00
00 00 00 00 00 00 00 00 00 00 00 00 00 00 00 00 00 00 00 00 00 00 00 00 00 00 00 00
00 00 00 00 00 27 5b 2f 4d 5b 85 fe fe fe fe fe fe ff fe ff fe 65 20 00 00 00 00 00
00 00 00 00 02 75 fd da f2 fd fd fd fd fd fd fd fd fd fd fd fd fd 64 00 00 00 00 00
00 00 00 00 11 fd fd fd fd fd fd fd fd fd fd f2 c3 fd fd fd fd fd fd 00 00 00 00 00
00 00 00 00 04 7e dc ec fd fd ca 38 38 a2 38 33 1a 38 38 e4 fd fd fd 00 00 00 00 00
00 00 00 00 00 00 00 40 81 c6 6c 00 00 00 00 00 00 00 00 de fd fd fd 00 00 00 00 00
00 00 00 00 00 00 00 00 00 32 09 00 00 00 00 00 17 32 86 f8 fd fd dd 00 00 00 00 00
00 00 00 00 00 00 00 00 00 3f 0b 00 00 00 37 8b bf fd fd fd fd fd 59 00 00 00 00 00
00 00 00 00 00 00 00 00 38 42 d7 e6 e6 e6 ef fd fd fd fd fd d6 21 09 00 00 00 00 00
00 00 00 00 00 00 00 4d ee fd fd fd fd fd fd fd fd fd fd d9 29 00 00 00 00 00 00 00
00 00 00 00 00 00 00 7c fd fd fd fd fd fd fd fd fd fd fd 24 00 00 00 00 00 00 00 00
00 00 00 00 00 00 00 28 51 ab f5 8f 51 56 f5 f5 f5 f6 fd 8f 00 00 00 00 00 00 00 00
00 00 00 00 00 00 00 00 00 00 00 00 00 00 00 00 00 2a fd da 2a 00 00 00 00 00 00 00
00 00 00 00 00 00 00 00 00 00 00 00 00 00 00 00 00 0b a2 fd d7 0c 00 00 00 00 00 00
00 00 00 00 00 00 00 00 00 00 00 00 00 00 00 00 00 13 ba fd fd 0f 00 00 00 00 00 00
00 00 00 0f 2a 2a 24 00 00 00 00 00 00 00 00 00 00 44 fd fd fd 0f 00 00 00 00 00 00
00 00 00 5b fd fd ed 83 15 00 00 00 00 00 00 63 83 e6 fd fd b0 08 00 00 00 00 00 00
00 00 00 c5 fd fd fd fd e2 de de de 3e 3f de f5 fd fd fd a5 0d 00 00 00 00 00 00 00
00 00 00 5b fd fd fd fd fd fd fd fd fd fd fd fd fd e5 6a 0d 00 00 00 00 00 00 00 00
00 00 00 06 1a b3 b3 d7 fd fd fd fd fd ca b3 b3 b3 2c 00 00 00 00 00 00 00 00 00 00
00 00 00 00 00 00 00 2c 59 59 59 59 59 1d 00 00 00 00 00 00 00 00 00 00 00 00 00 00
00 00 00 00 00 00 00 00 00 00 00 00 00 00 00 00 00 00 00 00 00 00 00 00 00 00 00 00
00 00 00 00 00 00 00 00 00 00 00 00 00 00 00 00 00 00 00 00 00 00 00 00 00 00 00 00
