00 00 00 00 00 00 00 00 00 00 00 00 00 00 00 00 00 00 00 00 00 00 00 00 00 00 00 00
00 00 00 00 00 00 00 00 00 00 00 00 00 00 00 00 00 00 00 00 00 00 00 00 00 00 00 00
00 00 00 00 00 00 00 00 00 00 00 00 00 00 00 00 00 00 00 00 00 00 00 00 00 00 00 00
00 00 00 00 00 00 00 00 00 00 00 00 00 00 00 00 00 00 00 00 00 00 00 00 00 00 00 00
00 00 00 00 00 00 00 00 00 00 00 00 00 00 00 00 00 00 00 00 00 00 00 00 00 00 00 00
00 00 00 00 00 00 00 00 00 00 00 00 00 00 00 00 00 00 00 00 00 00 00 00 00 00 00 00
00 00 00 00 00 00 00 00 00 00 00 00 00 00 00 00 00 00 00 00 00 00 00 00 00 00 00 00
00 00 00 00 00 00 00 00 00 00 00 00 00 00 00 00 00 00 00 00 1f 28 81 ea ea 9f 00 00
00 00 00 00 00 00 00 00 00 00 00 00 00 00 00 00 00 00 44 96 ef fe fd fd fd d7 00 00
00 00 00 00 00 00 00 00 00 00 00 00 00 00 00 00 9c c9 fe fe fe f1 96 62 08 00 00 00
00 00 00 00 00 00 00 00 00 00 00 00 00 00 13 9a fe ec cb 53 27 1e 00 00 00 00 00 00
00 00 00 00 00 00 00 00 00 00 00 00 00 00 90 fd 91 0c 00 00 00 00 00 00 00 00 00 00
00 00 00 00 00 00 00 00 00 00 00 0a 81 de 4e 4f 08 00 00 00 00 00 00 00 00 00 00 00
00 00 00 00 00 00 00 00 00 00 00 86 fd a7 08 00 00 00 00 00 00 00 00 00 00 00 00 00
00 00 00 00 00 00 00 00 00 00 00 ff fe 4e 00 00 00 00 00 00 00 00 00 00 00 00 00 00
00 00 00 00 00 00 00 00 00 00 00 c9 fd e2 45 00 00 00 00 00 00 00 00 00 00 00 00 00
00 00 00 00 00 00 00 00 37 06 00 12 80 fd f1 29 00 00 00 00 00 00 00 00 00 00 00 00
00 00 00 00 00 00 19 cd eb 5c 00 00 14 fd fd 3a 00 00 00 00 00 00 00 00 00 00 00 00
00 00 00 00 00 00 e7 f5 6c 00 00 00 84 fd b9 0e 00 00 00 00 00 00 00 00 00 00 00 00
00 00 00 00 00 00 79 f5 fe fe fe d9 fe df 32 00 00 00 00 00 00 00 00 00 00 00 00 00
00 00 00 00 00 00 00 74 a5 e9 e9 ea b4 27 03 00 00 00 00 00 00 00 00 00 00 00 00 00
00 00 00 00 00 00 00 00 00 00 00 00 00 00 00 00 00 00 00 00 00 00 00 00 00 00 00 00
00 00 00 00 00 00 00 00 00 00 00 00 00 00 00 00 00 00 00 00 00 00 00 00 00 00 00 00
00 00 00 00 00 00 00 00 00 00 00 00 00 00 00 00 00 00 00 00 00 00 00 00 00 00 00 00
00 00 00 00 00 00 00 00 00 00 00 00 00 00 00 00 00 00 00 00 00 00 00 00 00 00 00 00
00 00 00 00 00 00 00 00 00 00 00 00 00 00 00 00 00 00 00 00 00 00 00 00 00 00 00 00
00 00 00 00 00 00 00 00 00 00 00 00 00 00 00 00 00 00 00 00 00 00 00 00 00 00 00 00
00 00 00 00 00 00 00 00 00 00 00 00 00 00 00 00 00 00 00 00 00 00 00 00 00 00 00 00
