00 00 00 00 00 00 00 00 00 00 00 00 00 00 00 00 00 00 00 00 00 00 00 00 00 00 00 00
00 00 00 00 00 00 00 00 00 00 00 00 00 00 00 00 00 00 00 00 00 00 00 00 00 00 00 00
00 00 00 00 00 00 00 00 00 00 00 00 00 00 00 00 00 00 00 00 00 00 00 00 00 00 00 00
00 00 00 00 00 00 00 00 00 00 00 00 00 00 00 00 00 00 00 00 00 00 00 00 00 00 00 00
00 00 00 00 00 00 00 00 00 00 00 00 00 00 00 00 00 00 00 00 00 00 00 00 00 00 00 00
00 00 00 00 00 00 00 00 00 00 00 00 00 00 00 00 00 00 00 00 00 00 00 00 00 00 00 00
00 00 00 00 00 00 00 00 00 00 00 00 15 85 fe fe 3d 00 00 00 00 00 00 00 00 00 00 00
00 00 00 00 00 00 00 00 00 00 04 51 e2 fd fd fd e4 2c 32 07 00 00 00 00 00 00 00 00
00 00 00 00 00 00 00 00 00 00 95 fd fd d7 6f cc fd fd fd ad 00 00 00 00 00 00 00 00
00 00 00 00 00 00 00 00 00 79 f4 fd a3 0e 00 09 d4 fd fd ad 00 00 00 00 00 00 00 00
00 00 00 00 00 00 00 00 52 f6 fd c4 13 00 00 00 b7 fd fd 90 00 00 00 00 00 00 00 00
00 00 00 00 00 00 00 13 f6 fd c6 11 00 00 01 75 fa fd fd 4a 00 00 00 00 00 00 00 00
00 00 00 00 00 00 00 5d fd fd 45 00 00 00 4e fd fd fd fd 4a 00 00 00 00 00 00 00 00
00 00 00 00 00 00 00 87 fd e1 04 00 00 3f f5 fd de fd fa 3f 00 00 00 00 00 00 00 00
00 00 00 00 00 00 00 db fd df 00 0f 84 e5 fc 87 19 fd e4 00 00 00 00 00 00 00 00 00
00 00 00 00 00 00 00 7a fd fd f9 fa fd cc 3f 00 0f fd e4 00 00 00 00 00 00 00 00 00
00 00 00 00 00 00 00 28 fd fd fd fd d4 16 00 00 0f fd ef 1f 00 00 00 00 00 00 00 00
00 00 00 00 00 00 00 08 5e b8 c1 8a 16 00 00 00 10 fd fe 4a 00 00 00 00 00 00 00 00
00 00 00 00 00 00 00 00 00 00 00 00 00 00 00 00 0f fd fd 4a 00 00 00 00 00 00 00 00
00 00 00 00 00 00 00 00 00 00 00 00 00 00 00 00 0b e6 fd 66 00 00 00 00 00 00 00 00
00 00 00 00 00 00 00 00 00 00 00 00 00 00 00 00 00 a9 fe ad 00 00 00 00 00 00 00 00
00 00 00 00 00 00 00 00 00 00 00 00 00 00 00 00 00 a9 fd ad 00 00 00 00 00 00 00 00
00 00 00 00 00 00 00 00 00 00 00 00 00 00 00 00 00 4e fe f8 20 00 00 00 00 00 00 00
00 00 00 00 00 00 00 00 00 00 00 00 00 00 00 00 00 12 e8 fd 78 00 00 00 00 00 00 00
00 00 00 00 00 00 00 00 00 00 00 00 00 00 00 00 00 00 80 fd d7 00 00 00 00 00 00 00
00 00 00 00 00 00 00 00 00 00 00 00 00 00 00 00 00 00 25 b9 b3 00 00 00 00 00 00 00
00 00 00 00 00 00 00 00 00 00 00 00 00 00 00 00 00 00 00 00 00 00 00 00 00 00 00 00
00 00 00 00 00 00 00 00 00 00 00 00 00 00 00 00 00 00 00 00 00 00 00 00 00 00 00 00
