00 00 00 00 00 00 00 00 00 00 00 00 00 00 00 00 00 00 00 00 00 00 00 00 00 00 00 00
00 00 00 00 00 00 00 00 00 00 00 00 00 00 00 00 00 00 00 00 00 00 00 00 00 00 00 00
00 00 00 00 00 00 00 00 00 00 00 00 00 00 00 00 00 00 00 00 00 00 00 00 00 00 00 00
00 00 00 00 00 00 00 00 00 00 00 00 00 00 00 00 00 00 00 00 00 00 00 00 00 00 00 00
00 00 00 00 00 00 00 00 00 00 00 00 00 00 00 00 00 00 00 00 00 00 00 00 00 00 00 00
00 00 00 00 00 00 00 00 00 00 00 00 00 00 00 00 00 00 00 00 00 9a fd 38 00 00 00 00
00 00 00 00 00 00 00 00 00 00 00 00 00 00 00 00 00 00 00 13 6b f7 ab 13 00 00 00 00
00 00 00 00 00 00 00 00 00 00 00 00 00 00 00 00 00 00 00 55 fc ee 26 00 00 00 00 00
00 00 00 00 00 00 00 00 00 00 00 00 97 00 00 00 00 00 1a d2 fc 7d 00 00 00 00 00 00
00 00 00 00 00 00 00 00 00 00 00 93 fd bc 26 00 00 00 39 fd fd 00 00 00 00 00 00 00
00 00 00 00 00 00 00 00 00 00 72 ea fc 96 00 00 00 0d a9 fc ca 00 00 00 00 00 00 00
00 00 00 00 00 00 00 00 00 93 ea fc a4 19 00 00 00 0d ce fc 73 00 00 00 00 00 00 00
00 00 00 00 00 00 00 59 a3 fd e3 67 0f 00 00 00 00 4c f3 d6 1c 00 00 00 00 00 00 00
00 00 00 00 00 00 07 9a fd ff 86 0a 1d 1d 16 17 1d cc fd b2 04 00 00 00 00 00 00 00
00 00 00 00 00 00 52 fc fc fd c4 c5 fc fd ea ea fc fd fc aa 09 00 00 00 00 00 00 00
00 00 00 00 00 00 3f c4 fc fd fc fc fc fd e9 ea fc fd e9 58 00 00 00 00 00 00 00 00
00 00 00 00 00 00 00 0a 1c 5b 8b 8b 8b 1c 16 61 fc f1 3b 00 00 00 00 00 00 00 00 00
00 00 00 00 00 00 00 00 00 00 00 00 00 00 07 cc fd 97 00 00 00 00 00 00 00 00 00 00
00 00 00 00 00 00 00 00 00 00 00 00 00 07 96 fc ca 00 00 00 00 00 00 00 00 00 00 00
00 00 00 00 00 00 00 00 00 00 00 00 00 42 fc e0 13 00 00 00 00 00 00 00 00 00 00 00
00 00 00 00 00 00 00 00 00 00 00 00 00 f1 fc 76 00 00 00 00 00 00 00 00 00 00 00 00
00 00 00 00 00 00 00 00 00 00 00 00 b0 fe 54 00 00 00 00 00 00 00 00 00 00 00 00 00
00 00 00 00 00 00 00 00 00 00 00 6c f3 9f 1c 00 00 00 00 00 00 00 00 00 00 00 00 00
00 00 00 00 00 00 00 00 00 00 1a c5 ca 19 00 00 00 00 00 00 00 00 00 00 00 00 00 00
00 00 00 00 00 00 00 00 00 00 65 d1 5a 00 00 00 00 00 00 00 00 00 00 00 00 00 00 00
00 00 00 00 00 00 00 00 00 00 00 00 00 00 00 00 00 00 00 00 00 00 00 00 00 00 00 00
00 00 00 00 00 00 00 00 00 00 00 00 00 00 00 00 00 00 00 00 00 00 00 00 00 00 00 00
00 00 00 00 00 00 00 00 00 00 00 00 00 00 00 00 00 00 00 00 00 00 00 00 00 00 00 00
