00 00 00 00 00 00 00 00 00 00 00 00 00 00 00 00 00 00 00 00 00 00 00 00 00 00 00 00
00 00 00 00 00 00 00 00 00 00 00 00 00 00 00 00 00 00 00 00 00 00 00 00 00 00 00 00
00 00 00 00 00 00 00 00 00 00 00 00 00 00 00 00 00 00 00 00 00 00 00 00 00 00 00 00
00 00 00 00 00 00 00 00 00 00 00 00 00 00 00 00 00 00 00 00 00 00 00 00 00 00 00 00
00 00 00 00 00 00 00 00 00 00 00 00 00 00 00 00 00 00 00 00 00 00 00 00 00 00 00 00
00 00 00 00 00 00 00 00 00 00 00 00 00 00 00 00 00 00 00 00 00 00 00 00 00 00 00 00
00 00 00 00 00 00 00 00 00 00 00 00 00 00 00 00 00 00 00 00 00 00 00 00 00 00 00 00
00 00 00 00 00 00 00 00 00 00 00 00 00 4b c0 c0 8b 8b 57 00 00 00 00 00 00 00 00 00
00 00 00 00 00 00 00 00 00 00 09 83 a2 f5 fe fd fd fd fd 60 00 00 00 00 00 00 00 00
00 00 00 00 00 00 00 00 00 27 9c fd fd fd ff f1 b8 f1 fd e7 00 00 00 00 00 00 00 00
00 00 00 00 00 00 00 00 2b ea fd fd a7 a1 63 25 00 26 eb e7 00 00 00 00 00 00 00 00
00 00 00 00 00 00 00 00 dd fe fd de 23 00 00 00 00 89 fb e7 00 00 00 00 00 00 00 00
00 00 00 00 00 00 00 5e fe fe 88 00 00 00 00 0f 8b fe fe e8 00 00 00 00 00 00 00 00
00 00 00 00 00 00 00 5d fd f6 3b 00 00 16 6f dc fd fd fd e7 00 00 00 00 00 00 00 00
00 00 00 00 00 00 00 5d fd fe bc 66 b9 d8 fe db cb fd fd 93 00 00 00 00 00 00 00 00
00 00 00 00 00 00 00 3b f5 fe fd fd fd fd cc 9f f1 fd fd 74 00 00 00 00 00 00 00 00
00 00 00 00 00 00 00 00 4a fe fd fd fd c8 3f 39 fd fd fd 3f 00 00 00 00 00 00 00 00
00 00 00 00 00 00 00 00 00 00 4b 55 00 00 00 2f fe fe 8a 00 00 00 00 00 00 00 00 00
00 00 00 00 00 00 00 00 00 00 00 00 00 00 00 79 fd fd 75 00 00 00 00 00 00 00 00 00
00 00 00 00 00 00 00 00 00 00 00 00 00 00 00 a2 fd fd 17 00 00 00 00 00 00 00 00 00
00 00 00 00 00 00 00 00 00 00 00 00 00 00 14 ed fd 87 04 00 00 00 00 00 00 00 00 00
00 00 00 00 00 00 00 00 00 00 00 00 00 00 81 fd fd 2e 00 00 00 00 00 00 00 00 00 00
00 00 00 00 00 00 00 00 00 00 00 00 00 00 8b fe d8 15 00 00 00 00 00 00 00 00 00 00
00 00 00 00 00 00 00 00 00 00 00 00 00 00 8b fd b8 00 00 00 00 00 00 00 00 00 00 00
00 00 00 00 00 00 00 00 00 00 00 00 00 00 8b fd 64 00 00 00 00 00 00 00 00 00 00 00
00 00 00 00 00 00 00 00 00 00 00 00 00 00 8b ad 0d 00 00 00 00 00 00 00 00 00 00 00
00 00 00 00 00 00 00 00 00 00 00 00 00 00 8b 5c 00 00 00 00 00 00 00 00 00 00 00 00
00 00 00 00 00 00 00 00 00 00 00 00 00 00 00 00 00 00 00 00 00 00 00 00 00 00 00 00
