00 00 00 00 00 00 00 00 00 00 00 00 00 00 00 00 00 00 00 00 00 00 00 00 00 00 00 00
00 00 00 00 00 00 00 00 00 00 00 00 00 00 00 00 00 00 00 00 00 00 00 00 00 00 00 00
00 00 00 00 00 00 00 00 00 00 00 00 00 00 00 00 00 00 00 00 00 00 00 00 00 00 00 00
00 00 00 00 00 00 00 00 00 00 00 00 00 00 00 00 00 00 00 00 00 00 00 00 00 00 00 00
00 00 00 00 00 00 00 00 00 00 00 00 00 00 00 00 00 00 00 00 00 00 00 00 00 00 00 00
00 00 00 0c 63 5b 8e 9b f6 b6 9b 9b 9b 9b 83 34 00 00 00 00 00 00 00 00 00 00 00 00
00 00 00 8a fe fe fe fe fe fe fe fe fe fe fe fc d2 7a 21 00 00 00 00 00 00 00 00 00
00 00 00 dc fe fe fe eb bd bd bd bd 96 bd cd fe fe fe 4b 00 00 00 00 00 00 00 00 00
00 00 00 23 4a 23 23 19 00 00 00 00 00 00 0d e0 fe fe 99 00 00 00 00 00 00 00 00 00
00 00 00 00 00 00 00 00 00 00 00 00 00 00 5a fe fe f7 35 00 00 00 00 00 00 00 00 00
00 00 00 00 00 00 00 00 00 00 00 00 06 98 f6 fe fe 31 00 00 00 00 00 00 00 00 00 00
00 00 00 00 00 00 00 00 00 00 00 42 9e fe fe f9 67 08 00 00 00 00 00 00 00 00 00 00
00 00 00 00 00 00 00 00 00 00 36 fb fe fe fe f8 4a 05 00 00 00 00 00 00 00 00 00 00
00 00 00 00 00 00 00 00 00 00 8c fe fe fe fe fe fe ca 7d 2d 00 00 00 00 00 00 00 00
00 00 00 00 00 00 00 00 00 00 3a b5 ea fe fe fe fe fe fe fc 8c 16 00 00 00 00 00 00
00 00 00 00 00 00 00 00 00 00 00 00 1e 32 49 9b fd fe fe fe fe bf 02 00 00 00 00 00
00 00 00 00 00 00 00 00 00 00 00 00 00 00 00 00 5b c8 fe fe fe fe 76 00 00 00 00 00
00 00 00 00 00 00 00 00 00 00 00 00 00 00 00 00 00 04 c0 fe fe fe 9a 00 00 00 00 00
00 00 00 00 00 00 00 00 00 00 00 00 00 00 00 00 00 00 8d fe fe fe 74 00 00 00 00 00
00 00 00 00 00 00 00 00 19 7e 56 00 00 00 00 00 00 03 bc fe fe fa 3d 00 00 00 00 00
00 00 00 00 00 00 00 18 d1 fe 0f 00 00 00 00 00 17 89 fe fe fe d1 00 00 00 00 00 00
00 00 00 00 00 00 00 a8 fe fe 30 09 00 00 09 7f f1 fe fe ff f2 3f 00 00 00 00 00 00
00 00 00 00 00 00 00 65 fe fe fe cd be be cd fe fe fe fe f2 43 00 00 00 00 00 00 00
00 00 00 00 00 00 00 21 a6 fe fe fe fe fe fe fe fe fa 8a 37 00 00 00 00 00 00 00 00
00 00 00 00 00 00 00 00 07 58 9a 74 c2 c2 9a 9a 58 31 00 00 00 00 00 00 00 00 00 00
00 00 00 00 00 00 00 00 00 00 00 00 00 00 00 00 00 00 00 00 00 00 00 00 00 00 00 00
00 00 00 00 00 00 00 00 00 00 00 00 00 00 00 00 00 00 00 00 00 00 00 00 00 00 00 00
00 00 00 00 00 00 00 00 00 00 00 00 00 00 00 00 00 00 00 00 00 00 00 00 00 00 00 00
