00 00 00 00 00 00 00 00 00 00 00 00 00 00 00 00 00 00 00 00 00 00 00 00 00 00 00 00
00 00 00 00 00 00 00 00 00 00 00 00 00 00 00 00 00 00 00 00 00 00 00 00 00 00 00 00
00 00 00 00 00 00 00 00 00 00 00 00 00 00 00 00 00 00 00 00 00 00 00 00 00 00 00 00
00 00 00 00 00 00 00 00 00 00 00 00 00 00 00 00 00 00 00 00 00 00 00 00 00 00 00 00
00 00 00 00 00 00 00 00 00 00 00 00 00 00 00 00 00 00 00 34 f1 56 00 00 00 00 00 00
00 00 00 00 00 00 00 00 00 00 00 00 03 0d 0d 6c 89 89 89 ee fe 18 00 00 00 00 00 00
00 00 00 00 00 00 00 00 00 00 00 00 79 fe fe fe fe fe fe fe fe 67 02 00 00 00 00 00
00 00 00 00 00 00 00 00 00 00 17 95 de fe f8 e5 ed fe f6 b8 69 f1 12 00 00 00 00 00
00 00 00 00 00 00 00 00 00 00 73 fe f8 86 4b 00 5b fe 5b 00 00 5a 07 00 00 00 00 00
00 00 00 00 00 00 00 00 00 00 53 fe 8f 00 00 3f eb e0 25 00 00 00 00 00 00 00 00 00
00 00 00 00 00 00 00 00 00 00 26 fe ee 47 0b cc cd 11 00 00 00 00 00 00 00 00 00 00
00 00 00 00 00 00 00 00 00 00 1f ee fe ed c2 fe 9b 00 00 00 00 00 00 00 00 00 00 00
00 00 00 00 00 00 00 00 00 00 00 47 ed fe fe b2 10 00 00 00 00 00 00 00 00 00 00 00
00 00 00 00 00 00 00 00 00 00 00 00 ae fe fe cb 29 00 00 00 00 00 00 00 00 00 00 00
00 00 00 00 00 00 00 00 00 00 00 22 eb fe fe fe 95 00 00 00 00 00 00 00 00 00 00 00
00 00 00 00 00 00 00 00 00 00 0c a7 fe c9 c6 fe ee 4b 00 00 00 00 00 00 00 00 00 00
00 00 00 00 00 00 00 00 00 00 4e fe d6 0f 0c cd fe ef 23 00 00 00 00 00 00 00 00 00
00 00 00 00 00 00 00 00 00 1b ef fe a2 00 00 c1 fe fe 2b 00 00 00 00 00 00 00 00 00
00 00 00 00 00 00 00 00 00 8a fe ee 33 00 00 c1 fe e1 1b 00 00 00 00 00 00 00 00 00
00 00 00 00 00 00 00 00 0a c2 fe 65 00 00 00 c1 fe 7d 00 00 00 00 00 00 00 00 00 00
00 00 00 00 00 00 00 00 19 fe dc 09 00 00 6d f9 ba 05 00 00 00 00 00 00 00 00 00 00
00 00 00 00 00 00 00 00 8d fe d9 14 71 c9 fa fe 7d 00 00 00 00 00 00 00 00 00 00 00
00 00 00 00 00 00 00 12 fa fe fd f5 fe fe fe 83 03 00 00 00 00 00 00 00 00 00 00 00
00 00 00 00 00 00 00 01 5b ff ff ff ff a6 27 02 00 00 00 00 00 00 00 00 00 00 00 00
00 00 00 00 00 00 00 00 00 00 00 00 00 00 00 00 00 00 00 00 00 00 00 00 00 00 00 00
00 00 00 00 00 00 00 00 00 00 00 00 00 00 00 00 00 00 00 00 00 00 00 00 00 00 00 00
00 00 00 00 00 00 00 00 00 00 00 00 00 00 00 00 00 00 00 00 00 00 00 00 00 00 00 00
00 00 00 00 00 00 00 00 00 00 00 00 00 00 00 00 00 00 00 00 00 00 00 00 00 00 00 00
