00 00 00 00 00 00 00 00 00 00 00 00 00 00 00 00 00 00 00 00 00 00 00 00 00 00 00 00
00 00 00 00 00 00 00 00 00 00 00 00 00 00 00 00 00 00 00 00 00 00 00 00 00 00 00 00
00 00 00 00 00 00 00 00 00 00 00 00 00 00 00 00 00 00 00 00 00 00 00 00 00 00 00 00
00 00 00 00 00 00 00 00 00 00 00 00 00 00 00 17 4f c0 d8 d8 5b 00 00 00 00 00 00 00
00 00 00 00 00 00 00 00 00 00 00 00 00 00 0d d1 fc fd fc fc e3 00 00 00 00 00 00 00
00 00 00 00 00 00 00 00 00 00 00 00 26 93 d1 fc fc f4 a8 50 1f 00 00 00 00 00 00 00
00 00 00 00 00 00 00 00 00 00 00 26 af fd fc d6 8b 19 00 00 00 00 00 00 00 00 00 00
00 00 00 00 00 00 00 00 00 00 00 c6 fd ff d1 19 00 00 00 00 00 00 00 00 00 00 00 00
00 00 00 00 00 00 00 00 00 00 72 ea fc ea 1c 00 00 00 00 00 00 00 00 00 00 00 00 00
00 00 00 00 00 00 00 00 00 17 ea fc fc 64 00 00 00 00 00 00 00 00 00 00 00 00 00 00
00 00 00 00 00 00 00 00 00 1d fc fc 97 00 00 00 00 00 00 00 00 00 00 00 00 00 00 00
00 00 00 00 00 00 00 00 00 9a fd fd 80 00 00 00 00 00 00 00 00 00 00 00 00 00 00 00
00 00 00 00 00 00 00 00 00 fd fc e9 16 00 00 00 00 00 00 00 00 00 00 00 00 00 00 00
00 00 00 00 00 00 00 00 59 fd fc a8 00 00 00 00 00 00 00 00 00 00 00 00 00 00 00 00
00 00 00 00 00 00 00 00 71 fd fc a8 00 00 4c 71 71 33 00 00 00 00 00 00 00 00 00 00
00 00 00 00 00 00 00 00 72 fe fd d8 bf fe fd fd fd f2 8d 35 04 00 00 00 00 00 00 00
00 00 00 00 00 00 00 00 26 fd fc fc fc fd fc fc fc fd fc fc 67 00 00 00 00 00 00 00
00 00 00 00 00 00 00 00 00 fd fc fc d6 9c 38 38 6a b2 fc fc e4 00 00 00 00 00 00 00
00 00 00 00 00 00 00 00 00 99 fc fc 8b 00 00 00 00 04 4e fc fc 65 00 00 00 00 00 00
00 00 00 00 00 00 00 00 00 4c e7 fd fd 4c 00 00 00 04 80 fd fd 72 00 00 00 00 00 00
00 00 00 00 00 00 00 00 00 00 13 be fc f4 5e 39 39 b3 fc fc fc 58 00 00 00 00 00 00
00 00 00 00 00 00 00 00 00 00 00 13 c1 fd fc fc fc fd fc fc 7f 00 00 00 00 00 00 00
00 00 00 00 00 00 00 00 00 00 00 00 0d 99 fc fc fc fd b1 34 03 00 00 00 00 00 00 00
00 00 00 00 00 00 00 00 00 00 00 00 00 00 00 00 00 00 00 00 00 00 00 00 00 00 00 00
00 00 00 00 00 00 00 00 00 00 00 00 00 00 00 00 00 00 00 00 00 00 00 00 00 00 00 00
00 00 00 00 00 00 00 00 00 00 00 00 00 00 00 00 00 00 00 00 00 00 00 00 00 00 00 00
00 00 00 00 00 00 00 00 00 00 00 00 00 00 00 00 00 00 00 00 00 00 00 00 00 00 00 00
00 00 00 00 00 00 00 00 00 00 00 00 00 00 00 00 00 00 00 00 00 00 00 00 00 00 00 00
