00 00 00 00 00 00 00 00 00 00 00 00 00 00 00 00 00 00 00 00 00 00 00 00 00 00 00 00
00 00 00 00 00 00 00 00 00 00 00 00 00 00 00 00 00 00 00 00 00 00 00 00 00 00 00 00
00 00 00 00 00 00 00 00 00 00 00 00 00 00 00 00 00 00 00 00 00 00 00 00 00 00 00 00
00 00 00 00 00 00 00 00 00 00 00 00 00 00 00 00 00 00 00 00 00 00 00 00 00 00 00 00
00 00 00 00 00 00 00 00 00 00 00 00 00 00 00 00 00 00 00 00 00 00 00 00 00 00 00 00
00 00 00 00 00 00 00 00 00 00 00 00 00 00 00 00 00 00 00 00 00 00 08 82 ad ea 00 00
00 00 00 00 00 00 00 00 00 00 00 00 00 00 00 00 00 00 00 00 00 04 a2 fe e7 58 00 00
00 00 00 00 00 00 00 00 00 00 00 00 00 00 00 00 00 00 00 00 00 6b fe fe 54 00 00 00
00 00 00 00 00 00 00 00 00 00 00 00 00 00 00 00 00 00 00 00 6b d7 f4 9f 05 00 00 00
00 00 00 00 00 00 00 00 00 00 00 00 00 7f af 48 00 00 00 4f f5 fe 5a 00 00 00 00 00
00 00 00 00 00 00 00 00 00 00 00 00 00 f0 fe 75 00 00 0e f7 fe 68 02 00 00 00 00 00
00 00 00 00 00 00 00 00 00 00 00 16 b9 fb fe 3b 00 00 a1 fe a3 30 00 00 00 00 00 00
00 00 00 00 00 00 00 00 00 04 46 e9 fe e8 3d 01 11 80 fc f3 1f 00 00 00 00 00 00 00
00 00 00 00 00 00 00 00 00 3a fe fe fe 26 00 00 8e ff f9 4d 00 00 00 00 00 00 00 00
00 00 00 00 00 00 00 02 8d fc fe c5 47 01 00 6d fe f3 4b 00 00 00 00 00 00 00 00 00
00 00 00 00 00 00 04 85 fe fe b4 0f 00 00 02 c0 fe d8 10 02 00 00 00 00 00 00 00 00
00 00 00 00 00 00 b3 fe fe f7 a0 27 00 0a 85 fe fd 60 6c 41 00 00 00 00 00 00 00 00
00 00 00 00 00 00 f0 fc fe fe fe ea d7 de fe fe fe fe fb 43 00 00 00 00 00 00 00 00
00 00 00 00 00 00 00 46 55 ab b8 dc fe fe fe e3 c6 a1 50 00 00 00 00 00 00 00 00 00
00 00 00 00 00 00 00 00 00 00 00 2a fe fe 7a 12 06 00 00 00 00 00 00 00 00 00 00 00
00 00 00 00 00 00 00 00 00 00 00 ac fe e2 12 00 00 00 00 00 00 00 00 00 00 00 00 00
00 00 00 00 00 00 00 00 00 03 85 fd c3 16 00 00 00 00 00 00 00 00 00 00 00 00 00 00
00 00 00 00 00 00 00 00 00 60 fe c4 12 00 00 00 00 00 00 00 00 00 00 00 00 00 00 00
00 00 00 00 00 00 00 00 00 b1 f1 3f 00 00 00 00 00 00 00 00 00 00 00 00 00 00 00 00
00 00 00 00 00 00 00 00 00 37 8a 0a 00 00 00 00 00 00 00 00 00 00 00 00 00 00 00 00
00 00 00 00 00 00 00 00 00 00 00 00 00 00 00 00 00 00 00 00 00 00 00 00 00 00 00 00
00 00 00 00 00 00 00 00 00 00 00 00 00 00 00 00 00 00 00 00 00 00 00 00 00 00 00 00
00 00 00 00 00 00 00 00 00 00 00 00 00 00 00 00 00 00 00 00 00 00 00 00 00 00 00 00
