00 00 00 00 00 00 00 00 00 00 00 00 00 00 00 00 00 00 00 00 00 00 00 00 00 00 00 00
00 00 00 00 00 00 00 00 00 00 00 00 00 00 00 00 00 00 00 00 00 00 00 00 00 00 00 00
00 00 00 00 00 00 00 00 00 00 00 00 00 00 00 00 00 00 00 00 00 00 00 00 00 00 00 00
00 00 00 00 00 00 00 00 00 00 00 00 00 00 00 00 00 00 00 00 00 00 00 00 00 00 00 00
00 00 00 00 00 00 00 00 00 00 00 00 00 00 00 00 00 00 00 00 00 00 00 00 00 00 00 00
00 00 00 00 00 00 00 00 00 00 35 a4 d9 ff d4 7b 00 00 00 00 00 00 00 00 00 00 00 00
00 00 00 00 00 00 00 00 43 da fa fe fe fe fe fd ae 00 00 00 00 00 00 00 00 00 00 00
00 00 00 00 00 00 00 51 ef fc ae 35 5f 1a 56 fe f9 00 00 00 00 00 00 00 00 00 00 00
00 00 00 00 00 00 00 bc e6 3e 00 00 00 00 20 fe f9 00 00 00 00 00 00 00 00 00 00 00
00 00 00 00 00 00 00 27 50 00 00 00 00 00 20 fe f9 00 00 00 00 00 00 00 00 00 00 00
00 00 00 00 00 00 00 00 00 00 00 00 00 00 65 fe d6 00 00 00 00 00 00 00 00 00 00 00
00 00 00 00 00 00 00 00 00 00 00 00 00 1f f0 f8 4c 00 00 00 00 00 00 00 00 00 00 00
00 00 00 00 00 00 00 00 00 00 00 00 25 d0 fe b3 00 00 00 00 00 00 00 00 00 00 00 00
00 00 00 00 00 00 00 00 00 00 00 73 eb fe f3 59 3a 00 00 00 00 00 00 00 00 00 00 00
00 00 00 00 00 00 00 00 00 00 4b fd fe fe fe fe fd df 72 04 00 00 00 00 00 00 00 00
00 00 00 00 00 00 00 00 00 00 2d dd de cf af de df fe fe 90 05 00 00 00 00 00 00 00
00 00 00 00 00 00 00 00 00 00 00 00 00 00 00 00 02 56 f4 fe 2a 00 00 00 00 00 00 00
00 00 00 00 00 00 00 00 00 00 00 00 00 00 00 00 00 00 5c fe 7d 00 00 00 00 00 00 00
00 00 00 00 00 00 00 00 00 00 00 00 00 00 00 00 00 00 17 ef 7d 00 00 00 00 00 00 00
00 00 00 00 00 00 00 00 00 00 00 00 00 00 00 00 00 00 12 ee 7d 00 00 00 00 00 00 00
00 00 00 00 00 00 00 00 00 00 00 00 00 00 00 00 00 00 c7 fe 4a 00 00 00 00 00 00 00
00 00 00 00 00 00 00 00 00 00 00 41 45 00 00 00 01 80 fc f5 1e 00 00 00 00 00 00 00
00 00 00 00 00 00 00 00 00 00 00 f1 f3 be 75 7b ce fe f7 36 00 00 00 00 00 00 00 00
00 00 00 00 00 00 00 00 00 00 00 41 ed fe fe fe fe f9 53 00 00 00 00 00 00 00 00 00
00 00 00 00 00 00 00 00 00 00 00 00 12 7b c4 a4 a3 34 00 00 00 00 00 00 00 00 00 00
00 00 00 00 00 00 00 00 00 00 00 00 00 00 00 00 00 00 00 00 00 00 00 00 00 00 00 00
00 00 00 00 00 00 00 00 00 00 00 00 00 00 00 00 00 00 00 00 00 00 00 00 00 00 00 00
00 00 00 00 00 00 00 00 00 00 00 00 00 00 00 00 00 00 00 00 00 00 00 00 00 00 00 00
