00 00 00 00 00 00 00 00 00 00 00 00 00 00 00 00 00 00 00 00 00 00 00 00 00 00 00 00
00 00 00 00 00 00 00 00 00 00 00 00 00 00 00 00 00 00 00 00 00 00 00 00 00 00 00 00
00 00 00 00 00 00 00 00 00 00 00 00 00 00 00 00 00 00 00 00 00 00 00 00 00 00 00 00
00 00 00 00 00 00 00 00 00 00 00 00 00 00 00 00 00 00 00 00 00 00 00 00 00 00 00 00
00 00 00 00 00 00 00 00 00 00 00 00 00 73 79 e9 da 79 79 79 33 00 00 00 00 00 00 00
00 00 00 00 00 00 00 00 00 00 00 39 f1 fb fc fc fc fc fc fc ee 33 00 00 00 00 00 00
00 00 00 00 00 00 00 00 0f 5e ab f0 fd fc fc fc fc fc fc fc fc 77 00 00 00 00 00 00
00 00 00 00 00 00 00 00 29 fc fc fc fd da ac ac 88 27 b9 fc fc 77 00 00 00 00 00 00
00 00 00 00 00 00 00 00 1e b9 b9 b9 35 1f 00 00 00 0f c2 fc fc 77 00 00 00 00 00 00
00 00 00 00 00 00 00 00 00 00 00 00 00 00 00 00 32 c8 fc fc f9 5e 00 00 00 00 00 00
00 00 00 00 00 00 00 00 00 00 00 00 00 00 00 22 a6 fc fc e9 4b 00 00 00 00 00 00 00
00 00 00 00 00 00 00 00 00 00 00 00 00 0c 4d ee fc fc d4 53 00 00 00 00 00 00 00 00
00 00 00 00 00 00 00 00 00 00 08 0e 93 bf fc fc f8 d2 21 00 00 00 00 00 00 00 00 00
00 00 00 00 00 00 00 00 00 00 92 fc fd fc fc fc b9 00 00 00 00 00 00 00 00 00 00 00
00 00 00 00 00 00 00 00 00 00 93 fd ff fd fd fd da 5f 00 00 00 00 00 00 00 00 00 00
00 00 00 00 00 00 00 00 00 00 55 91 92 91 f1 fc fc f9 4c 00 00 00 00 00 00 00 00 00
00 00 00 00 00 00 00 00 00 00 00 00 00 00 49 ed fc fc 4f 00 00 00 00 00 00 00 00 00
00 00 00 00 00 00 00 00 00 00 00 00 00 00 00 d5 fc fc 4f 00 00 00 00 00 00 00 00 00
00 00 00 00 00 00 00 00 00 00 00 00 00 00 19 df fc fc 4f 00 00 00 00 00 00 00 00 00
00 00 00 00 1d 00 00 00 00 00 00 00 00 17 c5 fc fc fc 4f 00 00 00 00 00 00 00 00 00
00 00 14 a7 d7 83 1e 00 00 00 00 16 29 c8 fc fc f1 b8 19 00 00 00 00 00 00 00 00 00
00 00 79 fc fc fc e3 a0 a0 a0 a0 d0 fd fc fc e5 60 00 00 00 00 00 00 00 00 00 00 00
00 00 33 a1 fa fc fc fc fc fc fc fc fd ef bd 11 00 00 00 00 00 00 00 00 00 00 00 00
00 00 00 00 6b a1 fc fc fc fc fc fc 78 06 00 00 00 00 00 00 00 00 00 00 00 00 00 00
00 00 00 00 00 00 00 00 00 00 00 00 00 00 00 00 00 00 00 00 00 00 00 00 00 00 00 00
00 00 00 00 00 00 00 00 00 00 00 00 00 00 00 00 00 00 00 00 00 00 00 00 00 00 00 00
00 00 00 00 00 00 00 00 00 00 00 00 00 00 00 00 00 00 00 00 00 00 00 00 00 00 00 00
00 00 00 00 00 00 00 00 00 00 00 00 00 00 00 00 00 00 00 00 00 00 00 00 00 00 00 00
