00 00 00 00 00 00 00 00 00 00 00 00 00 00 00 00 00 00 00 00 00 00 00 00 00 00 00 00
00 00 00 00 00 00 00 00 00 00 00 00 00 00 00 00 00 00 00 00 00 00 00 00 00 00 00 00
00 00 00 00 00 00 00 00 00 00 00 00 00 00 00 00 00 00 00 00 00 00 00 00 00 00 00 00
00 00 00 00 00 00 00 00 00 00 00 00 00 00 00 00 00 00 00 00 00 00 00 00 00 00 00 00
00 00 00 00 00 00 00 00 00 00 00 00 00 00 00 00 00 00 00 00 00 00 00 00 00 00 00 00
00 00 00 00 00 00 00 00 2c c6 5b 0a 00 00 00 00 00 00 00 00 00 00 00 00 00 00 00 00
00 00 00 00 00 00 00 00 b1 fe fe fb b0 a4 5d 29 00 00 00 00 00 00 00 00 00 00 00 00
00 00 00 00 00 00 00 00 8c f8 fe fe fe fe fe fb cf a0 3f 00 00 00 00 00 00 00 00 00
00 00 00 00 00 00 00 00 00 3e 9d 63 63 ac f3 fe fe fe eb 12 00 00 00 00 00 00 00 00
00 00 00 00 00 00 00 00 00 00 00 00 00 00 0e 11 cf fe fe 41 00 00 00 00 00 00 00 00
00 00 00 00 00 00 00 00 00 00 00 00 00 00 1e 8f fa fe f9 31 00 00 00 00 00 00 00 00
00 00 00 00 00 00 00 00 00 00 00 00 0b 90 f2 fe fe e6 40 00 00 00 00 00 00 00 00 00
00 00 00 00 00 00 00 00 00 00 00 00 ab fe fe f7 a3 24 00 00 00 00 00 00 00 00 00 00
00 00 00 00 00 00 00 00 00 00 00 00 dd fe fe 46 00 00 00 00 00 00 00 00 00 00 00 00
00 00 00 00 00 00 00 00 00 00 00 00 9a f8 fe d4 5b 0a 00 00 00 00 00 00 00 00 00 00
00 00 00 00 00 00 00 00 00 00 00 00 00 33 ea fe fe b7 1e 00 00 00 00 00 00 00 00 00
00 00 00 00 00 00 00 00 00 00 00 00 00 00 60 db fe fe 74 09 00 00 00 00 00 00 00 00
00 00 00 00 00 00 00 00 00 00 00 00 00 00 00 2a cb fe fe 55 00 00 00 00 00 00 00 00
00 00 00 00 00 00 00 00 00 00 00 00 00 00 00 00 1a 86 fe ef 07 00 00 00 00 00 00 00
00 00 00 00 00 00 00 00 00 00 00 00 00 00 00 00 12 85 fe f6 3f 00 00 00 00 00 00 00
00 00 00 00 00 00 00 00 00 00 00 00 00 0f 3d 74 f2 fe fd 70 00 00 00 00 00 00 00 00
00 00 00 00 00 00 00 00 00 04 0e 5a ae f4 fe fe fe f9 84 00 00 00 00 00 00 00 00 00
00 00 00 00 00 00 00 00 70 c7 fe ff fe fe fe ef 78 29 00 00 00 00 00 00 00 00 00 00
00 00 00 00 00 00 00 50 f8 e6 f4 fb bf ce 7a 29 00 00 00 00 00 00 00 00 00 00 00 00
00 00 00 00 00 00 00 9c 66 00 2e 0a 00 00 00 00 00 00 00 00 00 00 00 00 00 00 00 00
00 00 00 00 00 00 00 00 00 00 00 00 00 00 00 00 00 00 00 00 00 00 00 00 00 00 00 00
00 00 00 00 00 00 00 00 00 00 00 00 00 00 00 00 00 00 00 00 00 00 00 00 00 00 00 00
00 00 00 00 00 00 00 00 00 00 00 00 00 00 00 00 00 00 00 00 00 00 00 00 00 00 00 00
