00 00 00 00 00 00 00 00 00 00 00 00 00 00 00 00 00 00 00 00 00 00 00 00 00 00 00 00
00 00 00 00 00 00 00 00 00 00 00 00 00 00 00 00 00 00 00 00 00 00 00 00 00 00 00 00
00 00 00 00 00 00 00 00 00 00 00 00 00 00 00 00 00 00 00 00 00 00 00 00 00 00 00 00
00 00 00 00 00 00 00 00 00 00 00 00 00 00 00 00 00 00 00 00 00 00 00 00 00 00 00 00
00 00 00 00 00 00 00 00 00 00 00 00 00 00 00 00 11 4f 96 ff e0 1d 00 00 00 00 00 00
00 00 00 00 00 00 00 00 00 00 00 00 00 09 24 87 f4 fd fd fd f4 2d 00 00 00 00 00 00
00 00 00 00 00 00 00 00 00 00 00 05 49 bf fd fd fd fd f7 c8 5e 00 00 00 00 00 00 00
00 00 00 00 00 00 00 00 00 00 00 39 fd fd fd fd de b1 39 00 00 00 00 00 00 00 00 00
00 00 00 00 00 00 00 00 00 00 66 e9 fd fd e2 79 1a 00 00 00 00 00 00 00 00 00 00 00
00 00 00 00 00 00 00 00 00 00 7d fd fd 91 14 00 00 00 00 00 00 00 00 00 00 00 00 00
00 00 00 00 00 00 00 00 00 00 09 c4 fd fb cf 51 01 00 00 00 00 00 00 00 00 00 00 00
00 00 00 00 00 00 00 00 00 00 00 16 e9 fd fd fd 64 0c 00 00 00 00 00 00 00 00 00 00
00 00 00 00 00 00 00 00 00 00 00 00 10 b0 f4 fd fd 90 12 00 00 00 00 00 00 00 00 00
00 00 00 00 00 00 00 00 00 00 00 00 00 00 71 fd fd fd c3 15 00 00 00 00 00 00 00 00
00 00 00 00 00 00 00 00 00 00 00 00 00 00 12 3b c8 fd fd d7 36 00 00 00 00 00 00 00
00 00 00 00 00 00 00 00 00 00 00 00 00 00 00 00 12 cd fd fd c2 14 00 00 00 00 00 00
00 00 00 00 00 00 00 55 d1 e7 e7 66 00 00 00 00 00 12 ce fd fd 69 00 00 00 00 00 00
00 00 00 00 00 00 a8 fc fd f8 b7 37 00 00 00 00 00 00 20 fd fd aa 00 00 00 00 00 00
00 00 00 00 00 00 ab fd fd d1 15 00 00 00 00 00 00 00 2c fd fd aa 00 00 00 00 00 00
00 00 00 00 00 00 55 f1 fd fd 98 15 00 00 00 00 00 1e d9 fd f1 54 00 00 00 00 00 00
00 00 00 00 00 00 00 56 f1 fd fd cb 42 14 14 42 42 d9 fd fd 67 00 00 00 00 00 00 00
00 00 00 00 00 00 00 00 55 f4 fd fd fd d9 d9 fd fd fd f4 5e 0f 00 00 00 00 00 00 00
00 00 00 00 00 00 00 00 00 1f 5f fd fd fd fd fd fd c9 50 00 00 00 00 00 00 00 00 00
00 00 00 00 00 00 00 00 00 00 01 1c 87 da d9 87 1c 09 00 00 00 00 00 00 00 00 00 00
00 00 00 00 00 00 00 00 00 00 00 00 00 00 00 00 00 00 00 00 00 00 00 00 00 00 00 00
00 00 00 00 00 00 00 00 00 00 00 00 00 00 00 00 00 00 00 00 00 00 00 00 00 00 00 00
00 00 00 00 00 00 00 00 00 00 00 00 00 00 00 00 00 00 00 00 00 00 00 00 00 00 00 00
00 00 00 00 00 00 00 00 00 00 00 00 00 00 00 00 00 00 00 00 00 00 00 00 00 00 00 00
