00 00 00 00 00 00 00 00 00 00 00 00 00 00 00 00 00 00 00 00 00 00 00 00 00 00 00 00
00 00 00 00 00 00 00 00 00 00 00 00 00 00 00 00 00 00 00 00 00 00 00 00 00 00 00 00
00 00 00 00 00 00 00 00 00 00 00 00 00 00 00 00 00 00 00 00 00 00 00 00 00 00 00 00
00 00 00 00 00 00 00 00 00 00 00 00 00 00 00 00 00 00 00 00 00 00 00 00 00 00 00 00
00 00 00 00 00 00 00 00 00 00 00 00 00 00 00 00 00 00 00 00 00 00 00 00 00 00 00 00
00 00 00 00 00 00 00 00 00 00 00 00 00 00 00 00 00 00 00 0b ca fd 45 00 00 00 00 00
00 00 00 00 00 00 00 00 00 00 00 00 00 00 00 00 00 00 11 c1 fd ca 19 00 00 00 00 00
00 00 00 00 00 00 00 00 00 00 00 00 00 00 00 00 00 00 b0 fc ec 19 00 00 00 00 00 00
00 00 00 00 00 00 00 00 00 00 00 00 00 00 00 00 00 00 cf fc bc 00 00 00 00 00 00 00
00 00 00 00 00 00 00 00 00 00 00 00 74 e6 15 00 00 40 f8 fc 3f 00 00 00 00 00 00 00
00 00 00 00 00 00 00 00 00 00 03 aa fd fd 80 00 05 bf fd 89 00 00 00 00 00 00 00 00
00 00 00 00 00 00 00 00 00 00 aa fc fc eb 12 00 2f fc fc 40 00 00 00 00 00 00 00 00
00 00 00 00 00 00 00 00 00 74 fd fc ca 2c 00 00 82 fc 99 06 00 00 00 00 00 00 00 00
00 00 00 00 00 00 00 00 4c f8 fd eb 40 00 00 3e ec fc 2d 00 00 00 00 00 00 00 00 00
00 00 00 00 00 00 00 00 90 fc f3 3c 00 00 00 8a fc dd 19 6a dd 2a 00 00 00 00 00 00
00 00 00 00 00 00 00 20 e5 fd e9 18 18 18 18 ff fd de 8a f3 fc 54 00 00 00 00 00 00
00 00 00 00 00 00 00 00 cf fc fd fc fc fc fc fd fc fc fc fc e6 00 00 00 00 00 00 00
00 00 00 00 00 00 00 00 63 d7 fd fc fc fc fc fd fc fc e3 b7 3f 00 00 00 00 00 00 00
00 00 00 00 00 00 00 00 00 15 a1 a0 b9 fc fc fd c1 80 1d 00 00 00 00 00 00 00 00 00
00 00 00 00 00 00 00 00 00 00 00 00 26 e8 fc 80 08 00 00 00 00 00 00 00 00 00 00 00
00 00 00 00 00 00 00 00 00 00 00 00 51 fd f3 35 00 00 00 00 00 00 00 00 00 00 00 00
00 00 00 00 00 00 00 00 00 00 00 09 c5 fc 40 00 00 00 00 00 00 00 00 00 00 00 00 00
00 00 00 00 00 00 00 00 00 00 00 82 fc b9 06 00 00 00 00 00 00 00 00 00 00 00 00 00
00 00 00 00 00 00 00 00 00 00 09 c2 e3 32 00 00 00 00 00 00 00 00 00 00 00 00 00 00
00 00 00 00 00 00 00 00 00 00 18 fc 82 00 00 00 00 00 00 00 00 00 00 00 00 00 00 00
00 00 00 00 00 00 00 00 00 00 00 00 00 00 00 00 00 00 00 00 00 00 00 00 00 00 00 00
00 00 00 00 00 00 00 00 00 00 00 00 00 00 00 00 00 00 00 00 00 00 00 00 00 00 00 00
00 00 00 00 00 00 00 00 00 00 00 00 00 00 00 00 00 00 00 00 00 00 00 00 00 00 00 00
