00 00 00 00 00 00 00 00 00 00 00 00 00 00 00 00 00 00 00 00 00 00 00 00 00 00 00 00
00 00 00 00 00 00 00 00 00 00 00 00 00 00 00 00 00 00 00 00 00 00 00 00 00 00 00 00
00 00 00 00 00 00 00 00 00 00 00 00 00 00 00 00 00 00 00 00 00 00 00 00 00 00 00 00
00 00 00 00 00 00 00 00 00 00 00 00 00 00 00 00 00 00 00 00 00 00 00 00 00 00 00 00
00 00 00 00 00 00 00 00 00 00 00 00 00 00 00 00 00 00 00 00 00 00 00 00 00 00 00 00
00 00 00 00 00 00 00 00 00 00 00 00 00 00 00 00 00 00 00 00 00 00 00 00 00 00 00 00
00 00 00 00 00 00 00 00 00 00 00 00 00 0b 07 00 00 00 00 09 69 e7 fd 18 00 00 00 00
00 00 00 00 00 00 00 00 00 00 00 00 00 ab c9 46 00 00 00 7c fc fc c5 0a 00 00 00 00
00 00 00 00 00 00 00 00 00 00 00 00 4e f3 fc 68 00 00 07 bf fc f0 4c 00 00 00 00 00
00 00 00 00 00 00 00 00 00 00 00 50 f1 fc fc 00 00 00 81 fc fc 58 00 00 00 00 00 00
00 00 00 00 00 00 00 00 00 00 51 ef fc fc 88 00 00 1b e5 fc ab 0e 00 00 00 00 00 00
00 00 00 00 00 00 00 00 00 51 ee fc fc 86 03 00 07 9c fc ce 0e 00 00 00 00 00 00 00
00 00 00 00 00 00 00 0d 6c ef fc fc 85 05 00 05 9e fc ec 80 00 00 00 00 00 00 00 00
00 00 00 00 00 00 38 b0 fc fc e0 3a 05 00 00 a2 fc ee 45 00 00 00 00 00 00 00 00 00
00 00 00 00 00 00 91 fc fc fc d3 6d 6d 0a 35 fd fc a4 00 1b 4e 00 00 00 00 00 00 00
00 00 00 00 00 00 1e fc fc fc fc fc fc f2 f6 fd fc f5 a0 98 f9 c9 4b 00 00 00 00 00
00 00 00 00 00 00 00 4c 79 95 f1 f7 fc fd fd ff fd fd fd fd fd f3 5c 00 00 00 00 00
00 00 00 00 00 00 00 00 00 00 00 34 5d ef fc f1 9f 6c 6c 6c 6c 15 00 00 00 00 00 00
00 00 00 00 00 00 00 00 00 00 00 00 3d f3 fc 79 00 00 00 00 00 00 00 00 00 00 00 00
00 00 00 00 00 00 00 00 00 00 00 11 b8 fc ce 28 00 00 00 00 00 00 00 00 00 00 00 00
00 00 00 00 00 00 00 00 00 00 35 cd fc ae 04 00 00 00 00 00 00 00 00 00 00 00 00 00
00 00 00 00 00 00 00 00 00 12 b6 fc be 2d 00 00 00 00 00 00 00 00 00 00 00 00 00 00
00 00 00 00 00 00 00 00 00 77 fc fc 24 00 00 00 00 00 00 00 00 00 00 00 00 00 00 00
00 00 00 00 00 00 00 00 00 a4 fc ad 16 00 00 00 00 00 00 00 00 00 00 00 00 00 00 00
00 00 00 00 00 00 00 00 60 f6 dd 1b 00 00 00 00 00 00 00 00 00 00 00 00 00 00 00 00
00 00 00 00 00 00 00 00 a9 df 25 00 00 00 00 00 00 00 00 00 00 00 00 00 00 00 00 00
00 00 00 00 00 00 00 00 00 00 00 00 00 00 00 00 00 00 00 00 00 00 00 00 00 00 00 00
00 00 00 00 00 00 00 00 00 00 00 00 00 00 00 00 00 00 00 00 00 00 00 00 00 00 00 00
