00 00 00 00 00 00 00 00 00 00 00 00 00 00 00 00 00 00 00 00 00 00 00 00 00 00 00 00
00 00 00 00 00 00 00 00 00 00 00 00 00 00 00 00 00 00 00 00 00 00 00 00 00 00 00 00
00 00 00 00 00 00 00 00 00 00 00 00 00 00 00 00 00 00 00 00 00 00 00 00 00 00 00 00
00 00 00 00 00 00 00 00 00 00 00 00 00 00 00 00 00 00 00 00 00 00 00 00 00 00 00 00
00 00 00 00 00 00 00 00 00 00 00 00 00 00 00 00 00 00 00 00 00 00 00 00 00 00 00 00
00 00 00 00 00 00 00 00 00 00 00 00 00 00 00 00 00 00 00 00 00 00 00 00 00 00 00 00
00 00 00 00 00 00 00 00 00 00 00 00 00 00 00 00 00 00 00 00 00 00 00 00 00 00 00 00
00 00 00 00 00 00 00 00 00 00 00 00 00 15 87 ff bd 6a 0d 00 00 00 00 00 00 00 00 00
00 00 00 00 00 00 00 00 00 00 00 00 15 a6 fe fe fe fe b8 0a 00 00 00 00 00 00 00 00
00 00 00 00 00 00 00 00 00 00 00 36 c9 fe ec a7 fe fe fe 56 00 00 00 00 00 00 00 00
00 00 00 00 00 00 00 00 00 00 00 cf f9 a5 09 01 16 f0 fe 56 00 00 00 00 00 00 00 00
00 00 00 00 00 00 00 00 00 00 78 fc 8f 00 00 1a c5 fe f5 0d 00 00 00 00 00 00 00 00
00 00 00 00 00 00 00 00 00 00 b6 fe 73 57 8d f0 fe fe af 00 00 00 00 00 00 00 00 00
00 00 00 00 00 00 00 00 00 00 a2 fe fe fe fe e9 fe fe b8 00 00 00 00 00 00 00 00 00
00 00 00 00 00 00 00 00 00 00 0f 9b bf 8a 79 2e fe fa 41 00 00 00 00 00 00 00 00 00
00 00 00 00 00 00 00 00 00 00 00 00 00 00 00 8d fe b3 00 00 00 00 00 00 00 00 00 00
00 00 00 00 00 00 00 00 00 00 00 00 00 00 2e fb fe 18 00 00 00 00 00 00 00 00 00 00
00 00 00 00 00 00 00 00 00 00 00 00 00 00 36 fe f9 12 00 00 00 00 00 00 00 00 00 00
00 00 00 00 00 00 00 00 00 00 00 00 00 00 ad fe b1 00 00 00 00 00 00 00 00 00 00 00
00 00 00 00 00 00 00 00 00 00 00 00 00 4c fd f6 2c 00 00 00 00 00 00 00 00 00 00 00
00 00 00 00 00 00 00 00 00 00 00 00 00 7a fe c7 00 00 00 00 00 00 00 00 00 00 00 00
00 00 00 00 00 00 00 00 00 00 00 00 0d e4 fe 75 00 00 00 00 00 00 00 00 00 00 00 00
00 00 00 00 00 00 00 00 00 00 00 00 6b fe d2 05 00 00 00 00 00 00 00 00 00 00 00 00
00 00 00 00 00 00 00 00 00 00 00 00 99 fe cc 00 00 00 00 00 00 00 00 00 00 00 00 00
00 00 00 00 00 00 00 00 00 00 00 3c ee c9 28 00 00 00 00 00 00 00 00 00 00 00 00 00
00 00 00 00 00 00 00 00 00 00 00 a1 fe 9f 00 00 00 00 00 00 00 00 00 00 00 00 00 00
00 00 00 00 00 00 00 00 00 00 21 f8 a6 13 00 00 00 00 00 00 00 00 00 00 00 00 00 00
00 00 00 00 00 00 00 00 00 00 00 00 00 00 00 00 00 00 00 00 00 00 00 00 00 00 00 00
