00 00 00 00 00 00 00 00 00 00 00 00 00 00 00 00 00 00 00 00 00 00 00 00 00 00 00 00
00 00 00 00 00 00 00 00 00 00 00 00 00 00 00 00 00 00 00 00 00 00 00 00 00 00 00 00
00 00 00 00 00 00 00 00 00 00 00 00 00 00 00 00 00 00 00 00 00 00 00 00 00 00 00 00
00 00 00 00 00 00 00 00 00 00 00 00 00 00 00 00 00 00 00 00 00 00 00 00 00 00 00 00
00 00 00 00 00 00 00 00 00 00 00 00 00 00 00 00 00 00 00 00 00 00 00 00 00 00 00 00
00 00 00 00 00 00 00 00 00 00 00 00 00 00 00 00 00 00 00 00 00 00 00 00 00 00 00 00
00 00 00 00 00 00 00 00 00 00 00 00 00 00 00 00 00 00 00 00 00 00 00 00 00 00 00 00
00 00 00 00 00 00 00 00 00 00 00 00 00 00 00 00 00 00 51 cd fe ae 00 00 00 00 00 00
00 00 00 00 00 00 00 00 00 00 00 00 00 00 00 19 76 cd fb fd fd f0 00 00 00 00 00 00
00 00 00 00 00 00 00 00 00 00 00 00 20 90 f1 f4 fd fd fd fd fd b7 00 00 00 00 00 00
00 00 00 00 00 00 00 00 00 00 59 91 f0 fd fd fd fd fd fd fd eb 08 00 00 00 00 00 00
00 00 00 00 00 00 00 00 26 91 f9 fd fd fd fd e9 ad fd fd fd 75 00 00 00 00 00 00 00
00 00 00 00 00 00 00 26 dd fd fd fd e3 a2 83 2c bc fd fd b7 0d 00 00 00 00 00 00 00
00 00 00 00 00 00 00 46 f5 b3 a8 80 1c 00 14 78 fd fd b6 0f 00 00 00 00 00 00 00 00
00 00 00 00 00 00 00 00 29 06 00 00 00 00 64 fd fd dd 10 00 00 00 00 00 00 00 00 00
00 00 00 00 00 00 00 00 00 00 00 00 00 5a f0 fd b4 2c 00 00 00 00 00 00 00 00 00 00
00 00 00 00 00 00 00 00 00 00 00 00 13 d2 fd f0 3a 00 00 00 00 00 00 00 00 00 00 00
00 00 00 00 00 00 00 00 00 00 00 13 b5 fd d1 58 00 00 00 00 00 00 00 00 00 00 00 00
00 00 00 00 00 00 00 00 00 00 00 6a fd f0 33 00 00 00 00 00 00 00 00 00 00 00 00 00
00 00 00 00 00 00 00 00 00 00 53 f0 fd 62 00 00 00 00 00 00 00 00 00 00 00 00 00 00
00 00 00 00 00 00 00 00 00 52 f1 f1 b1 13 00 00 00 00 00 00 00 00 00 00 00 00 00 00
00 00 00 00 00 00 00 00 40 f2 fd af 00 00 00 00 00 00 00 00 00 00 00 00 00 00 00 00
00 00 00 00 00 00 00 00 b2 fd e7 5a 00 00 00 00 00 00 00 00 00 00 00 00 00 00 00 00
00 00 00 00 00 00 00 49 f3 f6 23 00 00 00 00 00 00 00 00 00 00 00 00 00 00 00 00 00
00 00 00 00 00 00 06 ec f8 57 00 00 00 00 00 00 00 00 00 00 00 00 00 00 00 00 00 00
00 00 00 00 00 04 b6 f7 55 00 00 00 00 00 00 00 00 00 00 00 00 00 00 00 00 00 00 00
00 00 00 00 00 76 fd 13 00 00 00 00 00 00 00 00 00 00 00 00 00 00 00 00 00 00 00 00
00 00 00 00 00 00 00 00 00 00 00 00 00 00 00 00 00 00 00 00 00 00 00 00 00 00 00 00
