00 00 00 00 00 00 00 00 00 00 00 00 00 00 00 00 00 00 00 00 00 00 00 00 00 00 00 00
00 00 00 00 00 00 00 00 00 00 00 00 00 00 00 00 00 00 00 00 00 00 00 00 00 00 00 00
00 00 00 00 00 00 00 00 00 00 00 00 00 00 00 00 00 00 00 00 00 00 00 00 00 00 00 00
00 00 00 00 00 00 00 00 00 00 00 00 00 00 00 00 00 00 00 00 00 00 00 00 00 00 00 00
00 00 00 00 00 00 00 00 00 00 00 00 00 00 00 00 00 00 00 00 00 00 00 00 00 00 00 00
00 00 00 00 00 00 00 00 00 00 00 00 00 00 00 00 00 00 00 00 00 00 00 00 00 00 00 00
00 00 00 00 00 00 00 00 00 00 00 00 00 00 00 00 00 00 00 00 00 00 00 00 00 00 00 00
00 00 00 00 00 00 00 00 00 00 00 00 00 00 00 00 00 00 00 00 00 2f 41 65 a4 7e 00 00
00 00 00 00 00 00 00 00 00 00 00 00 00 00 00 00 00 0d 42 93 db f4 fd fd fd f6 00 00
00 00 00 00 00 00 00 00 00 00 00 00 00 00 3a ad ae e0 fd fd fd fd b8 8f 4f 30 00 00
00 00 00 00 00 00 00 00 00 00 00 04 67 b9 f8 fd f1 df da 7c 24 18 02 00 00 00 00 00
00 00 00 00 00 00 00 04 95 89 1b 1e fd f0 a8 47 29 00 00 00 00 00 00 00 00 00 00 00
00 00 00 00 00 00 00 0b fd fd 9d 0e 72 12 00 00 00 00 00 00 00 00 00 00 00 00 00 00
00 00 00 00 00 00 00 0b fd fd 90 54 00 00 00 00 00 00 00 00 00 00 00 00 00 00 00 00
00 00 00 00 00 00 00 05 a8 f7 fd fd d8 5f 0c 00 00 00 00 00 00 00 00 00 00 00 00 00
00 00 00 00 00 00 00 00 00 62 f8 f9 fd fd d8 2f 00 00 00 00 00 00 00 00 00 00 00 00
00 00 00 00 00 00 00 00 00 00 00 0c 80 e3 fd eb 37 00 00 00 00 00 00 00 00 00 00 00
00 00 00 00 00 00 1f 42 00 00 00 00 00 16 cc fd 94 00 00 00 00 00 00 00 00 00 00 00
00 00 00 00 00 00 dd 8f 00 00 00 00 00 37 ea fd 53 00 00 00 00 00 00 00 00 00 00 00
00 00 00 00 00 00 fe c2 1a 1a 12 17 62 eb fd a0 06 00 00 00 00 00 00 00 00 00 00 00
00 00 00 00 00 00 98 fd fd fd e8 f7 fd fd c0 20 00 00 00 00 00 00 00 00 00 00 00 00
00 00 00 00 00 00 05 6a f1 fd fd ec da 6d 05 00 00 00 00 00 00 00 00 00 00 00 00 00
00 00 00 00 00 00 00 00 2a 40 40 20 00 00 00 00 00 00 00 00 00 00 00 00 00 00 00 00
00 00 00 00 00 00 00 00 00 00 00 00 00 00 00 00 00 00 00 00 00 00 00 00 00 00 00 00
00 00 00 00 00 00 00 00 00 00 00 00 00 00 00 00 00 00 00 00 00 00 00 00 00 00 00 00
00 00 00 00 00 00 00 00 00 00 00 00 00 00 00 00 00 00 00 00 00 00 00 00 00 00 00 00
00 00 00 00 00 00 00 00 00 00 00 00 00 00 00 00 00 00 00 00 00 00 00 00 00 00 00 00
00 00 00 00 00 00 00 00 00 00 00 00 00 00 00 00 00 00 00 00 00 00 00 00 00 00 00 00
