00 00 00 00 00 00 00 00 00 00 00 00 00 00 00 00 00 00 00 00 00 00 00 00 00 00 00 00
00 00 00 00 00 00 00 00 00 00 00 00 00 00 00 00 00 00 00 00 00 00 00 00 00 00 00 00
00 00 00 00 00 00 00 00 00 00 00 00 00 00 00 00 00 00 00 00 00 00 00 00 00 00 00 00
00 00 00 00 00 00 00 00 00 00 00 00 00 00 00 00 00 00 00 00 00 00 00 00 00 00 00 00
00 00 00 00 00 00 00 00 00 00 00 00 25 3f a0 ff fe fe 95 3d 00 00 00 00 00 00 00 00
00 00 00 00 00 00 00 00 00 00 03 a7 f0 fe fe fe fe fe fe fc 82 03 00 00 00 00 00 00
00 00 00 00 00 00 00 00 00 00 81 fe fe fe fe a7 9d 84 a2 eb fe 3a 00 00 00 00 00 00
00 00 00 00 00 00 00 00 00 00 d8 fe dc 91 04 01 00 00 00 07 b4 78 00 00 00 00 00 00
00 00 00 00 00 00 00 00 00 00 d8 f5 17 00 00 00 00 00 00 00 0b 37 30 4e 8a 00 00 00
00 00 00 00 00 00 00 00 00 00 d8 86 00 00 00 00 00 00 00 00 19 66 d3 d1 c9 00 00 00
00 00 00 00 00 00 00 00 00 00 7c 5c 00 00 00 00 00 00 00 2e d7 fe fd c9 42 00 00 00
00 00 00 00 00 00 00 00 00 00 29 ce 04 00 00 00 02 73 d3 f5 fe b9 64 00 00 00 00 00
00 00 00 00 00 00 00 00 00 00 11 e7 4d 00 00 22 b6 fe fe db 6d 07 00 00 00 00 00 00
00 00 00 00 00 00 00 00 00 00 00 94 bb 2e 50 ee fe fe e3 30 00 00 00 00 00 00 00 00
00 00 00 00 00 00 00 00 00 00 00 00 cb ec fe fe f7 73 16 00 00 00 00 00 00 00 00 00
00 00 00 00 00 00 00 00 00 00 00 00 95 fe fe 9b 4d 00 00 00 00 00 00 00 00 00 00 00
00 00 00 00 00 00 00 00 00 00 00 65 ce fe fe a2 00 00 00 00 00 00 00 00 00 00 00 00
00 00 00 00 00 00 00 00 00 20 73 ef fe cd b3 e1 14 00 00 00 00 00 00 00 00 00 00 00
00 00 00 00 00 00 00 00 58 fc fe e5 a1 2f 18 f4 6f 00 00 00 00 00 00 00 00 00 00 00
00 00 00 00 00 00 00 29 f8 fe eb 46 00 19 ad fe 8f 00 00 00 00 00 00 00 00 00 00 00
00 00 00 00 00 00 31 e1 fe fe 3e 26 9d df fe ea 57 00 00 00 00 00 00 00 00 00 00 00
00 00 00 00 00 00 3f fe fe fe db fe fe fe fe b4 00 00 00 00 00 00 00 00 00 00 00 00
00 00 00 00 00 00 1f e0 fe fe fe fe fe e1 7a 0d 00 00 00 00 00 00 00 00 00 00 00 00
00 00 00 00 00 00 00 59 fe fe fe dd 66 0b 00 00 00 00 00 00 00 00 00 00 00 00 00 00
00 00 00 00 00 00 00 00 00 00 00 00 00 00 00 00 00 00 00 00 00 00 00 00 00 00 00 00
00 00 00 00 00 00 00 00 00 00 00 00 00 00 00 00 00 00 00 00 00 00 00 00 00 00 00 00
00 00 00 00 00 00 00 00 00 00 00 00 00 00 00 00 00 00 00 00 00 00 00 00 00 00 00 00
00 00 00 00 00 00 00 00 00 00 00 00 00 00 00 00 00 00 00 00 00 00 00 00 00 00 00 00
