00 00 00 00 00 00 00 00 00 00 00 00 00 00 00 00 00 00 00 00 00 00 00 00 00 00 00 00
00 00 00 00 00 00 00 00 00 00 00 00 00 00 00 00 00 00 00 00 00 00 00 00 00 00 00 00
00 00 00 00 00 00 00 00 00 00 00 00 00 00 00 00 00 00 00 00 00 00 00 00 00 00 00 00
00 00 00 00 00 00 00 00 00 00 00 00 00 00 00 00 00 00 00 00 00 00 00 00 00 00 00 00
00 00 00 00 00 00 00 00 00 00 00 00 00 00 00 00 00 00 00 00 00 00 00 00 00 00 00 00
00 00 00 00 00 00 00 00 00 00 3d e8 18 00 00 00 00 00 00 00 00 00 00 00 00 00 00 00
00 00 00 00 00 00 00 00 00 00 8e e7 18 00 00 00 00 00 00 00 08 00 00 00 00 00 00 00
00 00 00 00 00 00 00 00 00 1c eb eb 1b 00 00 00 00 00 00 58 89 00 00 00 00 00 00 00
00 00 00 00 00 00 00 00 00 37 fd c3 00 00 00 00 00 00 0d ed 67 00 00 00 00 00 00 00
00 00 00 00 00 00 00 00 00 ae fd 53 00 00 00 00 00 00 74 ed 24 00 00 00 00 00 00 00
00 00 00 00 00 00 00 00 31 f6 fe 00 00 00 00 00 00 14 fe c0 00 00 00 00 00 00 00 00
00 00 00 00 00 00 00 00 4f fd fd 00 00 00 00 00 05 96 fd 22 00 00 00 00 00 00 00 00
00 00 00 00 00 00 00 00 4f fd fd 00 00 00 00 00 3b fd c6 06 00 00 00 00 00 00 00 00
00 00 00 00 00 00 00 00 43 fa fd 44 00 00 00 00 a4 f2 2b 00 00 00 00 00 00 00 00 00
00 00 00 00 00 00 00 00 00 7a fd f0 44 00 00 4c fe c3 00 00 00 00 00 00 00 00 00 00
00 00 00 00 00 00 00 00 00 10 ad ff f6 7f 3b 86 ff 72 00 00 00 25 68 30 00 00 00 00
00 00 00 00 00 00 00 00 00 00 00 9e fa fd fd fd fe d5 76 76 76 c9 bf 0c 00 00 00 00
00 00 00 00 00 00 00 00 00 00 00 00 42 91 f7 fd fe fd fd fd fd cd 39 00 00 00 00 00
00 00 00 00 00 00 00 00 00 00 00 00 00 00 ea d7 75 6d 13 6e 29 08 00 00 00 00 00 00
00 00 00 00 00 00 00 00 00 00 00 00 00 3d f8 d7 00 00 00 00 00 00 00 00 00 00 00 00
00 00 00 00 00 00 00 00 00 00 00 00 00 4f f4 53 00 00 00 00 00 00 00 00 00 00 00 00
00 00 00 00 00 00 00 00 00 00 00 00 00 a1 d5 00 00 00 00 00 00 00 00 00 00 00 00 00
00 00 00 00 00 00 00 00 00 00 00 00 0e e5 b7 00 00 00 00 00 00 00 00 00 00 00 00 00
00 00 00 00 00 00 00 00 00 00 00 00 6f fd 75 00 00 00 00 00 00 00 00 00 00 00 00 00
00 00 00 00 00 00 00 00 00 00 00 00 76 fd 29 00 00 00 00 00 00 00 00 00 00 00 00 00
00 00 00 00 00 00 00 00 00 00 00 00 00 00 00 00 00 00 00 00 00 00 00 00 00 00 00 00
00 00 00 00 00 00 00 00 00 00 00 00 00 00 00 00 00 00 00 00 00 00 00 00 00 00 00 00
00 00 00 00 00 00 00 00 00 00 00 00 00 00 00 00 00 00 00 00 00 00 00 00 00 00 00 00
