00 00 00 00 00 00 00 00 00 00 00 00 00 00 00 00 00 00 00 00 00 00 00 00 00 00 00 00
00 00 00 00 00 00 00 00 00 00 00 00 00 00 00 00 00 00 00 00 00 00 00 00 00 00 00 00
00 00 00 00 00 00 00 00 00 00 00 00 00 00 00 00 00 00 00 00 00 00 00 00 00 00 00 00
00 00 00 00 00 00 00 00 00 00 00 00 00 00 00 00 00 00 00 00 00 00 00 00 00 00 00 00
00 00 00 00 00 00 00 00 00 00 00 00 00 00 00 00 00 00 00 00 00 00 00 00 00 00 00 00
00 00 00 00 00 00 00 00 00 00 00 00 00 30 ad fe bb 1a 00 00 00 00 00 00 00 00 00 00
00 00 00 00 00 00 00 00 00 00 00 00 6b fe ec bb de ed 26 00 00 00 00 00 00 00 00 00
00 00 00 00 00 00 00 00 00 00 00 41 f8 f1 42 00 2a fd 62 00 00 00 00 00 00 00 00 00
00 00 00 00 00 00 00 00 00 00 04 8d f4 3a 00 00 15 f6 fa 15 00 00 00 00 00 00 00 00
00 00 00 00 00 00 00 00 00 00 45 fd 77 00 00 00 00 a6 fd 16 00 00 00 00 00 00 00 00
00 00 00 00 00 00 00 00 00 00 9b fd 21 00 00 00 00 a6 fd 16 00 00 00 00 00 00 00 00
00 00 00 00 00 00 00 00 00 00 9b ba 05 00 00 00 01 aa d3 0b 00 00 00 00 00 00 00 00
00 00 00 00 00 00 00 00 00 00 80 af 0d 00 00 00 17 fd a5 00 00 00 00 00 00 00 00 00
00 00 00 00 00 00 00 00 00 00 00 00 00 00 00 00 39 fd 53 00 00 00 00 00 00 00 00 00
00 00 00 00 00 00 00 00 00 00 00 00 00 00 00 00 e5 fd 37 00 00 00 00 00 00 00 00 00
00 00 00 00 00 00 00 00 00 02 22 22 22 30 90 bb ff fe 51 12 00 00 00 00 00 00 00 00
00 00 00 00 00 00 00 0f 43 ab fd fd fd fe fd fd fd ef bb 31 00 00 00 00 00 00 00 00
00 00 00 00 00 00 6f dc fd fd ec 9a 9a 9a df fd eb 22 00 00 00 00 00 00 00 00 00 00
00 00 00 00 00 00 06 53 79 14 09 00 00 03 b8 fd 44 00 00 00 00 00 00 00 00 00 00 00
00 00 00 00 00 00 00 00 00 00 00 00 00 82 fd bc 04 00 00 00 00 00 00 00 00 00 00 00
00 00 00 00 00 00 00 00 00 00 00 00 27 fe fd 43 00 00 00 00 00 00 00 00 00 00 00 00
00 00 00 00 00 00 00 00 00 00 00 04 d5 fe 8b 04 00 00 00 00 00 00 00 00 00 00 00 00
00 00 00 00 00 00 00 00 00 00 00 4e fd ea 1e 00 00 00 00 00 00 00 00 00 00 00 00 00
00 00 00 00 00 00 00 00 00 00 00 70 fd 6a 00 00 00 00 00 00 00 00 00 00 00 00 00 00
00 00 00 00 00 00 00 00 00 00 00 5c cd 00 00 00 00 00 00 00 00 00 00 00 00 00 00 00
00 00 00 00 00 00 00 00 00 00 00 00 00 00 00 00 00 00 00 00 00 00 00 00 00 00 00 00
00 00 00 00 00 00 00 00 00 00 00 00 00 00 00 00 00 00 00 00 00 00 00 00 00 00 00 00
00 00 00 00 00 00 00 00 00 00 00 00 00 00 00 00 00 00 00 00 00 00 00 00 00 00 00 00
