00 00 00 00 00 00 00 00 00 00 00 00 00 00 00 00 00 00 00 00 00 00 00 00 00 00 00 00
00 00 00 00 00 00 00 00 00 00 00 00 00 00 00 00 00 00 00 00 00 00 00 00 00 00 00 00
00 00 00 00 00 00 00 00 00 00 00 00 00 00 00 00 00 00 00 00 00 00 00 00 00 00 00 00
00 00 00 00 00 00 00 00 00 00 00 00 00 00 00 00 00 00 00 00 00 00 00 00 00 00 00 00
00 00 00 00 00 00 00 00 00 00 00 00 00 00 00 00 00 00 00 00 00 00 00 00 00 00 00 00
00 00 00 00 00 00 00 00 00 65 90 fd fd ff fd fd fd fd ff 80 19 00 00 00 00 00 00 00
00 00 00 00 00 00 39 a3 e2 f9 fc fc fc fd fc fc fc fc fd fc 67 00 00 00 00 00 00 00
00 00 00 00 13 a6 ea fc fd fc fc d6 c3 c4 46 85 47 e3 fd fc c3 00 00 00 00 00 00 00
00 00 00 00 4c f6 fc fc e1 63 54 1c 00 00 00 00 00 8c fd fc c3 00 00 00 00 00 00 00
00 00 00 00 00 58 70 70 00 00 00 00 00 00 00 00 5f cb fd fc c3 00 00 00 00 00 00 00
00 00 00 00 00 00 00 00 00 00 00 00 00 00 00 78 fd fd ff d7 1f 00 00 00 00 00 00 00
00 00 00 00 00 00 00 00 00 00 00 00 00 26 d2 f6 fc fc d7 21 00 00 00 00 00 00 00 00
00 00 00 00 00 00 00 00 00 00 00 00 20 de fc fc fc ad 1f 00 00 00 00 00 00 00 00 00
00 00 00 00 00 00 00 00 00 1a 3c a9 d7 fd fc fc fc fc a9 22 00 00 00 00 00 00 00 00
00 00 00 00 00 00 00 00 3f f0 fc fc fc fd fc fc fc fc fd d6 1f 00 00 00 00 00 00 00
00 00 00 00 00 00 00 00 ff fd fd fd be 8d 5e 00 00 8d ff fd 38 00 00 00 00 00 00 00
00 00 00 00 00 00 00 00 5a a7 a7 4a 0c 00 00 00 00 5e fd fc b4 00 00 00 00 00 00 00
00 00 00 00 00 00 00 00 00 00 00 00 00 00 00 00 00 00 fd fc c3 00 00 00 00 00 00 00
00 00 00 00 00 00 00 00 00 00 00 00 00 00 00 00 00 00 fd fc c3 00 00 00 00 00 00 00
00 00 00 00 00 00 00 00 00 00 00 00 00 00 00 00 00 4f fd fc c3 00 00 00 00 00 00 00
00 00 00 00 00 00 00 00 00 00 00 00 00 00 00 00 00 8d ff fd c4 00 00 00 00 00 00 00
00 00 00 00 00 00 00 30 55 09 00 00 00 00 00 43 b2 f0 fd df 34 00 00 00 00 00 00 00
00 00 00 00 00 00 00 8c fd cb a5 39 87 c6 c5 f0 fc fc e4 34 00 00 00 00 00 00 00 00
00 00 00 00 00 00 00 2f ed fc fc fc fc fd fc fc f9 91 2f 00 00 00 00 00 00 00 00 00
00 00 00 00 00 00 00 00 32 ed fc fc fc fd fc dc 63 00 00 00 00 00 00 00 00 00 00 00
00 00 00 00 00 00 00 00 00 00 00 00 00 00 00 00 00 00 00 00 00 00 00 00 00 00 00 00
00 00 00 00 00 00 00 00 00 00 00 00 00 00 00 00 00 00 00 00 00 00 00 00 00 00 00 00
00 00 00 00 00 00 00 00 00 00 00 00 00 00 00 00 00 00 00 00 00 00 00 00 00 00 00 00
