00 00 00 00 00 00 00 00 00 00 00 00 00 00 00 00 00 00 00 00 00 00 00 00 00 00 00 00
00 00 00 00 00 00 00 00 00 00 00 00 00 00 00 00 00 00 00 00 00 00 00 00 00 00 00 00
00 00 00 00 00 00 00 00 00 00 00 00 00 00 00 00 00 00 00 00 00 00 00 00 00 00 00 00
00 00 00 00 00 00 00 00 00 00 00 00 00 00 00 00 00 00 00 00 00 00 00 00 00 00 00 00
00 00 00 00 00 00 00 00 00 00 00 00 00 00 4d 76 b8 fe ff 92 23 00 00 00 00 00 00 00
00 00 00 00 00 00 00 00 00 00 00 00 1b c5 f6 fd fd fd fd fd ef d7 00 00 00 00 00 00
00 00 00 00 00 00 00 00 00 00 00 1b c7 fd fd fb b1 d0 fd fd fd fa 62 00 00 00 00 00
00 00 00 00 00 00 00 00 00 00 00 a4 fd fd d9 77 00 19 3d d4 fd ed 1c 00 00 00 00 00
00 00 00 00 00 00 00 00 00 00 00 1d cb e4 4d 00 00 00 4b ec fd e8 00 00 00 00 00 00
00 00 00 00 00 00 00 00 00 00 00 00 1c 1c 00 00 00 3e f0 fd fb 91 00 00 00 00 00 00
00 00 00 00 00 00 00 00 00 00 00 00 00 00 00 00 00 ae fd fd d4 00 00 00 00 00 00 00
00 00 00 00 00 00 00 00 00 00 00 00 00 00 00 43 f8 fd fd fd 98 00 00 00 00 00 00 00
00 00 00 00 00 00 00 00 00 00 00 00 19 5a b3 f2 fd fd e0 38 08 00 00 00 00 00 00 00
00 00 00 00 00 00 00 00 00 24 cb ce db fd fd fd fd c5 29 00 00 00 00 00 00 00 00 00
00 00 00 00 00 00 00 00 00 82 fd fd fd fd fd fd fd fd 95 0b 00 00 00 00 00 00 00 00
00 00 00 00 00 00 00 00 00 75 e2 e2 e2 7d 59 5d fd fd fd 36 00 00 00 00 00 00 00 00
00 00 00 00 00 00 00 00 00 00 00 00 00 00 00 03 b3 fd fd 36 00 00 00 00 00 00 00 00
00 00 00 00 00 00 00 00 00 00 00 00 00 00 00 04 bb fd fd 36 00 00 00 00 00 00 00 00
00 00 00 00 00 00 00 00 00 00 00 00 00 00 00 07 fd fd fd 36 00 00 00 00 00 00 00 00
00 00 00 00 2d 00 00 00 00 00 00 00 00 10 62 dd fd fd b5 08 00 00 00 00 00 00 00 00
00 00 00 5d e5 9e 31 09 3f 3f 3f 3f ae d2 fd fd fd 8a 25 00 00 00 00 00 00 00 00 00
00 00 00 23 ef fd ed bd fd fd fd fd fd fd fd e2 4b 04 00 00 00 00 00 00 00 00 00 00
00 00 00 00 94 fd fd fd fd fd fd fd f8 e8 8f 29 00 00 00 00 00 00 00 00 00 00 00 00
00 00 00 00 2d 9c fd fd fd fd fd 82 55 00 00 00 00 00 00 00 00 00 00 00 00 00 00 00
00 00 00 00 00 00 00 00 00 00 00 00 00 00 00 00 00 00 00 00 00 00 00 00 00 00 00 00
00 00 00 00 00 00 00 00 00 00 00 00 00 00 00 00 00 00 00 00 00 00 00 00 00 00 00 00
00 00 00 00 00 00 00 00 00 00 00 00 00 00 00 00 00 00 00 00 00 00 00 00 00 00 00 00
00 00 00 00 00 00 00 00 00 00 00 00 00 00 00 00 00 00 00 00 00 00 00 00 00 00 00 00
