00 00 00 00 00 00 00 00 00 00 00 00 00 00 00 00 00 00 00 00 00 00 00 00 00 00 00 00
00 00 00 00 00 00 00 00 00 00 00 00 00 00 00 00 00 00 00 00 00 00 00 00 00 00 00 00
00 00 00 00 00 00 00 00 00 00 00 00 00 00 00 00 00 00 00 00 00 00 00 00 00 00 00 00
00 00 00 00 00 00 00 00 00 00 00 00 00 00 00 00 00 00 00 00 00 00 00 00 00 00 00 00
00 00 00 00 00 00 00 00 00 00 00 00 00 00 00 00 00 00 00 00 00 00 00 00 00 00 00 00
00 00 00 00 00 00 00 00 00 00 00 00 00 00 00 00 00 00 00 00 00 00 00 00 00 00 00 00
00 00 00 00 00 00 00 00 00 00 00 00 00 00 00 00 00 00 00 00 00 00 00 00 00 00 00 00
00 00 00 00 00 00 00 00 07 12 83 88 88 a4 ff f8 16 00 00 00 00 00 00 00 00 00 00 00
00 00 00 00 00 00 00 1b a7 fd fd fd d3 64 64 3f 00 00 00 1d 9a 68 00 00 00 00 00 00
00 00 00 00 00 00 0c cb fd fd c7 52 1f 00 00 00 00 35 7b bb fd 91 00 00 00 00 00 00
00 00 00 00 00 0a a4 fd e4 4e 03 00 00 00 00 1b b3 fc fd fd eb 26 00 00 00 00 00 00
00 00 00 00 00 24 fd fd 44 00 00 00 00 15 b4 e0 fd a6 a1 fd 93 00 00 00 00 00 00 00
00 00 00 00 00 24 fd fd 61 00 00 3c 7f e7 fd d5 5f 06 c0 d3 08 00 00 00 00 00 00 00
00 00 00 00 00 02 74 fc fa f3 f3 f9 fc dc 26 07 00 b7 fd cb 00 00 00 00 00 00 00 00
00 00 00 00 00 00 00 54 d0 e6 e6 a3 5e 00 00 00 00 f9 fb 50 00 00 00 00 00 00 00 00
00 00 00 00 00 00 00 00 00 00 00 00 00 00 00 00 13 f9 e0 00 00 00 00 00 00 00 00 00
00 00 00 00 00 00 00 00 00 00 00 00 00 00 00 00 8c fd 8d 00 00 00 00 00 00 00 00 00
00 00 00 00 00 00 00 00 00 00 00 00 00 00 00 1d ee fd 6a 00 00 00 00 00 00 00 00 00
00 00 00 00 00 00 00 00 00 00 00 00 00 00 00 5f fd f3 11 00 00 00 00 00 00 00 00 00
00 00 00 00 00 00 00 00 00 00 00 00 00 00 00 93 fd 85 00 00 00 00 00 00 00 00 00 00
00 00 00 00 00 00 00 00 00 00 00 00 00 00 4c fd fd 07 00 00 00 00 00 00 00 00 00 00
00 00 00 00 00 00 00 00 00 00 00 00 00 00 92 fd bb 02 00 00 00 00 00 00 00 00 00 00
00 00 00 00 00 00 00 00 00 00 00 00 00 0c ce fd 40 00 00 00 00 00 00 00 00 00 00 00
00 00 00 00 00 00 00 00 00 00 00 00 00 3c fd b9 07 00 00 00 00 00 00 00 00 00 00 00
00 00 00 00 00 00 00 00 00 00 00 00 00 3c fd 9e 25 02 00 00 00 00 00 00 00 00 00 00
00 00 00 00 00 00 00 00 00 00 00 00 00 3c fd f0 ea 05 00 00 00 00 00 00 00 00 00 00
00 00 00 00 00 00 00 00 00 00 00 00 00 04 a3 87 53 01 00 00 00 00 00 00 00 00 00 00
00 00 00 00 00 00 00 00 00 00 00 00 00 00 00 00 00 00 00 00 00 00 00 00 00 00 00 00
