00 00 00 00 00 00 00 00 00 00 00 00 00 00 00 00 00 00 00 00 00 00 00 00 00 00 00 00
00 00 00 00 00 00 00 00 00 00 00 00 00 00 00 00 00 00 00 00 00 00 00 00 00 00 00 00
00 00 00 00 00 00 00 00 00 00 00 00 00 00 00 00 00 47 fe 97 00 00 00 00 00 00 00 00
00 00 00 00 00 00 00 00 00 00 00 00 00 00 00 00 1a f5 fd 96 00 00 00 00 00 00 00 00
00 00 00 00 00 00 00 00 00 00 00 00 00 00 00 38 aa fd d8 1f 00 00 00 00 00 00 00 00
00 00 00 00 00 00 00 00 00 00 00 00 00 00 53 ed fd fc 66 00 00 00 00 00 00 00 00 00
00 00 00 00 00 00 00 00 00 00 00 00 00 3d ee fd f9 8a 00 00 00 00 00 00 00 00 00 00
00 00 00 00 00 00 00 00 00 00 00 00 06 ad fd fd da 00 00 00 00 00 00 00 00 00 00 00
00 00 00 00 00 00 00 00 00 00 00 00 b5 fd fd 9d 2b 00 00 00 00 00 00 00 00 00 00 00
00 00 00 00 00 00 00 00 00 00 00 00 f8 fd df 27 00 00 00 00 00 00 00 00 00 00 00 00
00 00 00 00 00 00 00 00 00 00 05 a0 fd fd 88 00 00 00 00 00 00 00 00 00 00 00 00 00
00 00 00 00 00 00 00 00 00 00 7f fd fd b4 09 00 00 02 45 45 45 0f 00 00 00 00 00 00
00 00 00 00 00 00 00 00 00 1a e2 fd fd 3f 00 24 40 bb fd fd fd 50 00 00 00 00 00 00
00 00 00 00 00 00 00 00 00 7d fd fd a6 0a 08 c1 fd fc e2 fc fd bf 00 00 00 00 00 00
00 00 00 00 00 00 00 00 20 da fd fd 06 00 49 fd fd f2 00 9f fc bf 00 00 00 00 00 00
00 00 00 00 00 00 00 00 38 fd fd bd 03 2c e5 fd f0 38 00 33 ec bf 00 00 00 00 00 00
00 00 00 00 00 00 00 00 38 fd fd 7b 00 5a fd fd a9 00 00 9f fd bf 00 00 00 00 00 00
00 00 00 00 00 00 00 00 ae fd f1 11 00 d1 fd d3 0c 03 96 fc 88 19 00 00 00 00 00 00
00 00 00 00 00 00 00 00 c0 fd ef 00 1b e9 fd d9 4e c9 df 3d 08 00 00 00 00 00 00 00
00 00 00 00 00 00 00 00 aa fd f9 b3 d3 fd fd fd fd fd 81 00 00 00 00 00 00 00 00 00
00 00 00 00 00 00 00 00 38 fd fd fd fd fd fd fd fb e5 31 00 00 00 00 00 00 00 00 00
00 00 00 00 00 00 00 00 1a 86 fd fd fd fd fd fd 97 00 00 00 00 00 00 00 00 00 00 00
00 00 00 00 00 00 00 00 00 00 00 00 00 00 00 00 00 00 00 00 00 00 00 00 00 00 00 00
00 00 00 00 00 00 00 00 00 00 00 00 00 00 00 00 00 00 00 00 00 00 00 00 00 00 00 00
00 00 00 00 00 00 00 00 00 00 00 00 00 00 00 00 00 00 00 00 00 00 00 00 00 00 00 00
00 00 00 00 00 00 00 00 00 00 00 00 00 00 00 00 00 00 00 00 00 00 00 00 00 00 00 00
00 00 00 00 00 00 00 00 00 00 00 00 00 00 00 00 00 00 00 00 00 00 00 00 00 00 00 00
00 00 00 00 00 00 00 00 00 00 00 00 00 00 00 00 00 00 00 00 00 00 00 00 00 00 00 00
