00 00 00 00 00 00 00 00 00 00 00 00 00 00 00 00 00 00 00 00 00 00 00 00 00 00 00 00
00 00 00 00 00 00 00 00 00 00 00 00 00 00 00 00 00 00 00 00 00 00 00 00 00 00 00 00
00 00 00 00 00 00 00 00 00 00 00 00 00 00 00 00 00 00 00 00 00 00 00 00 00 00 00 00
00 00 00 00 00 00 00 00 00 00 00 00 00 00 00 00 00 00 00 00 00 00 00 00 00 00 00 00
00 00 00 00 00 00 00 00 00 00 00 00 00 00 00 00 00 00 00 00 00 00 00 00 00 00 00 00
00 00 00 00 00 00 00 00 00 00 00 00 00 00 00 13 dd fe 0b 00 00 00 00 00 00 00 00 00
00 00 00 00 00 00 00 00 00 00 00 00 00 00 00 8b fd e3 08 00 00 00 00 00 00 00 00 00
00 00 00 00 00 00 00 00 00 00 00 00 00 00 87 fe fd 3f 00 00 00 00 00 00 00 00 00 00
00 00 00 00 00 00 00 00 00 00 00 00 04 8a fc fe fd 2c 00 00 00 00 00 00 00 00 00 00
00 00 00 00 00 00 00 00 00 00 00 03 8a fd fd fe fd 2c 00 00 00 00 00 00 00 00 00 00
00 00 00 00 00 00 00 00 00 00 1f 90 fd fd fd fe e6 1d 00 00 00 00 00 00 00 00 00 00
00 00 00 00 00 00 00 00 00 50 d8 fd f7 7f e0 fe bb 00 00 00 00 00 00 00 00 00 00 00
00 00 00 00 00 00 00 00 65 db fd f7 27 00 dd fe a8 00 00 00 00 00 00 00 00 00 00 00
00 00 00 00 00 00 15 4e f6 fd bc 3f 00 3a f5 fe 4d 00 00 00 00 00 00 00 00 00 00 00
00 00 00 00 00 0f c4 fd fd 9d 15 00 00 7f fd fe 4d 00 00 00 00 00 44 6f 0f 00 00 00
00 00 00 00 00 c1 fe fe f5 48 22 22 0d bd fe e3 22 22 22 3a 90 c5 ff f4 4d 00 00 00
00 00 00 00 00 6b cc fd fd fd fd fd cf ea fd fe fd fd fd fd fd fd d5 52 00 00 00 00
00 00 00 00 00 00 0c 57 9a db fd fd fd fd fd fe fd fd f5 9a 9a 35 11 00 00 00 00 00
00 00 00 00 00 00 00 00 00 07 0a 70 90 fd fd df 0a 0a 0a 00 00 00 00 00 00 00 00 00
00 00 00 00 00 00 00 00 00 00 00 00 10 d3 fd dd 00 00 00 00 00 00 00 00 00 00 00 00
00 00 00 00 00 00 00 00 00 00 00 00 00 bc fd 86 00 00 00 00 00 00 00 00 00 00 00 00
00 00 00 00 00 00 00 00 00 00 00 00 16 db fd 3a 00 00 00 00 00 00 00 00 00 00 00 00
00 00 00 00 00 00 00 00 00 00 00 00 2d fd fd 00 00 00 00 00 00 00 00 00 00 00 00 00
00 00 00 00 00 00 00 00 00 00 00 00 2d fd fd 00 00 00 00 00 00 00 00 00 00 00 00 00
00 00 00 00 00 00 00 00 00 00 00 00 06 94 cd 00 00 00 00 00 00 00 00 00 00 00 00 00
00 00 00 00 00 00 00 00 00 00 00 00 00 00 00 00 00 00 00 00 00 00 00 00 00 00 00 00
00 00 00 00 00 00 00 00 00 00 00 00 00 00 00 00 00 00 00 00 00 00 00 00 00 00 00 00
00 00 00 00 00 00 00 00 00 00 00 00 00 00 00 00 00 00 00 00 00 00 00 00 00 00 00 00
