00 00 00 00 00 00 00 00 00 00 00 00 00 00 00 00 00 00 00 00 00 00 00 00 00 00 00 00
00 00 00 00 00 00 00 00 00 00 00 00 00 00 00 00 00 00 00 00 00 00 00 00 00 00 00 00
00 00 00 00 00 00 00 00 00 00 00 00 00 00 00 00 00 00 00 00 00 00 00 00 00 00 00 00
00 00 00 00 00 00 00 00 00 00 00 00 00 00 00 00 00 00 00 00 00 00 00 00 00 00 00 00
00 00 00 00 00 00 00 00 00 00 00 00 00 00 00 00 00 00 00 00 00 00 00 00 00 00 00 00
00 00 00 00 00 00 00 00 00 00 00 00 00 00 00 00 00 00 00 00 00 00 00 00 00 00 00 00
00 00 00 00 00 00 00 00 00 00 00 00 00 20 39 39 39 39 39 39 39 00 00 00 00 00 00 00
00 00 00 00 00 00 00 00 00 00 00 43 b9 e5 fc fc fc fd fc fc fc b9 42 00 00 00 00 00
00 00 00 00 00 00 00 00 00 0d bc f6 fc fd fc fc fc f1 8b b1 fc fd f6 bb 0d 00 00 00
00 00 00 00 00 00 00 00 1a ff fd f4 af 65 00 00 00 00 00 00 00 7e f4 fd 99 00 00 00
00 00 00 00 00 00 00 52 f3 fd d6 51 00 00 00 00 00 00 00 00 00 00 a9 fc fc 00 00 00
00 00 00 00 00 00 13 d7 fc ce 38 00 00 00 00 00 00 00 00 00 00 00 a9 fc fc 00 00 00
00 00 00 00 00 00 9d fc fc 0d 00 00 00 00 00 00 00 00 00 00 00 00 a9 fc 97 00 00 00
00 00 00 00 00 29 fd fd 80 00 00 00 00 00 00 00 00 00 00 00 00 5c fd ce 0d 00 00 00
00 00 00 00 00 a6 fc c4 09 00 00 00 00 00 00 00 00 00 00 00 00 d8 fc 8e 00 00 00 00
00 00 00 00 00 fd fc a8 00 00 00 00 00 00 00 00 00 00 00 00 59 fd d0 0d 00 00 00 00
00 00 00 00 00 fd fc 44 00 00 00 00 00 00 00 00 00 00 00 26 e1 fd 60 00 00 00 00 00
00 00 00 00 00 fe fd 38 00 00 00 00 00 00 00 00 00 00 2d e5 fd 97 00 00 00 00 00 00
00 00 00 00 00 fd fc 51 00 00 00 00 00 00 00 00 00 46 e1 fc e3 00 00 00 00 00 00 00
00 00 00 00 00 d8 fc a8 00 00 00 00 00 00 00 1d 86 fd fc ba 1f 00 00 00 00 00 00 00
00 00 00 00 00 5b fc f3 7d 00 00 00 33 72 71 d2 fc fd 97 13 00 00 00 00 00 00 00 00
00 00 00 00 00 00 9d fd fd fe fd fd fd fe fd f4 af 33 00 00 00 00 00 00 00 00 00 00
00 00 00 00 00 00 13 7a c4 c5 dd c4 c4 c5 79 38 00 00 00 00 00 00 00 00 00 00 00 00
00 00 00 00 00 00 00 00 00 00 19 00 00 00 00 00 00 00 00 00 00 00 00 00 00 00 00 00
00 00 00 00 00 00 00 00 00 00 00 00 00 00 00 00 00 00 00 00 00 00 00 00 00 00 00 00
00 00 00 00 00 00 00 00 00 00 00 00 00 00 00 00 00 00 00 00 00 00 00 00 00 00 00 00
00 00 00 00 00 00 00 00 00 00 00 00 00 00 00 00 00 00 00 00 00 00 00 00 00 00 00 00
00 00 00 00 00 00 00 00 00 00 00 00 00 00 00 00 00 00 00 00 00 00 00 00 00 00 00 00
