00 00 00 00 00 00 00 00 00 00 00 00 00 00 00 00 00 00 00 00 00 00 00 00 00 00 00 00
00 00 00 00 00 00 00 00 00 00 00 00 00 00 00 00 00 00 00 00 00 00 00 00 00 00 00 00
00 00 00 00 00 00 00 00 00 00 00 00 00 00 00 00 00 00 00 00 00 00 00 00 00 00 00 00
00 00 00 00 00 00 00 00 00 00 00 00 00 00 00 00 00 00 00 00 00 00 00 00 00 00 00 00
00 00 00 00 00 00 00 00 00 00 00 00 00 00 00 00 00 00 00 00 00 00 00 00 00 00 00 00
00 00 00 00 00 00 00 00 00 00 00 00 00 00 00 00 00 00 00 00 00 00 00 00 00 00 00 00
00 00 00 00 00 00 00 00 00 00 00 00 00 00 00 00 00 00 00 00 00 00 00 00 00 00 00 00
00 00 00 00 00 00 00 00 00 00 00 00 00 00 00 73 79 a2 fd fd d5 00 00 00 00 00 00 00
00 00 00 00 00 00 00 00 00 00 00 00 3f 6b aa fb fc fc fc fc fa d6 00 00 00 00 00 00
00 00 00 00 00 00 00 00 19 c0 e2 e2 f1 fc fd ca fc fc fc fc fc e1 00 00 00 00 00 00
00 00 00 00 00 00 00 44 df fc fc fc fc fc 27 13 27 41 e0 fc fc b7 00 00 00 00 00 00
00 00 00 00 00 00 00 ba fc fc fc f5 6c 35 00 00 00 96 fc fc dc 14 00 00 00 00 00 00
00 00 00 00 00 00 46 f2 fc fc de 3b 00 00 00 00 00 b2 fc fc 8d 00 00 00 00 00 00 00
00 00 00 00 00 00 b9 fc fc c2 43 00 00 00 00 11 5a f0 fc c2 43 00 00 00 00 00 00 00
00 00 00 00 00 00 53 cd be 18 00 00 00 00 00 79 fc fc d1 18 00 00 00 00 00 00 00 00
00 00 00 00 00 00 00 00 00 00 00 00 00 00 4d f7 fc f8 6a 00 00 00 00 00 00 00 00 00
00 00 00 00 00 00 00 00 00 00 00 00 00 00 fd fc fc 66 00 00 00 00 00 00 00 00 00 00
00 00 00 00 00 00 00 00 00 00 00 00 00 86 ff fd fd 27 00 00 00 00 00 00 00 00 00 00
00 00 00 00 00 00 00 00 00 00 00 00 06 b7 fd fc 6b 02 00 00 00 00 00 00 00 00 00 00
00 00 00 00 00 00 00 00 00 00 00 0a 66 fc fd a3 10 00 00 00 00 00 00 00 00 00 00 00
00 00 00 00 00 00 00 00 00 00 0d a8 fc fc 6e 02 00 00 00 00 00 00 00 00 00 00 00 00
00 00 00 00 00 00 00 00 00 00 29 fc fc d9 00 00 00 00 00 00 00 00 00 00 00 00 00 00
00 00 00 00 00 00 00 00 00 28 9b fc d6 1f 00 00 00 00 00 00 00 00 00 00 00 00 00 00
00 00 00 00 00 00 00 00 00 a5 fc fc 6a 00 00 00 00 00 00 00 00 00 00 00 00 00 00 00
00 00 00 00 00 00 00 00 2b b3 fc 96 27 00 00 00 00 00 00 00 00 00 00 00 00 00 00 00
00 00 00 00 00 00 00 00 89 fc dd 27 00 00 00 00 00 00 00 00 00 00 00 00 00 00 00 00
00 00 00 00 00 00 00 00 43 fc 4f 00 00 00 00 00 00 00 00 00 00 00 00 00 00 00 00 00
00 00 00 00 00 00 00 00 00 00 00 00 00 00 00 00 00 00 00 00 00 00 00 00 00 00 00 00
