00 00 00 00 00 00 00 00 00 00 00 00 00 00 00 00 00 00 00 00 00 00 00 00 00 00 00 00
00 00 00 00 00 00 00 00 00 00 00 00 00 00 00 00 00 00 00 00 00 00 00 00 00 00 00 00
00 00 00 00 00 00 00 00 00 00 00 00 00 00 00 00 00 00 00 00 00 00 00 00 00 00 00 00
00 00 00 00 00 00 00 00 00 00 00 00 00 00 00 00 00 00 00 00 00 00 00 00 00 00 00 00
00 00 00 00 00 00 00 00 00 00 00 00 00 00 00 00 00 00 00 00 00 00 00 00 00 00 00 00
00 00 00 00 00 00 00 00 00 00 00 00 00 00 00 00 00 00 00 00 00 00 00 00 00 00 00 00
00 00 00 00 00 00 00 00 00 00 00 00 00 00 00 00 00 00 00 00 00 00 00 00 00 00 00 00
00 00 00 00 00 00 34 fd 00 00 00 00 00 00 00 00 00 00 00 00 00 00 00 00 00 00 00 00
00 00 00 00 00 00 33 fc 52 00 00 00 00 00 00 00 00 00 00 00 00 00 00 00 00 00 00 00
00 00 00 00 00 00 34 fd ff d5 29 00 00 00 00 00 00 00 00 52 84 0a 00 00 00 00 00 00
00 00 00 00 00 00 33 fc d5 fc f3 cb 8e 3d 00 00 00 52 a3 f3 fd 32 00 00 00 00 00 00
00 00 00 00 00 00 34 fd cb 00 66 66 a3 f3 fe ac fe fd e0 df e0 14 00 00 00 00 00 00
00 00 00 00 00 00 33 fc cb 00 00 00 00 28 32 32 97 46 14 66 df 14 00 00 00 00 00 00
00 00 00 00 00 00 00 cb d6 0a 00 00 00 00 00 00 00 00 00 66 cb 00 00 00 00 00 00 00
00 00 00 00 00 00 00 7a fd 32 00 00 00 00 00 00 00 00 00 b7 cb 00 00 00 00 00 00 00
00 00 00 00 00 00 00 66 fe 97 00 00 00 00 00 00 00 00 00 cb cb 00 00 00 00 00 00 00
00 00 00 00 00 00 00 3d fd 97 00 00 00 00 00 00 00 00 15 df a2 00 00 00 00 00 00 00
00 00 00 00 00 00 00 00 66 3d 00 00 00 00 00 00 00 00 33 fd 8e 00 00 00 00 00 00 00
00 00 00 00 00 00 00 00 00 00 00 00 00 00 00 00 00 00 1f e8 66 00 00 00 00 00 00 00
00 00 00 00 00 00 00 00 00 00 00 00 00 00 00 00 00 00 00 cb cb 00 00 00 00 00 00 00
00 00 00 00 00 00 00 00 00 00 00 00 00 00 00 00 00 00 00 cb cb 00 00 00 00 00 00 00
00 00 00 00 00 00 00 00 00 00 00 00 00 00 00 00 00 00 0b d5 cb 00 00 00 00 00 00 00
00 00 00 00 00 00 00 00 00 00 00 00 00 00 00 00 00 00 33 fc cb 00 00 00 00 00 00 00
00 00 00 00 00 00 00 00 00 00 00 00 00 00 00 00 00 00 48 fd 8e 00 00 00 00 00 00 00
00 00 00 00 00 00 00 00 00 00 00 00 00 00 00 00 00 00 98 fc 66 00 00 00 00 00 00 00
00 00 00 00 00 00 00 00 00 00 00 00 00 00 00 00 00 00 98 fd 00 00 00 00 00 00 00 00
00 00 00 00 00 00 00 00 00 00 00 00 00 00 00 00 00 00 98 d4 00 00 00 00 00 00 00 00
00 00 00 00 00 00 00 00 00 00 00 00 00 00 00 00 00 00 00 00 00 00 00 00 00 00 00 00
