00 00 00 00 00 00 00 00 00 00 00 00 00 00 00 00 00 00 00 00 00 00 00 00 00 00 00 00
00 00 00 00 00 00 00 00 00 00 00 00 00 00 00 00 00 00 00 00 00 00 00 00 00 00 00 00
00 00 00 00 00 00 00 00 00 00 00 00 00 00 00 00 00 00 00 00 00 00 00 00 00 00 00 00
00 00 00 00 00 00 00 00 00 00 00 00 00 00 00 00 00 00 00 00 00 00 00 00 00 00 00 00
00 00 00 00 00 00 00 00 00 00 00 00 00 32 ef 28 00 00 00 00 00 00 00 00 00 00 00 00
00 00 00 00 00 00 00 00 00 00 00 00 00 a9 fb 24 00 00 00 00 00 00 00 00 00 00 00 00
00 00 00 00 00 00 00 00 00 00 00 00 19 f0 b0 00 00 00 00 00 00 00 00 00 00 00 00 00
00 00 00 00 00 00 00 00 00 00 00 80 e3 fe 42 00 00 00 02 52 b5 19 00 00 00 00 00 00
00 00 00 00 00 00 00 00 00 00 6e fe cf c1 28 00 00 00 a9 fa 93 06 00 00 00 00 00 00
00 00 00 00 00 00 00 00 00 80 f7 e5 1f 07 00 00 00 c3 fe a2 00 00 00 00 00 00 00 00
00 00 00 00 00 00 00 00 4b fe e7 25 00 00 00 00 8f fe da 03 00 00 00 00 00 00 00 00
00 00 00 00 00 00 00 00 81 fe fe cd b2 b2 66 4c f6 fe 1c 00 00 00 00 00 00 00 00 00
00 00 00 00 00 00 00 00 31 a4 ea fe fe fe fe fe fe a2 01 00 00 00 00 00 00 00 00 00
00 00 00 00 00 00 00 00 00 00 0f 34 6d 85 e6 fe fe c6 02 00 00 00 00 00 00 00 00 00
00 00 00 00 00 00 00 00 00 00 00 00 00 00 cb fe fe fe 2e 00 00 00 00 00 00 00 00 00
00 00 00 00 00 00 00 00 00 00 00 00 00 11 e8 e0 79 fe 9c 00 00 00 00 00 00 00 00 00
00 00 00 00 00 00 00 00 00 00 00 00 00 9b fe 66 04 f0 f1 00 00 00 00 00 00 00 00 00
00 00 00 00 00 00 00 00 00 00 00 00 01 c0 e1 0e 00 ef f6 00 00 00 00 00 00 00 00 00
00 00 00 00 00 00 00 00 00 00 00 00 6b fe 4b 00 1a f5 f6 00 00 00 00 00 00 00 00 00
00 00 00 00 00 00 00 00 00 00 00 00 b2 fe 34 00 66 fe b8 00 00 00 00 00 00 00 00 00
00 00 00 00 00 00 00 00 00 00 00 00 b2 fe 34 0a d8 fe 70 00 00 00 00 00 00 00 00 00
00 00 00 00 00 00 00 00 00 00 00 00 b2 fe 34 a6 fe c3 02 00 00 00 00 00 00 00 00 00
00 00 00 00 00 00 00 00 00 00 00 00 9c fe b8 fb ed 13 00 00 00 00 00 00 00 00 00 00
00 00 00 00 00 00 00 00 00 00 00 00 24 bc ff d4 34 00 00 00 00 00 00 00 00 00 00 00
00 00 00 00 00 00 00 00 00 00 00 00 00 00 00 00 00 00 00 00 00 00 00 00 00 00 00 00
00 00 00 00 00 00 00 00 00 00 00 00 00 00 00 00 00 00 00 00 00 00 00 00 00 00 00 00
00 00 00 00 00 00 00 00 00 00 00 00 00 00 00 00 00 00 00 00 00 00 00 00 00 00 00 00
00 00 00 00 00 00 00 00 00 00 00 00 00 00 00 00 00 00 00 00 00 00 00 00 00 00 00 00
