00 00 00 00 00 00 00 00 00 00 00 00 00 00 00 00 00 00 00 00 00 00 00 00 00 00 00 00
00 00 00 00 00 00 00 00 00 00 00 00 00 00 00 00 00 00 00 00 00 00 00 00 00 00 00 00
00 00 00 00 00 00 00 00 00 00 00 00 00 00 00 00 00 00 00 00 00 00 00 00 00 00 00 00
00 00 00 00 00 00 00 00 00 00 00 00 00 00 00 00 00 00 00 00 00 00 00 00 00 00 00 00
00 00 00 00 00 00 00 00 00 00 00 00 00 00 00 2c 69 69 38 00 00 00 00 00 00 00 00 00
00 00 00 00 00 00 00 00 00 00 00 00 16 57 d1 e5 fd fd e8 d1 d1 d1 44 0e 00 00 00 00
00 00 00 00 00 00 00 00 00 00 02 0f bc fd fd fe fd fd fd fd fd fd fd 3b 00 00 00 00
00 00 00 00 00 00 00 00 00 00 66 fd fd fd fd fe fd b6 fd fd fd fd fd 3b 00 00 00 00
00 00 00 00 00 00 00 00 00 c7 f5 fd fd f0 5a 1d 1d 19 fd fd fd fd 81 07 00 00 00 00
00 00 00 00 00 00 00 00 00 6e f4 ed aa 3d 00 00 3d b8 fd fd f9 8f 04 00 00 00 00 00
00 00 00 00 00 00 00 00 00 00 55 38 00 00 00 00 d1 fd fd d5 69 00 00 00 00 00 00 00
00 00 00 00 00 00 00 00 00 00 00 00 00 00 36 98 fb fd d2 74 00 00 00 00 00 00 00 00
00 00 00 00 00 00 00 00 00 00 00 00 10 48 e5 fe f2 c7 1f 00 00 00 00 00 00 00 00 00
00 00 00 00 00 00 00 00 00 00 00 00 b2 fd fd fe 69 00 00 00 00 00 00 00 00 00 00 00
00 00 00 00 00 00 00 00 00 00 0d b8 fe fe c0 00 00 00 00 00 00 00 00 00 00 00 00 00
00 00 00 00 00 00 00 00 00 62 d7 fd e8 4f 12 00 00 00 00 00 00 00 00 00 00 00 00 00
00 00 00 00 00 00 00 01 57 f3 fd f5 42 00 00 00 00 00 00 00 00 00 00 00 00 00 00 00
00 00 00 00 00 00 00 57 fd fd ef 3f 00 00 00 00 00 00 00 00 00 00 00 00 00 00 00 00
00 00 00 00 00 00 62 f3 fd ba 45 00 00 00 00 00 00 00 00 00 09 4b 4b 4b 4b 00 00 00
00 00 00 00 00 4b f0 fd fd 38 0d 1e 1e 1e 1e 1f 1e 1e 1e a3 bc fd fd fd eb 00 00 00
00 00 00 00 00 b8 fd fd fd fd b7 fd fd fd fd fe fd fd fd fd fd fd fd 95 31 00 00 00
00 00 00 00 00 ff fd fd fd fd fd fd fd fd fd ff fd fd fd e2 a3 54 0e 04 00 00 00 00
00 00 00 00 00 8b fd fd fd fd fd fd ed b5 93 d1 d0 c7 3b 2a 00 00 00 00 00 00 00 00
00 00 00 00 00 2b 68 68 68 68 68 68 43 00 00 00 00 00 00 00 00 00 00 00 00 00 00 00
00 00 00 00 00 00 00 00 00 00 00 00 00 00 00 00 00 00 00 00 00 00 00 00 00 00 00 00
00 00 00 00 00 00 00 00 00 00 00 00 00 00 00 00 00 00 00 00 00 00 00 00 00 00 00 00
00 00 00 00 00 00 00 00 00 00 00 00 00 00 00 00 00 00 00 00 00 00 00 00 00 00 00 00
00 00 00 00 00 00 00 00 00 00 00 00 00 00 00 00 00 00 00 00 00 00 00 00 00 00 00 00
