00 00 00 00 00 00 00 00 00 00 00 00 00 00 00 00 00 00 00 00 00 00 00 00 00 00 00 00
00 00 00 00 00 00 00 00 00 00 00 00 00 00 00 00 00 00 00 00 00 00 00 00 00 00 00 00
00 00 00 00 00 00 00 00 00 00 00 00 00 00 00 00 00 00 00 00 00 00 00 00 00 00 00 00
00 00 00 00 00 00 00 00 00 00 00 00 00 00 00 00 00 00 00 00 00 00 00 00 00 00 00 00
00 00 00 00 00 00 00 00 00 00 00 00 00 00 00 00 00 00 00 00 00 00 00 00 00 00 00 00
00 00 00 00 00 00 00 00 00 00 00 5d a4 d3 fa fa c2 0f 00 00 00 00 00 00 00 00 00 00
00 00 00 00 00 00 00 00 00 14 b0 fd ed b4 b4 f3 fe d6 00 00 00 00 00 00 00 00 00 00
00 00 00 00 00 00 00 00 00 cc ec 87 12 00 00 28 f2 fc 7e 00 00 00 00 00 00 00 00 00
00 00 00 00 00 00 00 00 45 fd a7 00 00 00 00 00 82 fe df 00 00 00 00 00 00 00 00 00
00 00 00 00 00 00 00 00 4a d9 4f 00 00 00 00 00 2e fe e7 0e 00 00 00 00 00 00 00 00
00 00 00 00 00 00 00 00 08 0a 00 00 00 00 00 00 27 fe fe 68 00 00 00 00 00 00 00 00
00 00 00 00 00 00 00 00 00 00 00 00 00 00 00 00 05 d4 fe 8d 00 00 00 00 00 00 00 00
00 00 00 00 00 00 00 00 00 00 00 00 00 00 00 00 00 cf fe 8d 00 00 00 00 00 00 00 00
00 00 00 00 00 00 00 00 00 00 00 00 00 00 00 00 07 d7 fe 80 00 00 00 00 00 00 00 00
00 00 00 00 00 00 00 00 00 00 00 00 00 00 00 00 27 fe fe 38 00 00 14 43 7c 27 00 00
00 00 00 00 00 00 00 00 00 00 00 00 00 00 07 23 62 fe fe d0 9d cf e1 fe f1 a0 00 00
00 00 00 00 00 00 00 00 09 1f 52 89 cb cb d4 fe fe fe fe fb df df 7f 34 21 00 00 00
00 00 00 00 00 00 09 89 d6 fe fe fe fe f0 e4 fa fe fe 9a 32 00 00 00 00 00 00 00 00
00 00 00 00 00 00 b9 fe f7 b3 92 43 3c 1c 00 d8 fe dc 0c 00 00 00 00 00 00 00 00 00
00 00 00 00 00 00 ff de 31 00 00 00 00 04 89 f4 e8 32 00 00 00 00 00 00 00 00 00 00
00 00 00 00 00 00 fe ce 04 00 00 00 08 b3 fe f7 40 00 00 00 00 00 00 00 00 00 00 00
00 00 00 00 00 00 d8 fe 9e b1 82 60 d5 fc c7 31 00 00 00 00 00 00 00 00 00 00 00 00
00 00 00 00 00 00 00 83 f7 f9 f9 f9 ab 48 00 00 00 00 00 00 00 00 00 00 00 00 00 00
00 00 00 00 00 00 00 00 00 00 00 00 00 00 00 00 00 00 00 00 00 00 00 00 00 00 00 00
00 00 00 00 00 00 00 00 00 00 00 00 00 00 00 00 00 00 00 00 00 00 00 00 00 00 00 00
00 00 00 00 00 00 00 00 00 00 00 00 00 00 00 00 00 00 00 00 00 00 00 00 00 00 00 00
00 00 00 00 00 00 00 00 00 00 00 00 00 00 00 00 00 00 00 00 00 00 00 00 00 00 00 00
00 00 00 00 00 00 00 00 00 00 00 00 00 00 00 00 00 00 00 00 00 00 00 00 00 00 00 00
