00 00 00 00 00 00 00 00 00 00 00 00 00 00 00 00 00 00 00 00 00 00 00 00 00 00 00 00
00 00 00 00 00 00 00 00 00 00 00 00 00 00 00 00 00 00 00 00 00 00 00 00 00 00 00 00
00 00 00 00 00 00 00 00 00 00 00 00 00 00 00 00 00 00 00 00 00 00 00 00 00 00 00 00
00 00 00 00 00 00 00 00 00 00 00 00 00 00 00 00 00 00 00 00 00 00 00 00 00 00 00 00
00 00 00 00 00 00 00 00 00 00 00 00 00 00 00 00 00 00 00 00 00 00 00 00 00 00 00 00
00 00 00 00 00 00 00 00 00 00 00 00 00 00 00 00 00 00 00 00 00 00 00 00 00 00 00 00
00 00 00 00 00 00 00 00 00 00 00 00 00 00 00 00 00 00 00 00 00 00 00 00 00 00 00 00
00 00 00 00 00 00 00 00 00 00 00 00 00 06 47 c6 ff ff e7 dc b5 00 00 00 00 00 00 00
00 00 00 00 00 00 00 00 00 00 00 09 80 c0 fd fe fb e5 f5 fd b4 00 00 00 00 00 00 00
00 00 00 00 00 00 00 00 00 00 3f bd fd fd ec da 8a 00 41 d1 e2 2f 00 00 00 00 00 00
00 00 00 00 00 00 00 00 00 40 ea fd eb 98 2c 00 00 00 00 b6 fd a8 00 00 00 00 00 00
00 00 00 00 00 00 00 00 0c c7 fd cc 3e 00 00 00 00 00 0c c7 fd a8 00 00 00 00 00 00
00 00 00 00 00 00 00 00 8d fd c6 0c 00 00 00 00 2a 5b cd fd e8 3f 00 00 00 00 00 00
00 00 00 00 00 00 00 00 aa fd cd 39 b1 3c 00 56 b5 fd fd fd 8c 00 00 00 00 00 00 00
00 00 00 00 00 00 00 00 7c fd fd f1 f8 ee da fe cf fd fd 9b 09 00 00 00 00 00 00 00
00 00 00 00 00 00 00 00 1c aa fd fd fd fd c9 18 57 fd fd 48 00 00 00 00 00 00 00 00
00 00 00 00 00 00 00 00 00 03 2e 84 84 16 06 0c f9 fd cf 04 00 00 00 00 00 00 00 00
00 00 00 00 00 00 00 00 00 00 00 00 00 00 00 c6 ff eb 29 00 00 00 00 00 00 00 00 00
00 00 00 00 00 00 00 00 00 00 00 00 00 00 52 ff fb 8a 00 00 00 00 00 00 00 00 00 00
00 00 00 00 00 00 00 00 00 00 00 00 00 44 f9 fe 99 00 00 00 00 00 00 00 00 00 00 00
00 00 00 00 00 00 00 00 00 00 00 00 13 c3 fd df 24 00 00 00 00 00 00 00 00 00 00 00
00 00 00 00 00 00 00 00 00 00 00 15 c0 fd e0 23 00 00 00 00 00 00 00 00 00 00 00 00
00 00 00 00 00 00 00 00 00 00 15 bf fd de 25 00 00 00 00 00 00 00 00 00 00 00 00 00
00 00 00 00 00 00 00 00 00 15 bf fd fd 68 00 00 00 00 00 00 00 00 00 00 00 00 00 00
00 00 00 00 00 00 00 00 00 a5 fd fd 42 04 00 00 00 00 00 00 00 00 00 00 00 00 00 00
00 00 00 00 00 00 00 00 2d f7 fd b0 04 00 00 00 00 00 00 00 00 00 00 00 00 00 00 00
00 00 00 00 00 00 00 00 1a db fd 6f 00 00 00 00 00 00 00 00 00 00 00 00 00 00 00 00
00 00 00 00 00 00 00 00 00 00 00 00 00 00 00 00 00 00 00 00 00 00 00 00 00 00 00 00
