00 00 00 00 00 00 00 00 00 00 00 00 00 00 00 00 00 00 00 00 00 00 00 00 00 00 00 00
00 00 00 00 00 00 00 00 00 00 00 00 00 00 00 00 00 00 00 00 00 00 00 00 00 00 00 00
00 00 00 00 00 00 00 00 00 00 00 00 00 00 00 00 00 00 00 00 00 00 00 00 00 00 00 00
00 00 00 00 00 00 00 00 00 00 00 00 00 00 00 00 00 00 00 00 00 00 00 00 00 00 00 00
00 00 00 00 00 00 00 00 00 00 00 00 00 00 00 00 00 00 00 00 00 00 00 00 00 00 00 00
00 00 00 00 00 00 00 00 00 00 00 00 00 00 00 00 00 00 00 00 00 00 00 00 00 00 00 00
00 00 00 00 00 00 00 00 00 00 00 52 d6 fd ea 98 15 00 00 00 00 00 00 00 00 00 00 00
00 00 00 00 00 00 00 00 00 00 a3 f3 fd fc fd fc cb 14 00 00 00 00 00 00 00 00 00 00
00 00 00 00 00 00 00 00 00 52 fe fd 7b 00 15 b7 fe 83 00 00 00 00 00 00 00 00 00 00
00 00 00 00 00 00 00 00 15 df fd 82 00 00 00 00 fd fc cb 51 00 00 00 00 00 00 00 00
00 00 00 00 00 00 00 00 48 fd f4 28 00 00 00 00 5c fd fe 97 00 00 00 00 00 00 00 00
00 00 00 00 00 00 00 00 98 fc a2 00 00 00 00 00 33 fc fd 97 00 00 00 00 00 00 00 00
00 00 00 00 00 00 00 00 98 fd 66 00 00 00 00 00 84 fd fe 5b 00 00 00 00 00 00 00 00
00 00 00 00 00 00 00 00 98 fc b7 00 00 00 7b cb fd fc ac 0a 00 00 00 00 00 00 00 00
00 00 00 00 00 00 00 00 5c fd fe ac 98 e9 fe fd fe fd 66 00 00 00 00 00 00 00 00 00
00 00 00 00 00 00 00 00 0a ac fd fc fd fc e9 97 fd fc 14 00 00 00 00 00 00 00 00 00
00 00 00 00 00 00 00 00 00 00 15 66 66 3d 00 66 fe 97 00 00 00 00 00 00 00 00 00 00
00 00 00 00 00 00 00 00 00 00 00 00 00 00 15 cb fd 6f 00 00 00 00 00 00 00 00 00 00
00 00 00 00 00 00 00 00 00 00 00 00 00 00 33 fd fe 32 00 00 00 00 00 00 00 00 00 00
00 00 00 00 00 00 00 00 00 00 00 00 00 00 33 fc fd 32 00 00 00 00 00 00 00 00 00 00
00 00 00 00 00 00 00 00 00 00 00 00 00 00 33 fd fe 32 00 00 00 00 00 00 00 00 00 00
00 00 00 00 00 00 00 00 00 00 00 00 00 00 33 fc fd 32 00 00 00 00 00 00 00 00 00 00
00 00 00 00 00 00 00 00 00 00 00 00 00 00 33 fd ff 32 00 00 00 00 00 00 00 00 00 00
00 00 00 00 00 00 00 00 00 00 00 00 00 00 5c fc fd 32 00 00 00 00 00 00 00 00 00 00
00 00 00 00 00 00 00 00 00 00 00 00 00 15 ff fd e0 14 00 00 00 00 00 00 00 00 00 00
00 00 00 00 00 00 00 00 00 00 00 00 00 14 d5 fc 51 00 00 00 00 00 00 00 00 00 00 00
00 00 00 00 00 00 00 00 00 00 00 00 00 00 00 00 00 00 00 00 00 00 00 00 00 00 00 00
00 00 00 00 00 00 00 00 00 00 00 00 00 00 00 00 00 00 00 00 00 00 00 00 00 00 00 00
