00 00 00 00 00 00 00 00 00 00 00 00 00 00 00 00 00 00 00 00 00 00 00 00 00 00 00 00
00 00 00 00 00 00 00 00 00 00 00 00 00 00 00 00 00 00 00 00 00 00 00 00 00 00 00 00
00 00 00 00 00 00 00 00 00 00 00 00 00 00 00 00 00 00 00 00 00 00 00 00 00 00 00 00
00 00 00 00 00 00 00 00 00 00 00 00 00 00 00 00 00 00 00 00 00 00 00 00 00 00 00 00
00 00 00 00 00 00 00 00 00 00 00 00 00 00 2a eb ff 54 00 00 00 00 00 00 00 00 00 00
00 00 00 00 00 00 00 00 00 00 00 00 0f 84 d0 fd fd ab 6c 00 00 00 00 00 00 00 00 00
00 00 00 00 00 00 00 00 00 00 00 06 b1 fd fd fd fd fd f2 6e 00 00 00 00 00 00 00 00
00 00 00 00 00 00 00 00 00 00 00 97 fd fd fd fd fd fd fd 8b 00 00 00 00 00 00 00 00
00 00 00 00 00 00 00 00 00 00 30 d0 fd fd fd fd fd fd fd 8b 00 00 00 00 00 00 00 00
00 00 00 00 00 00 00 00 00 00 55 fd fd fd fd ec 9c b8 fd 94 06 00 00 00 00 00 00 00
00 00 00 00 00 00 00 00 00 07 8d fd fd fd fd 1b 00 aa fd fd 4a 00 00 00 00 00 00 00
00 00 00 00 00 00 00 00 00 13 fd fd fd fd fd 1b 00 aa fd fd 4a 00 00 00 00 00 00 00
00 00 00 00 00 00 00 00 10 ba fd fd fd f2 69 04 00 aa fd fd 5e 01 00 00 00 00 00 00
00 00 00 00 00 00 00 00 8d fd fd fd f2 64 00 00 00 aa fd fd fd 08 00 00 00 00 00 00
00 00 00 00 00 00 00 00 8d fd fd fd e0 00 00 00 00 aa fd fd fd 08 00 00 00 00 00 00
00 00 00 00 00 00 00 0c 9e fd fd e6 33 00 00 00 00 12 ed fd fd 08 00 00 00 00 00 00
00 00 00 00 00 00 00 4c fd fd da 3d 00 00 00 00 00 00 ec fd fd 08 00 00 00 00 00 00
00 00 00 00 00 00 00 4c fd fd a8 00 00 00 00 00 00 00 6e fd 84 03 00 00 00 00 00 00
00 00 00 00 00 00 00 4c fd fd a8 00 00 00 00 00 14 ae ef 93 05 00 00 00 00 00 00 00
00 00 00 00 00 00 05 9b fd fd a8 00 00 00 00 66 aa fd fd 8b 00 00 00 00 00 00 00 00
00 00 00 00 00 00 03 80 fd fd e4 b3 b3 b3 b3 f5 fd fd db 29 00 00 00 00 00 00 00 00
00 00 00 00 00 00 00 4c fd fd fd fd fd fd fd fd fd fd a3 00 00 00 00 00 00 00 00 00
00 00 00 00 00 00 00 27 c7 fd fd fd fd fd fd fd fd aa 09 00 00 00 00 00 00 00 00 00
00 00 00 00 00 00 00 00 24 db fd fd fd fd fd e0 41 16 00 00 00 00 00 00 00 00 00 00
00 00 00 00 00 00 00 00 00 00 00 00 00 00 00 00 00 00 00 00 00 00 00 00 00 00 00 00
00 00 00 00 00 00 00 00 00 00 00 00 00 00 00 00 00 00 00 00 00 00 00 00 00 00 00 00
00 00 00 00 00 00 00 00 00 00 00 00 00 00 00 00 00 00 00 00 00 00 00 00 00 00 00 00
00 00 00 00 00 00 00 00 00 00 00 00 00 00 00 00 00 00 00 00 00 00 00 00 00 00 00 00
