00 00 00 00 00 00 00 00 00 00 00 00 00 00 00 00 00 00 00 00 00 00 00 00 00 00 00 00
00 00 00 00 00 00 00 00 00 00 00 00 00 00 00 00 00 00 00 00 00 00 00 00 00 00 00 00
00 00 00 00 00 00 00 00 00 00 00 00 00 00 00 00 19 ca fe b3 00 00 00 00 00 00 00 00
00 00 00 00 00 00 00 00 00 00 00 00 00 00 00 19 c2 fd fd 8e 00 00 00 00 00 00 00 00
00 00 00 00 00 00 00 00 00 00 00 00 00 00 09 ca fd fc a7 0a 00 00 00 00 00 00 00 00
00 00 00 00 00 00 00 00 00 00 00 00 00 00 95 fe fd ee 00 00 00 00 00 00 00 00 00 00
00 00 00 00 00 00 00 00 00 00 00 00 00 55 f1 fe eb 50 00 00 00 00 00 00 00 00 00 00
00 00 00 00 00 00 00 00 00 00 00 00 40 ec fd f2 52 00 00 00 00 00 00 00 00 00 00 00
00 00 00 00 00 00 00 00 00 00 00 00 a9 fd fd 47 00 00 00 00 00 00 00 00 00 00 00 00
00 00 00 00 00 00 00 00 00 00 0b a9 fc fd c8 00 00 00 00 00 00 00 00 00 00 00 00 00
00 00 00 00 00 00 00 00 00 00 39 fd fd f5 56 00 00 00 00 00 00 00 00 00 00 00 00 00
00 00 00 00 00 00 00 00 00 00 b3 fd fd d0 00 00 00 00 00 00 00 00 00 00 00 00 00 00
00 00 00 00 00 00 00 00 00 e2 fe fe d9 23 3f a7 fe fe fe 7a 1f 00 00 00 00 00 00 00
00 00 00 00 00 00 00 00 00 e0 fd fd b8 af eb fe fd fd fd fd cc 1d 00 00 00 00 00 00
00 00 00 00 00 00 00 00 00 e0 fd fd fd fd fd fe f1 ee ee fb fd 77 00 00 00 00 00 00
00 00 00 00 00 00 00 00 00 e0 fd fd fd fd fd cd 17 00 00 e0 fd 77 00 00 00 00 00 00
00 00 00 00 00 00 00 00 6b fa fd fd fd f0 5a 11 00 00 24 e9 f4 54 00 00 00 00 00 00
00 00 00 00 00 00 00 00 78 fd fd fd fd 66 00 00 08 27 d6 fd cd 00 00 00 00 00 00 00
00 00 00 00 00 00 00 00 78 fd fd fd fd 8a 50 87 a3 fd fd d5 23 00 00 00 00 00 00 00
00 00 00 00 00 00 00 00 07 e2 fd fd fd fb f7 ff fd fd d2 1b 00 00 00 00 00 00 00 00
00 00 00 00 00 00 00 00 00 b9 f0 fd fd fd fd fe f2 c7 1f 00 00 00 00 00 00 00 00 00
00 00 00 00 00 00 00 00 00 00 5c fd fd fd fd ff 69 00 00 00 00 00 00 00 00 00 00 00
00 00 00 00 00 00 00 00 00 00 00 00 00 00 00 00 00 00 00 00 00 00 00 00 00 00 00 00
00 00 00 00 00 00 00 00 00 00 00 00 00 00 00 00 00 00 00 00 00 00 00 00 00 00 00 00
00 00 00 00 00 00 00 00 00 00 00 00 00 00 00 00 00 00 00 00 00 00 00 00 00 00 00 00
00 00 00 00 00 00 00 00 00 00 00 00 00 00 00 00 00 00 00 00 00 00 00 00 00 00 00 00
00 00 00 00 00 00 00 00 00 00 00 00 00 00 00 00 00 00 00 00 00 00 00 00 00 00 00 00
00 00 00 00 00 00 00 00 00 00 00 00 00 00 00 00 00 00 00 00 00 00 00 00 00 00 00 00
