00 00 00 00 00 00 00 00 00 00 00 00 00 00 00 00 00 00 00 00 00 00 00 00 00 00 00 00
00 00 00 00 00 00 00 00 00 00 00 00 00 00 00 00 00 00 00 00 00 00 00 00 00 00 00 00
00 00 00 00 00 00 00 00 00 00 00 00 00 00 00 00 00 00 00 00 00 00 00 00 00 00 00 00
00 00 00 00 00 00 00 00 00 00 00 00 00 00 00 00 00 00 00 00 00 00 00 00 00 00 00 00
00 00 00 00 00 00 00 00 00 00 00 00 00 00 00 00 00 00 00 00 00 00 00 00 00 00 00 00
00 00 00 00 00 00 00 00 00 00 00 00 00 00 00 00 00 00 00 00 00 00 00 00 00 00 00 00
00 00 00 00 00 00 00 1d fd ff fd 8f 71 71 72 32 71 71 32 00 00 00 00 00 00 00 00 00
00 00 00 00 00 00 00 13 d6 fd fc fc fc fc fd ed fc fc ed 56 09 00 00 00 00 00 00 00
00 00 00 00 00 00 00 00 6e fd fc fc fc fc fd fc fc fc fc fd 1b 00 00 00 00 00 00 00
00 00 00 00 00 00 00 00 00 54 54 73 df df ed fc fc fc fc fd 1b 00 00 00 00 00 00 00
00 00 00 00 00 00 00 00 00 00 00 00 00 00 71 fc fc fc fc be 0c 00 00 00 00 00 00 00
00 00 00 00 00 00 00 00 00 00 00 00 00 00 ff fd fd fd fd 4f 00 00 00 00 00 00 00 00
00 00 00 00 00 00 00 00 00 00 00 00 00 7e fd fc fc fc 7f 00 00 00 00 00 00 00 00 00
00 00 00 00 00 00 00 00 00 00 00 00 00 8c fd fc fc f5 57 00 00 00 00 00 00 00 00 00
00 00 00 00 00 00 00 00 00 00 00 00 13 d7 fd fc fc d0 00 00 00 00 00 00 00 00 00 00
00 00 00 00 00 00 00 00 00 00 00 20 99 fc fd fc fc 54 00 00 00 00 00 00 00 00 00 00
00 00 00 00 00 00 00 00 00 00 00 39 fd fd ff fd c4 00 00 00 00 00 00 00 00 00 00 00
00 00 00 00 00 00 00 00 00 00 1d c8 fc fc fd fc c3 00 00 00 00 00 00 00 00 00 00 00
00 00 00 00 00 00 00 00 00 00 75 fc fc fc fd fc a4 00 00 00 00 00 00 00 00 00 00 00
00 00 00 00 00 00 00 00 00 00 e1 fc fc fc fd f2 31 00 00 00 00 00 00 00 00 00 00 00
00 00 00 00 00 00 00 00 00 3f f0 fc fc fc fd 59 00 00 00 00 00 00 00 00 00 00 00 00
00 00 00 00 00 00 00 00 00 72 fd fd fd fd ff 1b 00 00 00 00 00 00 00 00 00 00 00 00
00 00 00 00 00 00 00 00 00 71 fc fc fc fc fd 1b 00 00 00 00 00 00 00 00 00 00 00 00
00 00 00 00 00 00 00 00 00 58 f6 fc fc fc fd 1b 00 00 00 00 00 00 00 00 00 00 00 00
00 00 00 00 00 00 00 00 00 00 d1 fc fc fc f0 18 00 00 00 00 00 00 00 00 00 00 00 00
00 00 00 00 00 00 00 00 00 00 26 dd fc fc 3f 00 00 00 00 00 00 00 00 00 00 00 00 00
00 00 00 00 00 00 00 00 00 00 00 00 00 00 00 00 00 00 00 00 00 00 00 00 00 00 00 00
00 00 00 00 00 00 00 00 00 00 00 00 00 00 00 00 00 00 00 00 00 00 00 00 00 00 00 00
