00 00 00 00 00 00 00 00 00 00 00 00 00 00 00 00 00 00 00 00 00 00 00 00 00 00 00 00
00 00 00 00 00 00 00 00 00 00 00 00 00 00 00 00 00 00 00 00 00 00 00 00 00 00 00 00
00 00 00 00 00 00 00 00 00 00 00 00 00 00 00 00 00 00 00 00 00 00 00 00 00 00 00 00
00 00 00 00 00 00 00 00 00 00 00 00 00 00 00 00 00 00 00 00 00 00 00 00 00 00 00 00
00 00 00 00 00 00 00 00 00 00 00 00 00 00 00 00 00 00 00 00 00 00 00 00 00 00 00 00
00 00 00 00 00 00 01 7a ae 5f 00 00 00 00 00 00 00 0f 12 00 00 00 00 00 00 00 00 00
00 00 00 00 00 00 06 fe fe f7 1e 00 00 00 00 00 00 b1 d9 9d 0d 00 00 00 00 00 00 00
00 00 00 00 00 00 08 fe fe fe 5f 00 00 00 00 00 00 cf fe fe 89 00 00 00 00 00 00 00
00 00 00 00 00 00 73 fe fe e1 00 00 00 00 00 00 00 cf fe fe 97 00 00 00 00 00 00 00
00 00 00 00 00 00 73 fe fe 87 00 00 00 00 00 00 00 cf fe fe e4 04 00 00 00 00 00 00
00 00 00 00 00 00 78 fe fe 82 00 00 00 00 00 00 03 d1 fe fe fe 05 00 00 00 00 00 00
00 00 00 00 00 0f e5 fe fe 1b 00 00 00 00 00 00 3c fe fe fe eb 04 00 00 00 00 00 00
00 00 00 00 00 12 e6 fe fe 1b 00 00 00 00 00 00 23 ea fe fe e7 04 00 00 00 00 00 00
00 00 00 00 00 00 df fe fe 29 11 65 7e c3 ea ea ef fe fe fe fe 72 05 00 00 00 00 00
00 00 00 00 00 11 e6 fe fe fe fe fe fe fe fe fe fe fe fe fe fe f8 3c 00 00 00 00 00
00 00 00 00 00 4d fe fe fe fe fe fe fe fe fe fe fe fe fe fe fe 88 00 00 00 00 00 00
00 00 00 00 00 4d fe fe fe fe fe fe fe fe f7 b1 c9 fe fe fe 9d 07 00 00 00 00 00 00
00 00 00 00 00 3b f7 fe fe fe fe ea c3 ab 37 00 23 ea fe fe 97 00 00 00 00 00 00 00
00 00 00 00 00 00 8b d5 df 6a 30 20 00 00 00 00 25 ec fe fe 97 00 00 00 00 00 00 00
00 00 00 00 00 00 01 06 07 00 00 00 00 00 00 00 00 cf fe fe 97 00 00 00 00 00 00 00
00 00 00 00 00 00 00 00 00 00 00 00 00 00 00 00 00 cf fe ff 97 00 00 00 00 00 00 00
00 00 00 00 00 00 00 00 00 00 00 00 00 00 00 00 00 cf fe fe 3d 00 00 00 00 00 00 00
00 00 00 00 00 00 00 00 00 00 00 00 00 00 00 00 00 c1 fe fe 68 00 00 00 00 00 00 00
00 00 00 00 00 00 00 00 00 00 00 00 00 00 00 00 00 63 fe fe 4b 00 00 00 00 00 00 00
00 00 00 00 00 00 00 00 00 00 00 00 00 00 00 00 00 63 fe b4 19 00 00 00 00 00 00 00
00 00 00 00 00 00 00 00 00 00 00 00 00 00 00 00 00 00 00 00 00 00 00 00 00 00 00 00
00 00 00 00 00 00 00 00 00 00 00 00 00 00 00 00 00 00 00 00 00 00 00 00 00 00 00 00
00 00 00 00 00 00 00 00 00 00 00 00 00 00 00 00 00 00 00 00 00 00 00 00 00 00 00 00
