00 00 00 00 00 00 00 00 00 00 00 00 00 00 00 00 00 00 00 00 00 00 00 00 00 00 00 00
00 00 00 00 00 00 00 00 00 00 00 00 00 00 00 00 00 00 00 00 00 00 00 00 00 00 00 00
00 00 00 00 00 00 00 00 00 00 00 00 00 00 00 00 00 00 00 00 00 00 00 00 00 00 00 00
00 00 00 00 00 00 00 00 00 00 00 00 00 00 00 00 00 00 00 00 00 00 00 00 00 00 00 00
00 00 00 00 00 00 00 00 00 00 00 00 00 00 00 00 00 00 00 00 00 00 00 00 00 00 00 00
00 00 00 00 00 00 00 00 00 00 00 00 00 00 00 00 00 00 00 00 00 00 00 00 00 00 00 00
00 00 00 00 00 00 00 00 00 00 00 00 00 00 00 00 00 00 00 00 00 00 00 00 00 00 00 00
00 00 00 00 00 00 00 00 00 00 00 00 00 00 00 00 00 00 00 00 20 87 a5 a5 93 28 00 00
00 00 00 00 00 00 00 00 00 00 00 00 00 1b 79 3a 00 0d 6f db ec fd fe fe fe f0 00 00
00 00 00 00 00 00 00 00 00 00 00 00 00 d0 fe b3 75 e0 fd fd fe fd b8 8f 4f 4f 00 00
00 00 00 00 00 00 00 00 00 00 00 00 00 a1 fe fd fd fe de 7c 73 18 02 00 00 00 00 00
00 00 00 00 00 00 00 00 00 00 00 0b 9d fa fe cb a7 45 0b 00 00 00 00 00 00 00 00 00
00 00 00 00 00 00 00 00 00 00 00 3e fd fd b9 08 00 00 00 00 00 00 00 00 00 00 00 00
00 00 00 00 00 00 00 00 00 00 5f f8 fe df 0e 00 00 00 00 00 00 00 00 00 00 00 00 00
00 00 00 00 00 00 00 00 00 00 af fd fd fd fa e6 93 00 00 00 00 00 00 00 00 00 00 00
00 00 00 00 00 00 00 00 00 00 40 c8 f8 f8 fc fd f9 02 00 00 00 00 00 00 00 00 00 00
00 00 00 00 00 00 00 84 50 00 00 00 00 00 49 e3 fe 83 0a 00 00 00 00 00 00 00 00 00
00 00 00 00 00 00 25 e5 b7 00 00 00 00 00 00 6f fd fa 25 00 00 00 00 00 00 00 00 00
00 00 00 00 00 00 ff fd 59 00 00 00 00 00 00 95 fd c1 00 00 00 00 00 00 00 00 00 00
00 00 00 00 00 00 b0 fe eb 82 1a 1a 1a 1a 3f c9 fe f1 1f 00 00 00 00 00 00 00 00 00
00 00 00 00 00 00 87 f0 fd fd fd fd fd fd fd fd fc 5e 00 00 00 00 00 00 00 00 00 00
00 00 00 00 00 00 00 14 90 f9 fe fe fe fe f0 c7 4e 00 00 00 00 00 00 00 00 00 00 00
00 00 00 00 00 00 00 00 00 38 40 40 40 40 29 00 00 00 00 00 00 00 00 00 00 00 00 00
00 00 00 00 00 00 00 00 00 00 00 00 00 00 00 00 00 00 00 00 00 00 00 00 00 00 00 00
00 00 00 00 00 00 00 00 00 00 00 00 00 00 00 00 00 00 00 00 00 00 00 00 00 00 00 00
00 00 00 00 00 00 00 00 00 00 00 00 00 00 00 00 00 00 00 00 00 00 00 00 00 00 00 00
00 00 00 00 00 00 00 00 00 00 00 00 00 00 00 00 00 00 00 00 00 00 00 00 00 00 00 00
00 00 00 00 00 00 00 00 00 00 00 00 00 00 00 00 00 00 00 00 00 00 00 00 00 00 00 00
