00 00 00 00 00 00 00 00 00 00 00 00 00 00 00 00 00 00 00 00 00 00 00 00 00 00 00 00
00 00 00 00 00 00 00 00 00 00 00 00 00 00 00 00 00 00 00 00 00 00 00 00 00 00 00 00
00 00 00 00 00 00 00 00 00 00 00 00 00 00 00 00 00 00 00 00 00 00 00 00 00 00 00 00
00 00 00 00 00 00 00 00 00 00 00 00 00 00 00 00 00 00 00 00 00 00 00 00 00 00 00 00
00 00 00 00 00 00 00 00 00 00 00 00 00 00 00 00 00 00 00 00 00 00 00 00 00 00 00 00
00 00 00 00 00 00 00 00 00 00 00 00 00 00 00 1a 7d 7d 6d 00 00 00 00 00 00 00 00 00
00 00 00 00 00 00 00 00 00 00 65 76 9a f8 f8 f9 fd fd fd f8 f8 ae 73 00 00 00 00 00
00 00 00 00 00 00 00 00 2b 9e fb fd fd fd fd fd fd fd fd fd fd fd fd ae 00 00 00 00
00 00 00 00 00 00 2e e1 f2 fd fd fd fd fd fd b2 95 95 95 95 d3 fd fd fd 00 00 00 00
00 00 00 00 00 00 45 f6 cb a7 9b 74 19 19 19 07 00 00 00 00 21 fd fd cb 00 00 00 00
00 00 00 00 00 00 00 1e 10 04 00 00 00 00 00 00 00 00 00 47 e0 fd fd 7b 00 00 00 00
00 00 00 00 00 00 00 00 00 00 00 00 00 00 00 00 00 4e d7 ef fd fd fb 52 00 00 00 00
00 00 00 00 00 00 00 00 00 00 00 00 00 00 3b 6a d1 ef fd fd f7 a8 2c 00 00 00 00 00
00 00 00 00 00 00 00 00 00 00 3e 71 ca ca f0 fd fd fd fd c3 30 00 00 00 00 00 00 00
00 00 00 00 00 00 00 00 00 47 f5 fd fd fd fd fd fd fd fd 61 00 00 00 00 00 00 00 00
00 00 00 00 00 00 00 00 00 5c fd fd fd d0 c2 80 80 ea fd c2 00 00 00 00 00 00 00 00
00 00 00 00 00 00 00 00 00 1a 47 47 47 11 00 00 00 4c fd e8 16 00 00 00 00 00 00 00
00 00 00 00 00 00 00 00 00 00 00 00 00 00 00 00 00 28 fd fd 68 00 00 00 00 00 00 00
00 00 00 00 00 13 17 00 00 00 00 00 00 00 00 00 00 28 fd fd 68 00 00 00 00 00 00 00
00 00 00 00 21 ca c7 0a 00 00 00 00 00 00 00 00 06 86 fd fd 68 00 00 00 00 00 00 00
00 00 00 00 ff fd d3 24 03 00 00 00 00 00 14 1b 86 fd fd e0 28 00 00 00 00 00 00 00
00 00 00 00 f4 fd fd fd a0 96 96 96 96 96 e3 fd fd fa ea 5a 00 00 00 00 00 00 00 00
00 00 00 00 36 aa fd fd fd fd fd fd fd fd fd fa 95 5d 00 00 00 00 00 00 00 00 00 00
00 00 00 00 00 00 6f ed f7 f7 f7 f7 f7 f7 d8 5d 00 00 00 00 00 00 00 00 00 00 00 00
00 00 00 00 00 00 00 00 00 00 00 00 00 00 00 00 00 00 00 00 00 00 00 00 00 00 00 00
00 00 00 00 00 00 00 00 00 00 00 00 00 00 00 00 00 00 00 00 00 00 00 00 00 00 00 00
00 00 00 00 00 00 00 00 00 00 00 00 00 00 00 00 00 00 00 00 00 00 00 00 00 00 00 00
00 00 00 00 00 00 00 00 00 00 00 00 00 00 00 00 00 00 00 00 00 00 00 00 00 00 00 00
