00 00 00 00 00 00 00 00 00 00 00 00 00 00 00 00 00 00 00 00 00 00 00 00 00 00 00 00
00 00 00 00 00 00 00 00 00 00 00 00 00 00 00 00 00 00 00 00 00 00 00 00 00 00 00 00
00 00 00 00 00 00 00 00 00 00 00 00 00 00 00 00 00 00 00 00 00 00 00 00 00 00 00 00
00 00 00 00 00 00 00 00 00 00 00 00 00 00 00 00 00 00 00 00 00 00 00 00 00 00 00 00
00 00 00 00 00 00 00 00 00 00 00 00 00 00 00 00 00 00 00 00 00 00 00 00 00 00 00 00
00 00 00 00 00 00 00 00 00 00 00 00 00 00 00 00 00 00 00 0b cb e5 20 00 00 00 00 00
00 00 00 00 00 00 00 00 00 00 00 00 00 00 00 1a 2f 2f 1e 5f fe d7 0d 00 00 00 00 00
00 00 00 00 00 00 00 00 00 00 00 2d 9a b9 b9 df fd fd 85 af ff bc 13 00 00 00 00 00
00 00 00 00 00 00 00 00 00 00 00 6e fd fd fd f6 a1 e4 fd fd fe 5c 00 00 00 00 00 00
00 00 00 00 00 00 00 00 00 00 80 f5 fd 9e 89 15 00 30 e9 fd e9 08 00 00 00 00 00 00
00 00 00 00 00 00 00 00 00 00 8b fe df 19 00 00 24 aa fe f4 6a 00 00 00 00 00 00 00
00 00 00 00 00 00 00 00 00 00 37 d4 fd a1 0b 1a b2 fd ec 71 00 00 00 00 00 00 00 00
00 00 00 00 00 00 00 00 00 00 07 9b fd e4 50 df fd fd 6d 00 00 00 00 00 00 00 00 00
00 00 00 00 00 00 00 00 00 00 00 8d fd fd fd fe fd 9a 1d 00 00 00 00 00 00 00 00 00
00 00 00 00 00 00 00 00 00 00 00 6e fd fd fd fe b3 26 00 00 00 00 00 00 00 00 00 00
00 00 00 00 00 00 00 00 00 00 03 ab fe fe fe b3 00 00 00 00 00 00 00 00 00 00 00 00
00 00 00 00 00 00 00 00 00 00 ab fd fd fd fd b2 00 00 00 00 00 00 00 00 00 00 00 00
00 00 00 00 00 00 00 00 1a 7b fe fd cb 9c fd c8 00 00 00 00 00 00 00 00 00 00 00 00
00 00 00 00 00 00 00 00 5d fd fe 79 0d 5d fd 9e 00 00 00 00 00 00 00 00 00 00 00 00
00 00 00 00 00 00 00 40 ef fd 4c 08 20 db fd 7e 00 00 00 00 00 00 00 00 00 00 00 00
00 00 00 00 00 00 00 85 fe bf 00 05 6c ea fe 6a 00 00 00 00 00 00 00 00 00 00 00 00
00 00 00 00 00 00 00 84 fd be 05 55 fd ec 9a 00 00 00 00 00 00 00 00 00 00 00 00 00
00 00 00 00 00 00 00 99 fd a9 c0 fd fd 4d 00 00 00 00 00 00 00 00 00 00 00 00 00 00
00 00 00 00 00 00 00 70 fd fd fe ec 81 09 00 00 00 00 00 00 00 00 00 00 00 00 00 00
00 00 00 00 00 00 00 11 76 f3 bf 71 00 00 00 00 00 00 00 00 00 00 00 00 00 00 00 00
00 00 00 00 00 00 00 00 00 00 00 00 00 00 00 00 00 00 00 00 00 00 00 00 00 00 00 00
00 00 00 00 00 00 00 00 00 00 00 00 00 00 00 00 00 00 00 00 00 00 00 00 00 00 00 00
00 00 00 00 00 00 00 00 00 00 00 00 00 00 00 00 00 00 00 00 00 00 00 00 00 00 00 00
