00 00 00 00 00 00 00 00 00 00 00 00 00 00 00 00 00 00 00 00 00 00 00 00 00 00 00 00
00 00 00 00 00 00 00 00 00 00 00 00 00 00 00 00 00 00 00 00 00 00 00 00 00 00 00 00
00 00 00 00 00 00 00 00 00 00 00 00 00 00 00 00 00 00 00 00 00 00 00 00 00 00 00 00
00 00 00 00 00 00 00 00 00 00 00 00 00 00 00 00 00 00 00 00 00 00 00 00 00 00 00 00
00 00 00 00 00 00 00 00 00 00 00 00 00 00 00 00 00 00 00 00 00 00 00 00 00 00 00 00
00 00 00 00 00 00 00 00 00 00 00 00 00 00 00 00 00 00 00 00 00 00 00 00 00 00 00 00
00 00 00 00 00 00 00 00 00 00 00 00 00 00 00 00 00 00 00 00 00 00 00 00 00 00 00 00
00 00 00 00 00 00 00 00 00 00 00 00 00 00 00 00 00 00 00 72 ee 8f 26 00 00 00 00 00
00 00 00 00 00 00 00 00 00 00 00 43 55 55 00 00 00 39 55 fd fc e9 38 00 00 00 00 00
00 00 00 00 00 00 00 26 39 c6 c5 f0 d6 c3 00 13 58 ea fc fd fc a4 00 00 00 00 00 00
00 00 00 00 00 00 07 b2 fc fd f2 df 4a 00 5c c4 fc fc fc fd c3 13 00 00 00 00 00 00
00 00 00 00 00 00 87 fc fc be 4a 00 5f 8c fd fc fc fc fc fd a7 00 00 00 00 00 00 00
00 00 00 00 00 56 fd fd fd 33 71 90 fd fd ff 98 1f a9 fd ff 6a 00 00 00 00 00 00 00
00 00 00 00 00 09 9b fc fc ee fc fc c3 a7 1b 03 00 a9 fc d7 12 00 00 00 00 00 00 00
00 00 00 00 00 00 0d 95 c3 fd c9 a4 13 00 00 00 4c ea fc 6e 00 00 00 00 00 00 00 00
00 00 00 00 00 00 00 00 00 54 09 00 00 00 00 0a cb fc fc 00 00 00 00 00 00 00 00 00
00 00 00 00 00 00 00 00 00 00 00 00 00 00 00 55 fc fc ad 00 00 00 00 00 00 00 00 00
00 00 00 00 00 00 00 00 00 00 00 00 00 00 00 55 fd f0 3f 00 00 00 00 00 00 00 00 00
00 00 00 00 00 00 00 00 00 00 00 00 00 00 00 d2 fc b0 00 00 00 00 00 00 00 00 00 00
00 00 00 00 00 00 00 00 00 00 00 00 00 00 78 f6 fc 54 00 00 00 00 00 00 00 00 00 00
00 00 00 00 00 00 00 00 00 00 00 00 00 00 fd fc d6 1c 00 00 00 00 00 00 00 00 00 00
00 00 00 00 00 00 00 00 00 00 00 00 00 4f fd fc 76 00 00 00 00 00 00 00 00 00 00 00
00 00 00 00 00 00 00 00 00 00 00 00 00 8d ff d7 1f 00 00 00 00 00 00 00 00 00 00 00
00 00 00 00 00 00 00 00 00 00 00 00 00 8c fd a7 00 00 00 00 00 00 00 00 00 00 00 00
00 00 00 00 00 00 00 00 00 00 00 00 17 e3 fd a7 00 00 00 00 00 00 00 00 00 00 00 00
00 00 00 00 00 00 00 00 00 00 00 00 1a ef fd e0 25 00 00 00 00 00 00 00 00 00 00 00
00 00 00 00 00 00 00 00 00 00 00 00 00 3f fd 7f 19 00 00 00 00 00 00 00 00 00 00 00
00 00 00 00 00 00 00 00 00 00 00 00 00 00 00 00 00 00 00 00 00 00 00 00 00 00 00 00
