00 00 00 00 00 00 00 00 00 00 00 00 00 00 00 00 00 00 00 00 00 00 00 00 00 00 00 00
00 00 00 00 00 00 00 00 00 00 00 00 00 00 00 00 00 00 00 00 00 00 00 00 00 00 00 00
00 00 00 00 00 00 00 00 00 00 00 00 00 00 00 00 00 00 00 00 00 00 00 00 00 00 00 00
00 00 00 00 00 00 00 00 00 00 00 00 00 00 00 00 00 00 00 80 bf ff 00 00 00 00 00 00
00 00 00 00 00 00 00 00 00 00 00 00 00 00 00 00 00 40 bf ff ff ff 40 00 00 00 00 00
00 00 00 00 00 00 00 00 00 00 00 00 00 00 00 00 bf ff 80 bf ff ff 80 00 00 00 00 00
00 00 00 00 00 00 00 00 00 00 00 00 00 00 80 bf 80 40 00 00 80 ff 00 00 00 00 00 00
00 00 00 00 00 00 00 00 00 00 00 00 00 bf bf 40 00 00 00 00 80 ff 80 00 00 00 00 00
00 00 00 00 00 00 00 00 00 00 00 00 bf ff 80 00 00 00 00 00 80 ff 00 00 00 00 00 00
00 00 00 00 00 00 00 00 00 00 00 00 40 80 40 00 00 00 00 00 bf ff 00 00 00 00 00 00
00 00 00 00 00 00 00 00 00 00 00 00 00 00 00 00 00 00 00 00 ff ff 00 00 00 00 00 00
00 00 00 00 00 00 00 00 00 00 00 00 00 00 00 00 00 00 00 80 ff ff 00 00 00 00 00 00
00 00 00 00 00 00 00 00 00 00 00 00 00 00 00 00 00 00 00 40 ff bf 00 00 00 00 00 00
00 00 00 00 00 00 00 80 bf 00 00 00 00 00 00 00 00 00 00 ff ff 80 00 00 00 00 00 00
00 00 00 00 00 00 bf ff ff ff 00 00 00 00 00 00 00 00 00 ff bf 00 00 00 00 00 00 00
00 00 00 00 00 40 ff ff ff ff ff bf 00 00 00 00 00 00 80 ff 40 00 00 00 00 00 00 00
00 00 00 00 00 bf ff 00 00 bf bf ff ff bf 80 00 00 40 ff bf 00 00 00 00 00 00 00 00
00 00 00 00 00 ff ff 00 00 00 00 00 00 00 80 40 00 bf ff 40 00 00 00 00 00 00 00 00
00 00 00 00 00 80 ff 00 00 00 00 00 00 00 00 00 bf ff bf 00 00 00 00 00 00 00 00 00
00 00 00 00 00 80 ff 40 00 00 00 00 00 00 40 bf ff bf 00 00 00 00 00 00 00 00 00 00
00 00 00 00 00 80 ff bf 40 00 00 00 80 40 ff ff 80 00 00 00 00 00 00 00 00 00 00 00
00 00 00 00 00 40 bf ff ff ff ff ff ff ff 80 00 00 00 00 00 00 00 00 00 00 00 00 00
00 00 00 00 00 00 00 80 bf ff bf 80 80 00 00 00 00 00 00 00 00 00 00 00 00 00 00 00
00 00 00 00 00 00 00 00 00 00 00 00 00 00 00 00 00 00 00 00 00 00 00 00 00 00 00 00
00 00 00 00 00 00 00 00 00 00 00 00 00 00 00 00 00 00 00 00 00 00 00 00 00 00 00 00
00 00 00 00 00 00 00 00 00 00 00 00 00 00 00 00 00 00 00 00 00 00 00 00 00 00 00 00
00 00 00 00 00 00 00 00 00 00 00 00 00 00 00 00 00 00 00 00 00 00 00 00 00 00 00 00
00 00 00 00 00 00 00 00 00 00 00 00 00 00 00 00 00 00 00 00 00 00 00 00 00 00 00 00
