00 00 00 00 00 00 00 00 00 00 00 00 00 00 00 00 00 00 00 00 00 00 00 00 00 00 00 00
00 00 00 00 00 00 00 00 00 00 00 00 00 00 00 00 00 00 00 00 00 00 00 00 00 00 00 00
00 00 00 00 00 00 00 00 00 00 00 00 00 00 00 00 00 00 00 00 00 00 00 00 00 00 00 00
00 00 00 00 00 00 00 00 00 00 00 00 00 00 00 00 00 00 00 00 00 00 00 00 00 00 00 00
00 00 00 00 00 00 00 00 00 00 00 00 00 00 00 00 00 00 00 00 00 00 00 00 00 00 00 00
00 00 00 00 00 00 00 00 00 00 00 00 00 00 00 0f 2f 18 00 00 00 00 00 00 00 00 00 00
00 00 00 00 00 00 00 00 00 8f 3a 92 92 92 92 b3 fd c9 92 31 00 00 00 00 00 00 00 00
00 00 00 00 00 00 00 00 8f fd f9 fd fd fd fd fd fd fd fd ef 33 00 00 00 00 00 00 00
00 00 00 00 00 00 00 00 92 fd fd fd fd e1 d6 d6 da fd fd fd e1 1d 00 00 00 00 00 00
00 00 00 00 00 00 00 00 43 fa 93 73 73 1f 00 00 0b b6 fd fd fd 26 00 00 00 00 00 00
00 00 00 00 00 00 00 00 00 0e 04 00 00 00 00 00 08 a7 fd fd fd 26 00 00 00 00 00 00
00 00 00 00 00 00 00 00 00 00 00 00 00 00 00 0a 91 fd fd fd ef 21 00 00 00 00 00 00
00 00 00 00 00 00 00 00 00 00 00 00 00 00 45 a8 fd fd fd f5 43 00 00 00 00 00 00 00
00 00 00 00 00 00 00 00 00 00 00 00 1a 61 f3 fd fd fd e8 48 00 00 00 00 00 00 00 00
00 00 00 00 00 00 00 00 00 00 12 6c cb fd fd fd ed 9a 37 00 00 00 00 00 00 00 00 00
00 00 00 00 00 00 00 00 00 2e de fd fd fd fd 8c 27 00 00 00 00 00 00 00 00 00 00 00
00 00 00 00 00 00 00 0d 9f ea fd fd e6 a5 1e 03 00 00 00 00 00 00 03 46 46 46 00 00
00 00 00 00 00 00 44 b9 fd fd f1 ed 40 00 00 00 02 10 10 10 10 93 ac fd fa ee 00 00
00 00 00 00 00 00 ab fd fd fd 3d 00 6e 74 74 74 80 fd fd fd fd fd fd fd c7 00 00 00
00 00 00 00 00 00 ff fd fd fd e1 d8 fb fd fd fd fd fd fd fd fd c8 bf bf 39 00 00 00
00 00 00 00 00 00 98 f7 fd fd fd fd fd fd fd f6 f5 f5 f5 ec 5c 0e 00 00 00 00 00 00
00 00 00 00 00 00 00 1b 91 fa fd fd fd ae 91 0d 00 00 00 00 00 00 00 00 00 00 00 00
00 00 00 00 00 00 00 00 00 2c 2d 2d 2d 0d 00 00 00 00 00 00 00 00 00 00 00 00 00 00
00 00 00 00 00 00 00 00 00 00 00 00 00 00 00 00 00 00 00 00 00 00 00 00 00 00 00 00
00 00 00 00 00 00 00 00 00 00 00 00 00 00 00 00 00 00 00 00 00 00 00 00 00 00 00 00
00 00 00 00 00 00 00 00 00 00 00 00 00 00 00 00 00 00 00 00 00 00 00 00 00 00 00 00
00 00 00 00 00 00 00 00 00 00 00 00 00 00 00 00 00 00 00 00 00 00 00 00 00 00 00 00
00 00 00 00 00 00 00 00 00 00 00 00 00 00 00 00 00 00 00 00 00 00 00 00 00 00 00 00
