00 00 00 00 00 00 00 00 00 00 00 00 00 00 00 00 00 00 00 00 00 00 00 00 00 00 00 00
00 00 00 00 00 00 00 00 00 00 00 00 00 00 00 00 00 00 00 00 00 00 00 00 00 00 00 00
00 00 00 00 00 00 00 00 00 00 00 00 00 00 00 00 00 00 00 00 00 00 00 00 00 00 00 00
00 00 00 00 00 00 00 00 00 00 00 00 00 00 00 00 00 00 00 00 00 00 00 00 00 00 00 00
00 00 00 00 00 00 00 00 00 00 00 00 00 00 00 00 00 00 00 00 00 00 00 00 00 00 00 00
00 00 00 00 00 00 00 00 00 00 00 00 00 00 00 00 00 00 00 00 00 00 00 00 00 00 00 00
00 00 00 00 00 00 00 00 00 00 00 00 00 00 00 00 00 00 00 00 00 00 00 00 00 00 00 00
00 00 00 00 00 00 00 00 00 00 00 00 00 00 00 00 00 00 00 00 00 19 31 7b 69 00 00 00
00 00 00 00 00 00 00 00 00 00 00 00 00 00 00 00 00 13 5a ae df ee fe fe 78 00 00 00
00 00 00 00 00 00 00 00 00 00 00 00 00 20 b0 a6 95 f1 fe fe fe c3 89 35 01 00 00 00
00 00 00 00 00 00 00 00 00 00 00 00 26 e6 fe fe fd e2 a9 89 4f 02 00 00 00 00 00 00
00 00 00 00 00 00 00 00 00 00 00 00 7c fe ef 73 39 00 00 00 00 00 00 00 00 00 00 00
00 00 00 00 00 00 00 00 00 00 00 01 8c fe aa 00 00 00 00 00 00 00 00 00 00 00 00 00
00 00 00 00 00 00 00 00 00 00 0c c7 ff c2 5e 14 00 00 00 00 00 00 00 00 00 00 00 00
00 00 00 00 00 00 00 00 00 00 5a fe fe fe fe bf 29 00 00 00 00 00 00 00 00 00 00 00
00 00 00 00 00 00 00 00 00 00 28 6c 1c 1c a2 fe 1c 00 00 00 00 00 00 00 00 00 00 00
00 00 00 00 00 00 00 00 00 00 00 00 00 22 d5 ef 14 00 00 00 00 00 00 00 00 00 00 00
00 00 00 00 00 0b e6 38 00 00 00 00 04 73 fe ad 00 00 00 00 00 00 00 00 00 00 00 00
00 00 00 00 00 d1 bb 25 58 ac b6 b6 d2 fe 87 23 00 00 00 00 00 00 00 00 00 00 00 00
00 00 00 00 00 b7 fe fe fe fe fe fe e8 7f 0d 00 00 00 00 00 00 00 00 00 00 00 00 00
00 00 00 00 00 16 81 81 81 6e 48 66 0f 00 00 00 00 00 00 00 00 00 00 00 00 00 00 00
00 00 00 00 00 00 00 00 00 00 00 00 00 00 00 00 00 00 00 00 00 00 00 00 00 00 00 00
00 00 00 00 00 00 00 00 00 00 00 00 00 00 00 00 00 00 00 00 00 00 00 00 00 00 00 00
00 00 00 00 00 00 00 00 00 00 00 00 00 00 00 00 00 00 00 00 00 00 00 00 00 00 00 00
00 00 00 00 00 00 00 00 00 00 00 00 00 00 00 00 00 00 00 00 00 00 00 00 00 00 00 00
00 00 00 00 00 00 00 00 00 00 00 00 00 00 00 00 00 00 00 00 00 00 00 00 00 00 00 00
00 00 00 00 00 00 00 00 00 00 00 00 00 00 00 00 00 00 00 00 00 00 00 00 00 00 00 00
00 00 00 00 00 00 00 00 00 00 00 00 00 00 00 00 00 00 00 00 00 00 00 00 00 00 00 00
