00 00 00 00 00 00 00 00 00 00 00 00 00 00 00 00 00 00 00 00 00 00 00 00 00 00 00 00
00 00 00 00 00 00 00 00 00 00 00 00 00 00 00 00 00 00 00 00 00 00 00 00 00 00 00 00
00 00 00 00 00 00 00 00 00 00 00 00 00 00 00 00 00 00 00 00 00 00 00 00 00 00 00 00
00 00 00 00 00 00 00 00 00 00 00 00 00 00 00 00 00 00 00 00 00 00 00 00 00 00 00 00
00 00 00 00 00 00 00 00 00 00 00 00 00 00 00 00 00 00 00 00 00 00 00 00 00 00 00 00
00 00 00 00 00 00 00 00 00 00 00 00 00 00 00 00 00 00 00 00 00 00 00 00 00 00 00 00
00 00 00 00 00 00 00 00 00 00 00 00 00 00 00 00 00 00 00 00 00 00 00 00 00 00 00 00
00 00 00 00 00 00 00 00 00 00 00 15 c5 fe 82 19 1c 82 0c 00 00 00 00 00 00 00 00 00
00 00 00 00 00 00 00 00 00 00 25 e0 fd e0 ff e9 f0 fd 58 00 00 00 00 00 00 00 00 00
00 00 00 00 00 00 00 00 00 23 de fd df 27 a7 fd fd fd 58 00 00 00 00 00 00 00 00 00
00 00 00 00 00 00 00 00 00 92 fd dc 24 00 13 dc fd fb 50 00 00 00 00 00 00 00 00 00
00 00 00 00 00 00 00 00 0d d3 f6 23 00 19 b2 fd fd e7 00 00 00 00 00 00 00 00 00 00
00 00 00 00 00 00 00 00 38 fd f6 23 42 d1 fe fd fd 90 00 00 00 00 00 00 00 00 00 00
00 00 00 00 00 00 00 00 05 c7 fd f1 f8 fd a6 b7 fd 79 00 00 00 00 00 00 00 00 00 00
00 00 00 00 00 00 00 00 00 4a fa fd f0 a1 00 b1 fd 79 00 00 00 00 00 00 00 00 00 00
00 00 00 00 00 00 00 00 00 00 41 9c 2e 00 19 ea fd 79 00 00 00 00 00 00 00 00 00 00
00 00 00 00 00 00 00 00 00 00 00 00 00 00 13 dc fd 79 00 00 00 00 00 00 00 00 00 00
00 00 00 00 00 00 00 00 00 00 00 00 00 00 00 b2 fe 7a 00 00 00 00 00 00 00 00 00 00
00 00 00 00 00 00 00 00 00 00 00 00 00 00 00 b1 fd 79 00 00 00 00 00 00 00 00 00 00
00 00 00 00 00 00 00 00 00 00 00 00 00 00 00 b1 fd 79 00 00 00 00 00 00 00 00 00 00
00 00 00 00 00 00 00 00 00 00 00 00 00 00 20 fa fd 70 00 00 00 00 00 00 00 00 00 00
00 00 00 00 00 00 00 00 00 00 00 00 00 00 22 fd fd 0a 00 00 00 00 00 00 00 00 00 00
00 00 00 00 00 00 00 00 00 00 00 00 00 00 22 fd fd 0a 00 00 00 00 00 00 00 00 00 00
00 00 00 00 00 00 00 00 00 00 00 00 00 00 22 fd fd 0f 00 00 00 00 00 00 00 00 00 00
00 00 00 00 00 00 00 00 00 00 00 00 00 00 22 fd fd 90 54 00 00 00 00 00 00 00 00 00
00 00 00 00 00 00 00 00 00 00 00 00 00 00 09 a3 fd fd c6 00 00 00 00 00 00 00 00 00
00 00 00 00 00 00 00 00 00 00 00 00 00 00 00 26 eb c3 40 00 00 00 00 00 00 00 00 00
00 00 00 00 00 00 00 00 00 00 00 00 00 00 00 00 00 00 00 00 00 00 00 00 00 00 00 00
