00 00 00 00 00 00 00 00 00 00 00 00 00 00 00 00 00 00 00 00 00 00 00 00 00 00 00 00
00 00 00 00 00 00 00 00 00 00 00 00 00 00 00 00 00 00 00 00 00 00 00 00 00 00 00 00
00 00 00 00 00 00 00 00 00 00 00 00 00 00 00 00 00 00 00 00 00 00 00 00 00 00 00 00
00 00 00 00 00 00 00 00 00 00 00 00 00 00 00 00 00 00 00 00 00 00 00 00 00 00 00 00
00 00 00 00 00 00 00 00 00 00 00 00 00 00 00 00 00 00 00 00 00 00 00 00 00 00 00 00
00 00 00 00 00 00 00 00 00 00 00 00 00 00 00 00 00 00 00 00 00 00 00 00 00 00 00 00
00 00 00 00 00 00 00 00 00 00 00 00 00 00 00 00 00 00 00 00 00 00 00 00 00 00 00 00
00 00 00 00 00 00 00 00 00 00 00 0f 57 fe ff f0 78 00 00 00 00 00 00 00 00 00 00 00
00 00 00 00 00 00 00 00 00 03 69 e4 fd fd e6 f9 fc 64 49 07 00 00 00 00 00 00 00 00
00 00 00 00 00 00 00 00 14 95 fd fd e0 38 15 63 e6 fd fd 9e 00 00 00 00 00 00 00 00
00 00 00 00 00 00 00 00 89 fd fd bb 0d 00 00 00 86 fd fd ea 00 00 00 00 00 00 00 00
00 00 00 00 00 00 00 1c f1 fd ed 0e 00 00 00 07 83 fd fd b5 00 00 00 00 00 00 00 00
00 00 00 00 00 00 00 3e f9 fb 56 00 00 00 25 a8 fd fd fd 40 00 00 00 00 00 00 00 00
00 00 00 00 00 00 00 4c fd ca 00 00 00 3f e2 fd dd fd ed 1f 00 00 00 00 00 00 00 00
00 00 00 00 00 00 00 4c fd 8c 00 22 66 e2 ef 63 47 fd 96 00 00 00 00 00 00 00 00 00
00 00 00 00 00 00 00 27 e9 ec b5 ee fd c5 1c 00 72 fd 20 00 00 00 00 00 00 00 00 00
00 00 00 00 00 00 00 00 36 c8 fd c5 72 11 00 0e da fd 12 00 00 00 00 00 00 00 00 00
00 00 00 00 00 00 00 00 00 00 00 00 00 00 00 26 fe fe 12 00 00 00 00 00 00 00 00 00
00 00 00 00 00 00 00 00 00 00 00 00 00 00 00 26 fd fd 12 00 00 00 00 00 00 00 00 00
00 00 00 00 00 00 00 00 00 00 00 00 00 00 00 70 fd de 0b 00 00 00 00 00 00 00 00 00
00 00 00 00 00 00 00 00 00 00 00 00 00 00 00 83 fd 95 00 00 00 00 00 00 00 00 00 00
00 00 00 00 00 00 00 00 00 00 00 00 00 00 00 95 f7 26 00 00 00 00 00 00 00 00 00 00
00 00 00 00 00 00 00 00 00 00 00 00 00 00 05 e3 f3 00 00 00 00 00 00 00 00 00 00 00
00 00 00 00 00 00 00 00 00 00 00 00 00 00 42 fd f3 00 00 00 00 00 00 00 00 00 00 00
00 00 00 00 00 00 00 00 00 00 00 00 00 00 42 fd f3 00 00 00 00 00 00 00 00 00 00 00
00 00 00 00 00 00 00 00 00 00 00 00 00 00 42 fd f3 00 00 00 00 00 00 00 00 00 00 00
00 00 00 00 00 00 00 00 00 00 00 00 00 00 2a f2 f3 00 00 00 00 00 00 00 00 00 00 00
00 00 00 00 00 00 00 00 00 00 00 00 00 00 00 00 00 00 00 00 00 00 00 00 00 00 00 00
