00 00 00 00 00 00 00 00 00 00 00 00 00 00 00 00 00 00 00 00 00 00 00 00 00 00 00 00
00 00 00 00 00 00 00 00 00 00 00 00 00 00 00 00 00 00 00 00 00 00 00 00 00 00 00 00
00 00 00 00 00 00 00 00 00 00 00 00 00 00 00 00 00 00 00 00 00 00 00 00 00 00 00 00
00 00 00 00 00 00 00 00 00 00 00 00 00 00 00 00 00 00 00 00 00 00 00 00 00 00 00 00
00 00 00 00 00 00 00 00 00 00 00 00 00 00 00 00 00 00 00 00 00 00 00 00 00 00 00 00
00 00 00 00 00 00 00 00 00 00 00 00 00 00 00 00 00 00 00 00 00 00 00 00 00 00 00 00
00 00 00 00 00 00 00 00 00 00 00 00 2f 2f 81 fd ff fd e8 6d 6e 4e 00 00 00 00 00 00
00 00 00 00 00 00 00 01 49 49 5e d9 e9 e8 fc fc fd fc fc fc fd f2 c4 1f 00 00 00 00
00 00 00 00 00 00 00 15 fc fc fc fc fd fc fc fc fd fc fc fc fd fc fc 80 00 00 00 00
00 00 00 00 00 00 15 ce fc fc fc fc fd fc fc a8 6c 6c 6c 6c fd fc fc fc 00 00 00 00
00 00 00 00 00 00 15 cd cd 8f 7b 00 00 00 00 00 00 00 00 00 2f e8 fc bd 00 00 00 00
00 00 00 00 00 00 00 14 14 00 00 00 00 00 00 00 00 00 35 49 e9 fc fc 6c 00 00 00 00
00 00 00 00 00 00 00 00 00 00 00 00 00 00 00 00 10 4e e8 fc fd fc cd 1f 00 00 00 00
00 00 00 00 00 00 00 00 00 00 00 00 00 00 15 90 bf fc fc fc fd d2 1f 00 00 00 00 00
00 00 00 00 00 00 00 00 00 00 00 3f ff fd fd fd ff fd fd bf 54 00 00 00 00 00 00 00
00 00 00 00 00 00 00 00 00 00 00 90 fd fc fc fc fd e7 4c 0f 00 00 00 00 00 00 00 00
00 00 00 00 00 00 00 00 00 00 00 7d d9 ae 47 af fd e7 33 00 00 00 00 00 00 00 00 00
00 00 00 00 00 00 00 00 00 00 00 00 00 00 00 90 fd fc 47 00 00 00 00 00 00 00 00 00
00 00 00 00 00 00 00 00 00 00 00 00 00 00 10 bf ff fd 48 00 00 00 00 00 00 00 00 00
00 00 00 00 00 00 00 00 00 00 00 00 00 00 25 fc fd bd 0a 00 00 00 00 00 00 00 00 00
00 00 00 00 4f b5 33 00 00 00 00 00 00 0b 96 fc fd b3 00 00 00 00 00 00 00 00 00 00
00 00 00 00 bf fc 47 00 00 00 00 00 00 9b fc fc fd 61 00 00 00 00 00 00 00 00 00 00
00 00 00 00 ff fd fd fd 6d 6d 6d bf ff fd fd fd 54 00 00 00 00 00 00 00 00 00 00 00
00 00 00 00 80 fc fc fc fc fc fc fc fd e7 9e 23 00 00 00 00 00 00 00 00 00 00 00 00
00 00 00 00 1f 47 af d7 d7 e2 fc e7 d9 47 00 00 00 00 00 00 00 00 00 00 00 00 00 00
00 00 00 00 00 00 00 00 00 1f 6c 2e 00 00 00 00 00 00 00 00 00 00 00 00 00 00 00 00
00 00 00 00 00 00 00 00 00 00 00 00 00 00 00 00 00 00 00 00 00 00 00 00 00 00 00 00
00 00 00 00 00 00 00 00 00 00 00 00 00 00 00 00 00 00 00 00 00 00 00 00 00 00 00 00
