00 00 00 00 00 00 00 00 00 00 00 00 00 00 00 00 00 00 00 00 00 00 00 00 00 00 00 00
00 00 00 00 00 00 00 00 00 00 00 00 00 00 00 00 00 00 00 00 00 00 00 00 00 00 00 00
00 00 00 00 00 00 00 00 00 00 00 00 00 00 00 00 00 00 00 00 00 00 00 00 00 00 00 00
00 00 00 00 00 00 00 00 00 00 00 00 00 00 00 00 00 00 00 00 00 00 00 00 00 00 00 00
00 00 00 00 00 00 00 00 00 00 00 00 00 00 00 00 00 00 00 00 00 00 00 00 00 00 00 00
00 00 00 00 00 00 00 00 00 00 00 00 00 00 00 00 00 00 00 00 00 00 00 00 00 00 00 00
00 00 00 00 00 00 00 00 00 00 00 00 00 00 00 00 00 00 00 00 00 00 00 00 00 00 00 00
00 00 00 00 00 00 00 00 00 00 00 00 00 00 00 00 00 00 00 00 00 00 00 00 00 00 00 00
00 00 00 00 00 00 00 00 00 00 00 00 1b 62 62 65 eb eb eb eb eb 94 2d 00 00 00 00 00
00 00 00 00 00 00 00 00 00 28 23 7e e1 fe fe fe fe fe fe fe fe fe e9 00 00 00 00 00
00 00 00 00 34 38 a0 c2 c2 e1 dd fe fe fe fe fe fe fe fe fe fe fe 95 00 00 00 00 00
00 00 00 51 f8 fe fe fe fe fe fe fe fe e5 cd 52 52 52 8a fe fe fe 75 00 00 00 00 00
00 00 00 ba fd fe fe fe fe f7 f1 75 67 1c 00 00 00 3f b9 fe fc 9a 2f 00 00 00 00 00
00 00 00 00 72 7c 7c 7c 7c 3c 00 00 00 00 00 00 00 68 fe fe ea 32 00 00 00 00 00 00
00 00 00 00 00 00 00 00 00 00 00 00 00 00 00 00 37 a9 fe fe b0 37 00 00 00 00 00 00
00 00 00 00 00 00 00 00 00 00 00 00 00 00 00 04 c3 fe fe dd 23 00 00 00 00 00 00 00
00 00 00 00 00 00 00 00 00 00 00 00 00 00 2e 4a e6 fe e8 97 0e 00 00 00 00 00 00 00
00 00 00 00 00 00 00 00 00 00 00 00 00 00 8b fe fe fe 47 00 00 00 00 00 00 00 00 00
00 00 00 00 00 00 00 22 38 00 00 00 08 37 af fe fe e4 1e 00 00 00 00 00 00 00 00 00
00 00 00 00 00 00 00 3c 00 00 00 00 94 fe fe fb 72 06 00 00 00 00 00 00 00 00 00 00
00 00 00 00 00 00 00 00 00 00 00 2d e6 fe fe fb 43 00 00 00 00 00 00 00 00 00 00 00
00 00 00 00 00 00 00 00 00 00 2e e8 fe eb 87 0d 00 00 00 00 00 00 00 00 00 00 00 00
00 00 00 00 00 00 00 00 00 00 e7 fe fe a1 00 00 00 00 00 00 00 00 00 00 00 00 00 00
00 00 00 00 00 00 00 00 2d c8 fd e8 50 0f 00 00 00 00 00 00 00 00 00 00 00 00 00 00
00 00 00 00 00 00 00 00 98 fe fe a4 00 00 00 00 00 00 00 00 00 00 00 00 00 00 00 00
00 00 00 00 00 00 00 00 8c ea ea 4d 00 00 00 00 00 00 00 00 00 00 00 00 00 00 00 00
00 00 00 00 00 00 00 00 00 00 00 00 00 00 00 00 00 00 00 00 00 00 00 00 00 00 00 00
00 00 00 00 00 00 00 00 00 00 00 00 00 00 00 00 00 00 00 00 00 00 00 00 00 00 00 00
