00 00 00 00 00 00 00 00 00 00 00 00 00 00 00 00 00 00 00 00 00 00 00 00 00 00 00 00
00 00 00 00 00 00 00 00 00 00 00 00 00 00 00 00 00 00 00 00 00 00 00 00 00 00 00 00
00 00 00 00 00 00 00 00 00 00 00 00 00 00 00 00 00 00 00 00 00 00 00 00 00 00 00 00
00 00 00 00 00 00 00 00 00 00 00 00 00 03 50 50 50 50 50 27 00 00 00 00 00 00 00 00
00 00 00 00 00 00 00 00 00 8a 9f 9f 9f a2 fe fe fe fe fe 7b 00 00 00 00 00 00 00 00
00 00 00 00 00 00 00 00 00 dd fe fe fe fe fe fe fe fe fe f6 53 00 00 00 00 00 00 00
00 00 00 00 00 00 00 00 00 dd fe fe fe fe fe fe fe fe fe fe ef 4e 00 00 00 00 00 00
00 00 00 00 00 00 00 00 00 1e 22 35 88 22 22 22 f8 fe fe fe c1 13 00 00 00 00 00 00
00 00 00 00 00 00 00 00 00 00 00 00 00 00 00 52 fb fe fe be 16 00 00 00 00 00 00 00
00 00 00 00 00 00 00 00 00 00 00 00 00 01 59 ed fe fe fe 7b 00 00 00 00 00 00 00 00
00 00 00 00 00 00 00 00 00 00 00 00 00 53 fe fe fe fe e8 48 00 00 00 00 00 00 00 00
00 00 00 00 00 00 00 00 00 00 00 1a b9 ec fe fe fe 91 37 00 00 00 00 00 00 00 00 00
00 00 00 00 00 00 00 00 00 00 2c dd fe fe fe fe a8 45 00 00 00 00 00 00 00 00 00 00
00 00 00 00 00 00 00 00 00 92 d2 fe fe fe c4 57 03 00 00 00 00 00 00 00 00 00 00 00
00 00 00 00 00 00 00 43 a9 fe fe fe e1 38 05 00 00 00 00 00 00 00 00 00 00 00 00 00
00 00 00 00 00 00 00 ef fe fe fe ef 3d 00 00 00 00 00 00 00 00 00 00 00 00 00 00 00
00 00 00 00 00 11 a3 fd fe fe fe bf 00 00 00 00 00 00 00 00 00 00 00 00 25 00 00 00
00 00 00 00 00 50 fe fe fe fe be 19 00 00 00 00 00 00 00 00 00 3c 84 84 d9 00 00 00
00 00 00 00 00 50 fe fe fe fe ea c2 24 a4 d4 d4 d4 d4 d4 d4 d4 e7 fe fe e6 00 00 00
00 00 00 00 00 9f fe fe fe fe fe fe fe fe fe fe fe fe fe fe fe ff fe d3 2b 00 00 00
00 00 00 00 00 ee f8 fe fe fe fe fe fe fe fe fe fe fe fb ed d4 3d 3d 26 00 00 00 00
00 00 00 00 00 00 63 9d d3 fe fe fe fe b7 9d 9d 9d 9d 7d 00 00 00 00 00 00 00 00 00
00 00 00 00 00 00 00 00 2c 4e 4e 4e 4e 16 00 00 00 00 00 00 00 00 00 00 00 00 00 00
00 00 00 00 00 00 00 00 00 00 00 00 00 00 00 00 00 00 00 00 00 00 00 00 00 00 00 00
00 00 00 00 00 00 00 00 00 00 00 00 00 00 00 00 00 00 00 00 00 00 00 00 00 00 00 00
00 00 00 00 00 00 00 00 00 00 00 00 00 00 00 00 00 00 00 00 00 00 00 00 00 00 00 00
00 00 00 00 00 00 00 00 00 00 00 00 00 00 00 00 00 00 00 00 00 00 00 00 00 00 00 00
00 00 00 00 00 00 00 00 00 00 00 00 00 00 00 00 00 00 00 00 00 00 00 00 00 00 00 00
