00 00 00 00 00 00 00 00 00 00 00 00 00 00 00 00 00 00 00 00 00 00 00 00 00 00 00 00
00 00 00 00 00 00 00 00 00 00 00 00 00 00 00 00 00 00 00 00 00 00 00 00 00 00 00 00
00 00 00 00 00 00 00 00 00 00 00 00 00 00 00 00 00 00 00 00 00 00 00 00 00 00 00 00
00 00 00 00 00 00 00 00 00 00 00 00 00 00 00 00 00 00 00 00 00 00 00 00 00 00 00 00
00 00 00 00 00 00 00 00 00 00 00 00 00 00 00 00 00 00 00 00 00 00 00 00 00 00 00 00
00 00 00 00 00 00 00 00 00 00 06 6f bd fe e5 aa 54 0a 00 00 00 00 00 00 00 00 00 00
00 00 00 00 00 00 00 00 00 0a bd fd ed dd e7 fe f5 e5 aa 34 00 00 00 00 00 00 00 00
00 00 00 00 00 00 00 00 00 78 fe de 27 00 0f ae fd fd fd ee 50 00 00 00 00 00 00 00
00 00 00 00 00 00 00 00 00 99 fe 7b 00 00 00 0c 1f 1f ba fd e4 00 00 00 00 00 00 00
00 00 00 00 00 00 00 00 00 ee fe 3f 00 00 00 00 00 00 40 fd ee 00 00 00 00 00 00 00
00 00 00 00 00 00 00 00 3c fd ff 3f 00 00 00 00 00 00 40 fe ef 00 00 00 00 00 00 00
00 00 00 00 00 00 00 00 00 ee fe 3f 00 00 00 00 00 00 85 fd e4 00 00 00 00 00 00 00
00 00 00 00 00 00 00 00 00 ad fe 80 00 00 00 00 00 40 ed fd 78 00 00 00 00 00 00 00
00 00 00 00 00 00 00 00 00 8a fe cc 2f 00 00 00 1c d0 fd e9 0a 00 00 00 00 00 00 00
00 00 00 00 00 00 00 00 00 37 fe fd e6 73 05 23 c8 fd fd 32 00 00 00 00 00 00 00 00
00 00 00 00 00 00 00 00 00 00 55 dc fe fe e5 e6 fe c4 23 00 00 00 00 00 00 00 00 00
00 00 00 00 00 00 00 00 00 00 00 20 c7 fd fd fe fd f1 2c 00 00 00 00 00 00 00 00 00
00 00 00 00 00 00 00 00 00 00 35 f1 fd fd df 9c f1 fd dd 08 00 00 00 00 00 00 00 00
00 00 00 00 00 00 00 00 00 2d d1 fd f1 91 11 00 7e fd fd 10 00 00 00 00 00 00 00 00
00 00 00 00 00 00 00 00 00 50 fe f3 43 00 00 00 02 b8 fd 41 00 00 00 00 00 00 00 00
00 00 00 00 00 00 00 00 00 19 ff 8e 00 00 00 00 00 b6 fe 5f 00 00 00 00 00 00 00 00
00 00 00 00 00 00 00 00 00 3c fe 8e 00 00 00 00 00 ce fd 5f 00 00 00 00 00 00 00 00
00 00 00 00 00 00 00 00 00 50 fe 9d 00 00 00 00 42 f4 fd 1e 00 00 00 00 00 00 00 00
00 00 00 00 00 00 00 00 00 3c fe f9 3e 00 00 04 c4 fd 84 02 00 00 00 00 00 00 00 00
00 00 00 00 00 00 00 00 00 00 81 fd e6 9e 85 d7 fd ee 16 00 00 00 00 00 00 00 00 00
00 00 00 00 00 00 00 00 00 00 00 00 00 00 00 00 00 00 00 00 00 00 00 00 00 00 00 00
00 00 00 00 00 00 00 00 00 00 00 00 00 00 00 00 00 00 00 00 00 00 00 00 00 00 00 00
00 00 00 00 00 00 00 00 00 00 00 00 00 00 00 00 00 00 00 00 00 00 00 00 00 00 00 00
