00 00 00 00 00 00 00 00 00 00 00 00 00 00 00 00 00 00 00 00 00 00 00 00 00 00 00 00
00 00 00 00 00 00 00 00 00 00 00 00 00 00 00 00 00 00 00 00 00 00 00 00 00 00 00 00
00 00 00 00 00 00 00 00 00 00 00 00 00 00 00 00 00 00 00 00 00 00 00 00 00 00 00 00
00 00 00 00 00 00 00 00 00 00 00 00 00 00 00 00 00 00 00 00 00 00 00 00 00 00 00 00
00 00 00 00 00 00 00 00 00 00 00 00 00 00 00 00 00 00 00 00 00 00 00 00 00 00 00 00
00 00 00 00 00 00 00 00 00 00 00 00 00 00 00 00 00 00 00 00 00 00 00 00 00 00 00 00
00 00 00 00 00 00 00 00 00 00 00 00 00 00 00 00 00 00 00 00 00 00 00 00 00 00 00 00
00 00 00 00 00 00 00 00 00 00 00 00 00 12 69 e3 fd fd 7a 00 00 00 00 00 00 00 00 00
00 00 00 00 00 00 00 00 00 00 00 00 39 c7 fd fc fc fc fc 9f 00 00 00 00 00 00 00 00
00 00 00 00 00 00 00 00 00 00 00 14 d3 fc e8 98 49 a7 fc d7 06 00 00 00 00 00 00 00
00 00 00 00 00 00 00 00 00 00 00 c5 fc b6 00 00 00 25 eb f3 2f 00 00 00 00 00 00 00
00 00 00 00 00 00 00 00 00 00 00 bc fc 67 00 00 00 25 eb e5 1b 00 00 00 00 00 00 00
00 00 00 00 00 00 00 00 00 00 00 bd fd 56 08 2b 8b be d3 2d 00 00 00 00 00 00 00 00
00 00 00 00 00 00 00 00 00 00 00 e8 fc c8 c9 fc fc 54 00 00 00 00 00 00 00 00 00 00
00 00 00 00 00 00 00 00 00 00 00 d5 f5 fc fd fc f2 2a 00 00 00 00 00 00 00 00 00 00
00 00 00 00 00 00 00 00 00 00 00 00 38 54 fd fc a0 00 00 00 00 00 00 00 00 00 00 00
00 00 00 00 00 00 00 00 00 00 00 00 00 2d fd fc 26 00 00 00 00 00 00 00 00 00 00 00
00 00 00 00 00 00 00 00 00 00 00 00 00 59 ff fd 26 00 00 00 00 00 00 00 00 00 00 00
00 00 00 00 00 00 00 00 00 00 00 00 00 50 fd bd 20 00 00 00 00 00 00 00 00 00 00 00
00 00 00 00 00 00 00 00 00 00 00 00 29 b3 e8 54 00 00 00 00 00 00 00 00 00 00 00 00
00 00 00 00 00 00 00 00 00 00 00 0f e1 fc 73 00 00 00 00 00 00 00 00 00 00 00 00 00
00 00 00 00 00 00 00 00 00 00 00 99 fc a4 00 00 00 00 00 00 00 00 00 00 00 00 00 00
00 00 00 00 00 00 00 00 00 00 44 f5 f3 4f 00 00 00 00 00 00 00 00 00 00 00 00 00 00
00 00 00 00 00 00 00 00 00 20 ed f5 52 00 00 00 00 00 00 00 00 00 00 00 00 00 00 00
00 00 00 00 00 00 00 00 09 94 fc a9 00 00 00 00 00 00 00 00 00 00 00 00 00 00 00 00
00 00 00 00 00 00 00 00 6a fd c4 07 00 00 00 00 00 00 00 00 00 00 00 00 00 00 00 00
00 00 00 00 00 00 00 36 e4 81 1c 00 00 00 00 00 00 00 00 00 00 00 00 00 00 00 00 00
00 00 00 00 00 00 00 00 00 00 00 00 00 00 00 00 00 00 00 00 00 00 00 00 00 00 00 00
