00 00 00 00 00 00 00 00 00 00 00 00 00 00 00 00 00 00 00 00 00 00 00 00 00 00 00 00
00 00 00 00 00 00 00 00 00 00 00 00 00 00 00 00 00 00 00 00 00 00 00 00 00 00 00 00
00 00 00 00 00 00 00 00 00 00 00 00 00 00 89 79 b1 c2 23 00 00 00 00 00 00 00 00 00
00 00 00 00 00 00 00 00 00 00 00 00 06 db fe fb fd cb 02 00 00 00 00 00 00 00 00 00
00 00 00 00 00 00 00 00 00 00 00 00 8e fe fe fe fe c9 00 00 00 00 00 00 00 00 00 00
00 00 00 00 00 00 00 00 00 00 00 00 b8 fe bd fc fe 98 00 00 00 00 00 00 00 00 00 00
00 00 00 00 00 00 00 00 00 00 00 00 b8 fe 75 ba fe 72 00 00 00 00 00 00 00 00 00 00
00 00 00 00 00 00 00 00 00 00 00 0d e8 fe fe fe fe 72 00 00 00 00 00 00 00 00 00 00
00 00 00 00 00 00 00 00 00 00 00 00 af fe fe fe fe 72 00 00 00 00 00 00 00 00 00 00
00 00 00 00 00 00 00 00 00 00 00 00 1b 94 7a b5 fe 6c 00 00 00 00 00 00 00 00 00 00
00 00 00 00 00 00 00 00 00 00 00 00 00 00 00 bf fe 1a 00 00 00 00 00 00 00 00 00 00
00 00 00 00 00 00 00 00 00 00 00 00 00 00 1c f8 e8 11 00 00 00 00 00 00 00 00 00 00
00 00 00 00 00 00 00 00 00 00 00 00 00 00 a7 fe 87 00 00 00 00 00 00 00 00 00 00 00
00 00 00 00 00 00 00 00 00 00 00 00 00 31 dd fe 51 00 00 00 00 0b b7 00 00 00 00 00
00 00 00 00 00 00 00 00 00 00 00 00 03 c2 fe bf 07 00 00 00 00 64 f5 00 00 00 00 00
00 00 00 00 00 00 0d 35 35 09 00 04 97 fe ee 2e 00 00 00 00 00 b8 e3 00 00 00 00 00
00 00 00 00 00 0d d8 fe fe e1 95 c9 fe fe 64 00 00 00 00 00 45 f5 9d 00 00 00 00 00
00 00 00 00 00 d8 fe fe fe fe fe fe fe a8 0f 00 00 00 00 05 a4 fe 91 00 00 00 00 00
00 00 00 00 00 f6 fe fe fe fe fe fe fe bb 1b 01 0a 06 2a a4 fe fc 3f 00 00 00 00 00
00 00 00 00 00 8f e6 ec ec e0 9d f9 fe fe ff c3 d6 ce fe fe fe a3 00 00 00 00 00 00
00 00 00 00 00 00 00 00 00 00 00 5a e0 fe fe fe fe fe fe f9 87 11 00 00 00 00 00 00
00 00 00 00 00 00 00 00 00 00 00 00 1e 8b e0 fe fe fe a2 29 00 00 00 00 00 00 00 00
00 00 00 00 00 00 00 00 00 00 00 00 00 00 00 00 00 00 00 00 00 00 00 00 00 00 00 00
00 00 00 00 00 00 00 00 00 00 00 00 00 00 00 00 00 00 00 00 00 00 00 00 00 00 00 00
00 00 00 00 00 00 00 00 00 00 00 00 00 00 00 00 00 00 00 00 00 00 00 00 00 00 00 00
00 00 00 00 00 00 00 00 00 00 00 00 00 00 00 00 00 00 00 00 00 00 00 00 00 00 00 00
00 00 00 00 00 00 00 00 00 00 00 00 00 00 00 00 00 00 00 00 00 00 00 00 00 00 00 00
00 00 00 00 00 00 00 00 00 00 00 00 00 00 00 00 00 00 00 00 00 00 00 00 00 00 00 00
