00 00 00 00 00 00 00 00 00 00 00 00 00 00 00 00 00 00 00 00 00 00 00 00 00 00 00 00
00 00 00 00 00 00 00 00 00 00 00 00 00 00 00 00 00 00 00 00 00 00 00 00 00 00 00 00
00 00 00 00 00 00 00 00 00 00 00 00 00 00 00 00 00 00 00 00 00 00 00 00 00 00 00 00
00 00 00 00 00 00 00 00 00 00 00 00 00 00 00 00 00 00 00 00 00 00 00 00 00 00 00 00
00 00 00 00 00 00 00 00 00 00 00 00 00 00 00 00 00 00 00 00 00 00 00 00 00 00 00 00
00 00 00 00 00 00 00 00 00 00 00 00 00 00 00 00 00 00 00 00 00 00 00 00 00 00 00 00
00 00 00 00 00 00 00 00 00 00 00 00 00 00 00 00 00 00 00 00 00 00 00 00 00 00 00 00
00 00 00 00 00 00 00 00 00 00 00 00 00 00 00 00 00 00 00 00 00 00 00 00 00 00 00 00
00 00 00 00 20 6d 6d 6d 6d 81 fd ff fd fd fd ff fd e8 bf 6e 0f 00 00 00 00 00 00 00
00 00 00 00 49 fc fc fc fc fc fc fd fc fc fc fd fc fc fc fd 23 00 00 00 00 00 00 00
00 00 00 00 3f f1 fc fc fc f6 d7 d9 d7 d7 d7 d9 e2 fc fc fd 23 00 00 00 00 00 00 00
00 00 00 00 00 62 fc fc fc d7 01 00 00 00 00 00 1f d3 fc fd 23 00 00 00 00 00 00 00
00 00 00 00 00 25 fc fc fc fc 6c 00 00 00 00 00 2a dd fc fd 62 00 00 00 00 00 00 00
00 00 00 00 00 05 77 fc fc f1 4d 00 00 00 00 00 00 b5 fc fd 8a 00 00 00 00 00 00 00
00 00 00 00 00 00 01 47 c3 b8 00 00 00 00 00 00 00 b5 fc fd 23 00 00 00 00 00 00 00
00 00 00 00 00 00 00 00 00 00 00 00 00 00 00 00 00 b5 fc fd 77 00 00 00 00 00 00 00
00 00 00 00 00 00 00 00 00 00 00 00 00 00 00 00 20 d4 fd ff 23 00 00 00 00 00 00 00
00 00 00 00 00 00 00 00 00 00 00 00 00 00 00 00 49 fc fc fd 23 00 00 00 00 00 00 00
00 00 00 00 00 00 00 00 00 00 00 00 00 00 00 00 49 fc fc fd 23 00 00 00 00 00 00 00
00 00 00 00 00 00 00 00 00 00 00 00 00 00 00 00 49 fc fc fd 23 00 00 00 00 00 00 00
00 00 00 00 00 00 00 00 00 00 00 00 00 00 00 00 49 fd fd ff 23 00 00 00 00 00 00 00
00 00 00 00 00 00 00 00 00 00 00 00 00 00 00 00 c5 fc fc 77 05 00 00 00 00 00 00 00
00 00 00 00 00 00 00 00 00 00 00 00 00 00 00 63 f2 fc e7 00 00 00 00 00 00 00 00 00
00 00 00 00 00 00 00 00 00 00 00 00 00 00 00 fd fc fc 6c 00 00 00 00 00 00 00 00 00
00 00 00 00 00 00 00 00 00 00 00 00 00 00 00 ff fd fd 6c 00 00 00 00 00 00 00 00 00
00 00 00 00 00 00 00 00 00 00 00 00 00 00 00 fd fc fc 6c 00 00 00 00 00 00 00 00 00
00 00 00 00 00 00 00 00 00 00 00 00 00 00 00 fd fc f6 5c 00 00 00 00 00 00 00 00 00
00 00 00 00 00 00 00 00 00 00 00 00 00 00 00 6c be 5c 00 00 00 00 00 00 00 00 00 00
