00 00 00 00 00 00 00 00 00 00 00 00 00 00 00 00 00 00 00 00 00 00 00 00 00 00 00 00
00 00 00 00 00 00 00 00 00 00 00 00 00 00 00 00 00 00 00 00 00 00 00 00 00 00 00 00
00 00 00 00 00 00 00 00 00 00 00 00 00 00 00 00 00 00 00 00 00 00 00 00 00 00 00 00
00 00 00 00 00 00 00 00 00 00 00 00 00 00 00 00 00 00 00 00 00 00 00 00 00 00 00 00
00 00 00 00 00 00 00 00 00 00 00 00 00 00 00 00 00 00 00 00 00 00 00 00 00 00 00 00
00 00 00 00 00 00 00 00 00 00 00 00 00 00 00 00 00 00 00 00 00 00 00 00 00 00 00 00
00 00 00 00 00 00 00 00 00 00 00 00 00 00 0c 4d 91 ff e7 85 29 03 00 00 00 00 00 00
00 00 00 00 00 00 00 00 00 00 00 09 19 86 f9 fe fd fd fd fd fd 76 00 00 00 00 00 00
00 00 00 00 00 00 00 00 00 00 0b a7 fd fd fd eb cd ab d9 e2 fd a8 00 00 00 00 00 00
00 00 00 00 00 00 00 00 00 00 61 fd fd d1 5a 29 00 00 00 15 b0 88 00 00 00 00 00 00
00 00 00 00 00 00 00 00 00 00 c2 fd b8 07 00 00 00 09 54 b6 2b 00 00 00 00 00 00 00
00 00 00 00 00 00 00 00 00 00 c2 fd 63 00 00 00 07 9c fd ec 2b 00 00 00 00 00 00 00
00 00 00 00 00 00 00 00 00 00 c2 fd eb ce 94 95 d2 fd fd 5f 00 00 00 00 00 00 00 00
00 00 00 00 00 00 00 00 00 00 c2 fd fd fd fd fe fd fd fd 81 00 00 00 00 00 00 00 00
00 00 00 00 00 00 00 00 00 00 12 18 80 c4 90 23 fd fd d1 07 00 00 00 00 00 00 00 00
00 00 00 00 00 00 00 00 00 00 00 00 00 06 00 0d fd fd 93 00 00 00 00 00 00 00 00 00
00 00 00 00 00 00 00 00 00 00 00 00 00 00 06 c6 ff d4 00 00 00 00 00 00 00 00 00 00
00 00 00 00 00 00 00 00 00 00 00 00 00 00 7a ff fb 57 00 00 00 00 00 00 00 00 00 00
00 00 00 00 00 00 00 00 00 00 00 00 00 10 c6 fd 8a 00 00 00 00 00 00 00 00 00 00 00
00 00 00 00 00 00 00 00 00 00 00 00 00 be fd f2 00 00 00 00 00 00 00 00 00 00 00 00
00 00 00 00 00 00 00 00 00 00 00 15 a5 f7 e0 7f 00 00 00 00 00 00 00 00 00 00 00 00
00 00 00 00 00 00 00 00 00 00 15 85 fd fd 62 00 00 00 00 00 00 00 00 00 00 00 00 00
00 00 00 00 00 00 00 00 00 00 ab fd fd 7d 03 00 00 00 00 00 00 00 00 00 00 00 00 00
00 00 00 00 00 00 00 00 13 b8 f5 fd 7c 04 00 00 00 00 00 00 00 00 00 00 00 00 00 00
00 00 00 00 00 00 00 00 65 fd fd 7d 04 00 00 00 00 00 00 00 00 00 00 00 00 00 00 00
00 00 00 00 00 00 00 00 70 fd 7e 03 00 00 00 00 00 00 00 00 00 00 00 00 00 00 00 00
00 00 00 00 00 00 00 00 00 00 00 00 00 00 00 00 00 00 00 00 00 00 00 00 00 00 00 00
00 00 00 00 00 00 00 00 00 00 00 00 00 00 00 00 00 00 00 00 00 00 00 00 00 00 00 00
