00 00 00 00 00 00 00 00 00 00 00 00 00 00 00 00 00 00 00 00 00 00 00 00 00 00 00 00
00 00 00 00 00 00 00 00 00 00 00 00 00 00 00 00 00 00 00 00 00 00 00 00 00 00 00 00
00 00 00 00 00 00 00 00 00 00 00 00 00 00 00 00 00 00 00 00 00 00 00 00 00 00 00 00
00 00 00 00 00 00 00 00 00 00 00 00 00 00 00 00 00 00 00 00 00 00 00 00 00 00 00 00
00 00 00 00 00 00 00 00 00 00 00 00 00 00 00 00 00 00 00 00 00 00 00 00 00 00 00 00
00 00 00 00 00 00 00 00 00 00 00 00 00 00 00 00 00 00 00 00 00 00 00 00 00 00 00 00
00 00 00 00 00 00 00 00 00 00 00 00 00 00 00 00 00 00 00 00 00 00 00 00 00 00 00 00
00 00 00 00 00 00 00 00 00 00 00 00 00 00 00 00 00 00 00 0d 7d 7d 7a 00 00 00 00 00
00 00 00 00 00 00 00 00 00 00 00 00 00 00 00 19 77 77 ca fa ff fe fe b5 00 00 00 00
00 00 00 00 00 00 00 00 00 00 00 5d 70 d5 f3 f5 fe fe fe fe fe fe fe fe 00 00 00 00
00 00 00 00 00 00 00 00 5f 98 ec fb fe fe fe fe fe fe fe fe fe fe fe 85 00 00 00 00
00 00 00 00 00 2e 9c e6 fc fe fe fe fe fe fe fe ba 88 19 a7 fe fe c6 0d 00 00 00 00
00 00 00 00 00 e9 fe fe fe fe fe b3 3a 20 20 20 0a 00 1d f2 fe fe 75 00 00 00 00 00
00 00 00 00 96 fe fe fe b1 37 27 07 00 00 00 00 10 6a dd fe cc 60 12 00 00 00 00 00
00 00 00 00 2d ad 77 2d 05 00 00 00 00 00 00 00 2f fe fe f6 48 00 00 00 00 00 00 00
00 00 00 00 00 00 00 00 00 00 00 00 00 00 00 2b d4 fe f5 61 00 00 00 00 00 00 00 00
00 00 00 00 00 00 00 00 00 00 00 00 00 00 10 ac fe e0 33 00 00 00 00 00 00 00 00 00
00 00 00 00 00 00 00 00 00 00 00 00 00 00 3c da fe eb 2f 00 00 00 00 00 00 00 00 00
00 00 00 00 00 00 00 00 00 00 00 00 00 29 cb fe da 68 00 00 00 00 00 00 00 00 00 00
00 00 00 00 00 00 00 00 00 00 00 00 0e 8b fe f5 83 00 00 00 00 00 00 00 00 00 00 00
00 00 00 00 00 00 00 00 00 00 00 0d 65 fe f5 ab 00 00 00 00 00 00 00 00 00 00 00 00
00 00 00 00 00 00 00 00 00 00 0c a9 fe c3 46 00 00 00 00 00 00 00 00 00 00 00 00 00
00 00 00 00 00 00 00 00 00 39 be fe c4 17 00 00 00 00 00 00 00 00 00 00 00 00 00 00
00 00 00 00 00 00 00 00 12 ac fe ee 30 00 00 00 00 00 00 00 00 00 00 00 00 00 00 00
00 00 00 00 00 00 00 00 df fe fe 34 00 00 00 00 00 00 00 00 00 00 00 00 00 00 00 00
00 00 00 00 00 00 00 00 61 f8 cc 51 00 00 00 00 00 00 00 00 00 00 00 00 00 00 00 00
00 00 00 00 00 00 00 00 00 00 00 00 00 00 00 00 00 00 00 00 00 00 00 00 00 00 00 00
00 00 00 00 00 00 00 00 00 00 00 00 00 00 00 00 00 00 00 00 00 00 00 00 00 00 00 00
