00 00 00 00 00 00 00 00 00 00 00 00 00 00 00 00 00 00 00 00 00 00 00 00 00 00 00 00
00 00 00 00 00 00 00 00 00 00 00 00 00 00 00 00 00 00 00 00 00 00 00 00 00 00 00 00
00 00 00 00 00 00 00 00 00 00 00 00 00 00 00 00 00 00 00 00 00 00 00 00 00 00 00 00
00 00 00 00 00 00 00 00 00 00 00 00 00 00 00 00 00 00 00 00 00 00 00 00 00 00 00 00
00 00 00 00 00 00 00 00 00 00 00 00 00 00 00 00 00 00 00 00 00 00 00 00 00 00 00 00
00 00 00 00 00 00 00 00 00 00 00 00 00 00 00 00 00 00 00 00 00 00 00 00 00 00 00 00
00 00 00 00 00 00 00 00 00 00 00 00 00 00 00 00 00 00 00 00 00 00 00 00 00 00 00 00
00 00 00 00 00 00 00 00 0c 17 17 1c 85 85 e5 e6 85 85 4b 08 00 00 00 00 00 00 00 00
00 00 00 00 00 00 00 00 9d fd fd fd fd fd fd fe fd fd fd c4 80 05 00 00 00 00 00 00
00 00 00 00 00 00 00 2c f8 fd fd fd fd e2 a5 a5 a5 ee fd fd fd 16 00 00 00 00 00 00
00 00 00 00 00 00 00 00 7f 83 b4 4f 16 0f 00 00 00 12 c4 fd fd 16 00 00 00 00 00 00
00 00 00 00 00 00 00 00 00 00 00 00 00 00 00 00 00 80 fa fd c7 09 00 00 00 00 00 00
00 00 00 00 00 00 00 00 00 00 00 00 00 00 00 0b 6b f2 fd ec 73 00 00 00 00 00 00 00
00 00 00 00 00 00 00 00 00 00 00 00 00 00 31 b2 fd fd f4 40 00 00 00 00 00 00 00 00
00 00 00 00 00 00 00 00 00 00 00 02 35 b2 fe fb dd 81 05 00 00 00 00 00 00 00 00 00
00 00 00 00 00 00 00 00 00 00 18 ab fd fd fd b2 22 00 00 00 00 00 00 00 00 00 00 00
00 00 00 00 00 00 00 00 35 ac e1 fd fd b3 3a 00 00 00 2c 42 64 64 64 64 c4 00 00 00
00 00 00 00 00 00 2d b0 f9 fd fd c3 21 19 78 94 f3 f3 f8 fa fd fd fa e7 86 00 00 00
00 00 00 00 00 47 e3 fd fd fd fd fd fd fd fd ff fd fd fd f1 c6 91 49 00 00 00 00 00
00 00 00 00 00 9f fd fd fd fd fd d3 91 88 cb 97 83 7a 37 2b 00 00 00 00 00 00 00 00
00 00 00 00 00 c3 f2 f2 e9 83 5e 0b 00 00 0a 00 00 00 00 00 00 00 00 00 00 00 00 00
00 00 00 00 00 00 00 00 00 00 00 00 00 00 00 00 00 00 00 00 00 00 00 00 00 00 00 00
00 00 00 00 00 00 00 00 00 00 00 00 00 00 00 00 00 00 00 00 00 00 00 00 00 00 00 00
00 00 00 00 00 00 00 00 00 00 00 00 00 00 00 00 00 00 00 00 00 00 00 00 00 00 00 00
00 00 00 00 00 00 00 00 00 00 00 00 00 00 00 00 00 00 00 00 00 00 00 00 00 00 00 00
00 00 00 00 00 00 00 00 00 00 00 00 00 00 00 00 00 00 00 00 00 00 00 00 00 00 00 00
00 00 00 00 00 00 00 00 00 00 00 00 00 00 00 00 00 00 00 00 00 00 00 00 00 00 00 00
00 00 00 00 00 00 00 00 00 00 00 00 00 00 00 00 00 00 00 00 00 00 00 00 00 00 00 00
