00 00 00 00 00 00 00 00 00 00 00 00 00 00 00 00 00 00 00 00 00 00 00 00 00 00 00 00
00 00 00 00 00 00 00 00 00 00 00 00 00 00 00 00 00 00 00 00 00 00 00 00 00 00 00 00
00 00 00 00 00 00 00 00 00 00 00 00 00 00 00 00 00 00 00 00 00 00 00 00 00 00 00 00
00 00 00 00 00 00 00 00 00 00 00 00 00 00 00 00 00 00 00 00 00 00 00 00 00 00 00 00
00 00 00 00 00 00 00 00 00 00 00 00 00 00 00 00 00 00 00 00 00 00 00 00 00 00 00 00
00 00 00 00 00 00 00 00 00 00 00 00 00 00 00 00 00 00 00 00 00 00 00 00 00 00 00 00
00 00 00 00 00 00 00 00 00 00 00 00 00 00 00 00 00 00 00 00 00 00 00 00 00 00 00 00
00 00 00 00 00 00 00 00 00 00 00 00 00 00 00 00 00 00 00 00 00 00 22 25 25 25 00 00
00 00 00 00 00 00 00 00 00 00 00 00 00 00 00 00 00 00 1d 74 c7 c8 f9 fd fd dc 00 00
00 00 00 00 00 00 00 00 00 00 00 00 00 00 00 00 1b af f3 fd fd fe fd fd d6 81 00 00
00 00 00 00 00 00 00 00 00 00 00 00 2a 96 3d 95 ff fe d9 68 21 5c 07 00 00 00 00 00
00 00 00 00 00 00 00 00 00 00 00 3e cf f5 72 6e 53 12 09 00 00 00 00 00 00 00 00 00
00 00 00 00 00 00 00 00 00 03 66 d0 f5 79 00 00 00 00 00 00 00 00 00 00 00 00 00 00
00 00 00 00 00 00 00 00 00 61 fd fe 59 00 00 00 00 00 00 00 00 00 00 00 00 00 00 00
00 00 00 00 00 00 00 00 00 c7 fd 88 05 00 00 00 00 00 00 00 00 00 00 00 00 00 00 00
00 00 00 00 00 00 00 00 0e a1 fe ff ea a3 78 00 00 00 00 00 00 00 00 00 00 00 00 00
00 00 00 00 00 00 00 00 14 2f 6c 86 d2 fd fb cb 69 00 00 00 00 00 00 00 00 00 00 00
00 00 00 00 00 00 00 5d 59 00 00 00 08 24 6b cc d9 09 00 00 00 00 00 00 00 00 00 00
00 00 00 00 00 00 61 b4 1b 00 00 00 00 00 15 da 7e 04 00 00 00 00 00 00 00 00 00 00
00 00 00 00 00 00 c3 ad 00 00 00 00 35 5b c1 fd 3b 00 00 00 00 00 00 00 00 00 00 00
00 00 00 00 00 00 c4 fe b0 a9 fe ff fe fe f8 75 00 00 00 00 00 00 00 00 00 00 00 00
00 00 00 00 00 00 0c 99 f5 fd fd ee c6 79 44 00 00 00 00 00 00 00 00 00 00 00 00 00
00 00 00 00 00 00 00 00 1f 24 24 1a 00 00 00 00 00 00 00 00 00 00 00 00 00 00 00 00
00 00 00 00 00 00 00 00 00 00 00 00 00 00 00 00 00 00 00 00 00 00 00 00 00 00 00 00
00 00 00 00 00 00 00 00 00 00 00 00 00 00 00 00 00 00 00 00 00 00 00 00 00 00 00 00
00 00 00 00 00 00 00 00 00 00 00 00 00 00 00 00 00 00 00 00 00 00 00 00 00 00 00 00
00 00 00 00 00 00 00 00 00 00 00 00 00 00 00 00 00 00 00 00 00 00 00 00 00 00 00 00
00 00 00 00 00 00 00 00 00 00 00 00 00 00 00 00 00 00 00 00 00 00 00 00 00 00 00 00
