00 00 00 00 00 00 00 00 00 00 00 00 00 00 00 00 00 00 00 00 00 00 00 00 00 00 00 00
00 00 00 00 00 00 00 00 00 00 00 00 00 00 00 00 00 00 00 00 00 00 00 00 00 00 00 00
00 00 00 00 00 00 00 00 00 00 00 00 00 00 00 00 00 00 00 00 00 00 00 00 00 00 00 00
00 00 00 00 00 00 00 00 00 00 00 00 00 00 00 00 00 00 00 00 00 00 00 00 00 00 00 00
00 00 00 00 00 00 00 00 00 00 00 00 00 00 00 00 00 00 00 00 00 00 00 00 00 00 00 00
00 00 00 00 00 00 00 00 00 00 00 00 00 0d 29 a6 fd cb 81 0a 00 00 00 07 07 00 00 00
00 00 00 00 00 00 00 00 00 00 00 00 52 ce fd fc fc fc fd 9f 00 00 13 bb 38 00 00 00
00 00 00 00 00 00 00 00 00 00 00 00 c5 fc ce 5d 38 38 77 51 00 26 9a d0 0d 00 00 00
00 00 00 00 00 00 00 00 00 00 00 00 c5 fc 0d 00 00 00 00 00 59 e1 e4 16 00 00 00 00
00 00 00 00 00 00 00 00 00 00 00 00 c6 fd 3f 00 00 00 10 a6 fd f1 97 00 00 00 00 00
00 00 00 00 00 00 00 00 00 00 00 00 c5 fc bc 00 00 4c b3 fc d0 3b 00 00 00 00 00 00
00 00 00 00 00 00 00 00 00 00 00 00 6e fc e1 00 9a de f4 a8 25 00 00 00 00 00 00 00
00 00 00 00 00 00 00 00 00 00 00 00 2f f0 fa e1 f6 fc af 00 00 00 00 00 00 00 00 00
00 00 00 00 00 00 00 00 00 00 00 00 00 e2 fe fd f4 4b 00 00 00 00 00 00 00 00 00 00
00 00 00 00 00 00 00 00 00 00 00 00 84 f3 fd f0 51 00 00 00 00 00 00 00 00 00 00 00
00 00 00 00 00 00 00 00 00 00 0a 6e f0 fc fd c4 00 00 00 00 00 00 00 00 00 00 00 00
00 00 00 00 00 00 00 00 00 00 4f fc fc ca fd c4 00 00 00 00 00 00 00 00 00 00 00 00
00 00 00 00 00 00 00 00 00 7e ff d1 19 3f fe c5 00 00 00 00 00 00 00 00 00 00 00 00
00 00 00 00 00 00 00 00 52 f3 ea 1c 00 71 fd c4 00 00 00 00 00 00 00 00 00 00 00 00
00 00 00 00 00 00 00 00 c5 fc 64 00 00 96 fd 6d 00 00 00 00 00 00 00 00 00 00 00 00
00 00 00 00 00 00 00 33 f6 97 00 00 7e f9 e4 09 00 00 00 00 00 00 00 00 00 00 00 00
00 00 00 00 00 00 00 46 fd 8c 04 36 e5 fd 97 00 00 00 00 00 00 00 00 00 00 00 00 00
00 00 00 00 00 00 00 a9 fc a5 4f fc fc 97 00 00 00 00 00 00 00 00 00 00 00 00 00 00
00 00 00 00 00 00 00 83 fc fc fd fc ba 13 00 00 00 00 00 00 00 00 00 00 00 00 00 00
00 00 00 00 00 00 00 07 74 f0 fd e3 1f 00 00 00 00 00 00 00 00 00 00 00 00 00 00 00
00 00 00 00 00 00 00 00 00 00 00 00 00 00 00 00 00 00 00 00 00 00 00 00 00 00 00 00
00 00 00 00 00 00 00 00 00 00 00 00 00 00 00 00 00 00 00 00 00 00 00 00 00 00 00 00
00 00 00 00 00 00 00 00 00 00 00 00 00 00 00 00 00 00 00 00 00 00 00 00 00 00 00 00
