00 00 00 00 00 00 00 00 00 00 00 00 00 00 00 00 00 00 00 00 00 00 00 00 00 00 00 00
00 00 00 00 00 00 00 00 00 00 00 00 00 00 00 00 00 00 00 00 00 00 00 00 00 00 00 00
00 00 00 00 00 00 00 00 00 00 00 00 00 00 00 00 00 00 00 00 00 00 00 00 00 00 00 00
00 00 00 00 00 00 00 00 00 00 00 00 00 00 46 ff a5 72 00 00 00 00 00 00 00 00 00 00
00 00 00 00 00 00 00 00 00 00 00 00 00 00 7a fd fd fd 78 00 00 00 00 00 00 00 00 00
00 00 00 00 00 00 00 00 00 00 00 00 00 00 a5 fd fd fd ea 34 00 00 00 00 00 00 00 00
00 00 00 00 00 00 00 00 00 00 00 00 00 00 63 fd fd fd fd e4 1a 00 00 00 00 00 00 00
00 00 00 00 00 00 00 00 00 00 00 00 3c a8 ee ca ae fd fd fd 7f 00 00 00 00 00 00 00
00 00 00 00 00 00 00 00 00 00 5b 51 01 d7 80 1c 0c b5 fd fd af 03 00 00 00 00 00 00
00 00 00 00 00 00 00 00 00 12 cc fd 4d 00 00 00 00 07 fd fd fd 36 00 00 00 00 00 00
00 00 00 00 00 00 00 00 36 f8 fd fd 8f 00 00 00 00 01 7f fd fd bc 00 00 00 00 00 00
00 00 00 00 00 00 00 00 68 fd fd fd 14 00 00 00 00 00 51 f9 fd bf 00 00 00 00 00 00
00 00 00 00 00 00 00 00 c0 fd fd da 05 00 00 00 00 00 00 cb fd d0 15 00 00 00 00 00
00 00 00 00 00 00 00 38 ed fd fa 64 00 00 00 00 00 00 00 68 fd fd 4b 00 00 00 00 00
00 00 00 00 00 00 00 4c fd fd e0 00 00 00 00 00 00 00 00 77 fd fd 4b 00 00 00 00 00
00 00 00 00 00 00 00 50 fd fd 67 00 00 00 00 00 00 00 04 f1 fd da 20 00 00 00 00 00
00 00 00 00 00 00 00 d5 fd fd 67 00 00 00 00 00 00 00 7d fd fd bf 00 00 00 00 00 00
00 00 00 00 00 00 00 d5 fd fd 67 00 00 00 00 00 00 03 b0 fd fd 87 00 00 00 00 00 00
00 00 00 00 00 00 00 d5 fd fd 67 00 00 00 00 00 09 a2 fd fd e2 25 00 00 00 00 00 00
00 00 00 00 00 00 00 b3 fd fd 87 00 00 00 00 2e 9d fd fd fd 3f 00 00 00 00 00 00 00
00 00 00 00 00 00 00 17 bc fd f9 b3 b3 b3 b3 e9 fd fd e9 9c 0a 00 00 00 00 00 00 00
00 00 00 00 00 00 00 00 33 eb fd fd fd fd fd fd fb e8 78 00 00 00 00 00 00 00 00 00
00 00 00 00 00 00 00 00 00 10 7c fd fd fd fd 98 68 00 00 00 00 00 00 00 00 00 00 00
00 00 00 00 00 00 00 00 00 00 00 00 00 00 00 00 00 00 00 00 00 00 00 00 00 00 00 00
00 00 00 00 00 00 00 00 00 00 00 00 00 00 00 00 00 00 00 00 00 00 00 00 00 00 00 00
00 00 00 00 00 00 00 00 00 00 00 00 00 00 00 00 00 00 00 00 00 00 00 00 00 00 00 00
00 00 00 00 00 00 00 00 00 00 00 00 00 00 00 00 00 00 00 00 00 00 00 00 00 00 00 00
00 00 00 00 00 00 00 00 00 00 00 00 00 00 00 00 00 00 00 00 00 00 00 00 00 00 00 00
