00 00 00 00 00 00 00 00 00 00 00 00 00 00 00 00 00 00 00 00 00 00 00 00 00 00 00 00
00 00 00 00 00 00 00 00 00 00 00 00 00 00 00 00 00 00 00 00 00 00 00 00 00 00 00 00
00 00 00 00 00 00 00 00 00 00 00 00 00 00 00 00 00 00 00 00 00 00 00 00 00 00 00 00
00 00 00 00 00 00 00 00 00 00 00 00 00 00 00 00 00 00 00 00 00 00 00 00 00 00 00 00
00 00 00 00 00 00 00 00 00 00 00 00 00 00 00 00 00 00 00 00 00 00 00 00 00 00 00 00
00 00 00 00 00 00 00 00 00 00 00 00 00 00 00 00 00 00 00 00 43 e8 27 00 00 00 00 00
00 00 00 00 3e 51 00 00 00 00 00 00 00 00 00 00 00 00 00 00 78 b4 27 00 00 00 00 00
00 00 00 00 7e a3 00 00 00 00 00 00 00 00 00 00 00 00 00 02 99 d2 28 00 00 00 00 00
00 00 00 00 dc a3 00 00 00 00 00 00 00 00 00 00 00 00 00 1b fe a2 00 00 00 00 00 00
00 00 00 00 de a3 00 00 00 00 00 00 00 00 00 00 00 00 00 b7 fe 7d 00 00 00 00 00 00
00 00 00 2e f5 a3 00 00 00 00 00 00 00 00 00 00 00 00 00 c6 fe 38 00 00 00 00 00 00
00 00 00 78 fe a3 00 00 00 00 00 00 00 00 00 00 00 00 17 e7 fe 1d 00 00 00 00 00 00
00 00 00 9f fe 78 00 00 00 00 00 00 00 00 00 00 00 00 a3 fe d8 10 00 00 00 00 00 00
00 00 00 9f fe 43 00 00 00 00 00 00 00 00 00 0e 56 b2 f8 fe 5b 00 00 00 00 00 00 00
00 00 00 9f fe 55 00 00 00 2f 31 74 90 96 f1 f3 ea b3 f1 fc 28 00 00 00 00 00 00 00
00 00 00 96 fd ed cf cf cf fd fe fa f0 c6 8f 5b 1c 05 e9 fa 00 00 00 00 00 00 00 00
00 00 00 00 77 b1 b1 b1 b1 b1 62 38 00 00 00 00 00 66 fe dc 00 00 00 00 00 00 00 00
00 00 00 00 00 00 00 00 00 00 00 00 00 00 00 00 00 a9 fe 89 00 00 00 00 00 00 00 00
00 00 00 00 00 00 00 00 00 00 00 00 00 00 00 00 00 a9 fe 39 00 00 00 00 00 00 00 00
00 00 00 00 00 00 00 00 00 00 00 00 00 00 00 00 00 a9 fe 39 00 00 00 00 00 00 00 00
00 00 00 00 00 00 00 00 00 00 00 00 00 00 00 00 00 a9 ff 5e 00 00 00 00 00 00 00 00
00 00 00 00 00 00 00 00 00 00 00 00 00 00 00 00 00 a9 fe 60 00 00 00 00 00 00 00 00
00 00 00 00 00 00 00 00 00 00 00 00 00 00 00 00 00 a9 fe 99 00 00 00 00 00 00 00 00
00 00 00 00 00 00 00 00 00 00 00 00 00 00 00 00 00 a9 ff 99 00 00 00 00 00 00 00 00
00 00 00 00 00 00 00 00 00 00 00 00 00 00 00 00 00 60 fe 99 00 00 00 00 00 00 00 00
00 00 00 00 00 00 00 00 00 00 00 00 00 00 00 00 00 00 00 00 00 00 00 00 00 00 00 00
00 00 00 00 00 00 00 00 00 00 00 00 00 00 00 00 00 00 00 00 00 00 00 00 00 00 00 00
00 00 00 00 00 00 00 00 00 00 00 00 00 00 00 00 00 00 00 00 00 00 00 00 00 00 00 00
