00 00 00 00 00 00 00 00 00 00 00 00 00 00 00 00 00 00 00 00 00 00 00 00 00 00 00 00
00 00 00 00 00 00 00 00 00 00 00 00 00 00 00 00 00 00 00 00 00 00 00 00 00 00 00 00
00 00 00 00 00 00 00 00 00 00 00 00 00 00 00 00 00 00 00 00 00 00 00 00 00 00 00 00
00 00 00 00 00 00 00 00 00 00 00 00 00 00 00 00 00 00 00 00 00 00 00 00 00 00 00 00
00 00 00 00 00 00 00 00 00 00 00 00 00 00 00 00 00 00 00 00 00 00 2d b4 91 00 00 00
00 00 00 00 00 00 00 00 00 00 00 00 00 00 00 0c 19 19 19 19 07 13 9f f4 49 00 00 00
00 00 00 00 00 00 00 00 00 00 00 00 00 00 22 c6 fe fd fd fd b8 e7 f1 4d 00 00 00 00
00 00 00 00 00 00 00 00 00 00 00 00 11 60 f6 fd fc c1 a6 fd fd ef 4f 00 00 00 00 00
00 00 00 00 00 00 00 00 00 00 00 00 73 fd fd a6 45 00 7c fd ef 50 00 00 00 00 00 00
00 00 00 00 00 00 00 00 00 00 00 5b f2 fd 4e 20 04 8e e7 ef 50 00 00 00 00 00 00 00
00 00 00 00 00 00 00 00 00 00 15 d6 fd 86 05 00 35 fd c8 4f 00 00 00 00 00 00 00 00
00 00 00 00 00 00 00 00 00 00 a5 fd b4 05 00 97 ee f4 3c 00 00 00 00 00 00 00 00 00
00 00 00 00 00 00 00 00 00 15 d4 fd a8 00 64 f7 f9 49 00 00 00 00 00 00 00 00 00 00
00 00 00 00 00 00 00 00 00 03 b9 fd d1 7a f1 fd 45 00 00 00 00 00 00 00 00 00 00 00
00 00 00 00 00 00 00 00 00 00 00 bd fe fe fe 84 00 00 00 00 00 00 00 00 00 00 00 00
00 00 00 00 00 00 00 00 00 00 00 8e fd fd fd ca 8c 0b 00 00 00 00 00 00 00 00 00 00
00 00 00 00 00 00 00 00 00 00 38 e7 b7 60 94 ea fe b7 00 00 00 00 00 00 00 00 00 00
00 00 00 00 00 00 00 00 00 21 e6 ef 27 00 00 7a fe e5 00 00 00 00 00 00 00 00 00 00
00 00 00 00 00 00 00 00 09 9b fd 5e 00 00 00 96 fe e5 00 00 00 00 00 00 00 00 00 00
00 00 00 00 00 00 00 00 81 fd ac 0e 00 1c b7 fb fb 6a 00 00 00 00 00 00 00 00 00 00
00 00 00 00 00 00 00 14 eb d6 0e 19 7e e0 fd d5 68 00 00 00 00 00 00 00 00 00 00 00
00 00 00 00 00 00 05 aa fd df 62 c8 fd fd a5 18 00 00 00 00 00 00 00 00 00 00 00 00
00 00 00 00 00 00 0d fd fd fd fd fd d9 63 03 00 00 00 00 00 00 00 00 00 00 00 00 00
00 00 00 00 00 00 01 51 cf e6 84 62 08 00 00 00 00 00 00 00 00 00 00 00 00 00 00 00
00 00 00 00 00 00 00 00 00 00 00 00 00 00 00 00 00 00 00 00 00 00 00 00 00 00 00 00
00 00 00 00 00 00 00 00 00 00 00 00 00 00 00 00 00 00 00 00 00 00 00 00 00 00 00 00
00 00 00 00 00 00 00 00 00 00 00 00 00 00 00 00 00 00 00 00 00 00 00 00 00 00 00 00
00 00 00 00 00 00 00 00 00 00 00 00 00 00 00 00 00 00 00 00 00 00 00 00 00 00 00 00
