00 00 00 00 00 00 00 00 00 00 00 00 00 00 00 00 00 00 00 00 00 00 00 00 00 00 00 00
00 00 00 00 00 00 00 00 00 00 00 00 00 00 00 00 00 00 00 00 00 00 00 00 00 00 00 00
00 00 00 00 00 00 00 00 00 00 00 00 00 16 c0 32 00 00 00 00 00 00 00 00 00 00 00 00
00 00 00 00 00 00 00 00 00 00 00 00 00 8e fe c3 00 00 00 00 00 00 00 00 00 00 00 00
00 00 00 00 00 00 00 00 00 00 00 00 02 a6 fe aa 00 00 00 00 00 00 00 00 00 00 00 00
00 00 00 00 00 00 00 00 00 00 00 00 06 fe df 14 00 00 00 00 00 00 00 00 00 00 00 00
00 00 00 00 00 00 00 00 00 00 00 00 91 fe d5 00 00 00 00 00 00 00 00 00 00 00 00 00
00 00 00 00 00 00 00 00 00 00 00 00 f4 fe 6c 00 00 00 00 00 00 00 00 00 00 00 00 00
00 00 00 00 00 00 00 00 00 00 00 00 f4 f3 30 00 00 00 00 00 00 00 00 00 00 00 00 00
00 00 00 00 00 00 00 00 00 00 00 0b f5 e7 00 00 00 00 00 00 00 00 00 00 00 00 00 00
00 00 00 00 00 00 00 00 00 00 00 6c fe 9b 00 00 00 00 00 00 00 00 00 00 00 00 00 00
00 00 00 00 00 00 00 00 00 00 00 be fe 71 00 00 00 00 37 3c 19 00 00 00 00 00 00 00
00 00 00 00 00 00 00 00 00 00 1c eb fe 71 00 00 3c 7a f9 fe c5 00 00 00 00 00 00 00
00 00 00 00 00 00 00 00 00 00 5a fe fe 71 00 17 da ff fe fe fa 4b 00 00 00 00 00 00
00 00 00 00 00 00 00 00 00 00 5a fe f9 0a 13 92 fe fe fe fe e3 08 00 00 00 00 00 00
00 00 00 00 00 00 00 00 00 00 5a fe f9 12 97 fe fb f7 fe fe a3 00 00 00 00 00 00 00
00 00 00 00 00 00 00 00 00 00 5a fe fc d0 fe ff 6c 6e fe ea 2d 00 00 00 00 00 00 00
00 00 00 00 00 00 00 00 00 00 5a fe fe fe fe c1 94 f0 fe 2e 00 00 00 00 00 00 00 00
00 00 00 00 00 00 00 00 00 00 5a fe fe fe eb 73 ee fe e1 04 00 00 00 00 00 00 00 00
00 00 00 00 00 00 00 00 00 00 5a fe fe fe fe fe fe b3 1e 00 00 00 00 00 00 00 00 00
00 00 00 00 00 00 00 00 00 00 0d b6 fe fe fe fe b0 29 00 00 00 00 00 00 00 00 00 00
00 00 00 00 00 00 00 00 00 00 00 3a f9 fe fe e3 20 00 00 00 00 00 00 00 00 00 00 00
00 00 00 00 00 00 00 00 00 00 00 00 00 00 00 00 00 00 00 00 00 00 00 00 00 00 00 00
00 00 00 00 00 00 00 00 00 00 00 00 00 00 00 00 00 00 00 00 00 00 00 00 00 00 00 00
00 00 00 00 00 00 00 00 00 00 00 00 00 00 00 00 00 00 00 00 00 00 00 00 00 00 00 00
00 00 00 00 00 00 00 00 00 00 00 00 00 00 00 00 00 00 00 00 00 00 00 00 00 00 00 00
00 00 00 00 00 00 00 00 00 00 00 00 00 00 00 00 00 00 00 00 00 00 00 00 00 00 00 00
00 00 00 00 00 00 00 00 00 00 00 00 00 00 00 00 00 00 00 00 00 00 00 00 00 00 00 00
