00 00 00 00 00 00 00 00 00 00 00 00 00 00 00 00 00 00 00 00 00 00 00 00 00 00 00 00
00 00 00 00 00 00 00 00 00 00 00 00 00 00 00 00 00 00 00 00 00 00 00 00 00 00 00 00
00 00 00 00 00 00 00 00 00 00 00 00 00 00 00 00 00 00 00 00 00 00 00 00 00 00 00 00
00 00 00 00 00 00 00 00 00 00 00 00 00 00 00 00 00 00 00 00 00 00 00 00 00 00 00 00
00 00 00 00 00 00 00 00 00 3f b0 fd fd 9f 71 3f 00 00 00 00 00 00 00 00 00 00 00 00
00 00 00 00 00 00 00 00 00 8c fd fc fc fc fc f1 64 42 00 00 00 00 00 00 00 00 00 00
00 00 00 00 00 00 00 00 36 e3 fd fc fc fc fc fd fc ef b5 39 00 00 00 00 00 00 00 00
00 00 00 00 00 00 00 26 e0 fc fd e2 f6 fc fc fd fc fc fc fc 6c 03 00 00 00 00 00 00
00 00 00 00 00 00 00 39 fc fc fd 1b 58 70 70 70 70 8e fc fc fd 98 1f 00 00 00 00 00
00 00 00 00 00 00 00 c6 fd fd 4f 00 00 00 00 00 00 20 99 fd ff fd c4 00 00 00 00 00
00 00 00 00 00 00 4c f6 fc 7f 00 00 00 00 00 00 00 00 03 6a fd fc d6 1c 00 00 00 00
00 00 00 00 00 00 c2 fc fc 70 00 00 00 00 00 00 00 00 00 00 8f fc fc c1 00 00 00 00
00 00 00 00 00 00 e1 fc d9 25 00 00 00 00 00 00 00 00 00 00 26 ea fc df 00 00 00 00
00 00 00 00 00 3f f0 fc 54 00 00 00 00 00 00 00 00 00 00 00 00 92 fc df 00 00 00 00
00 00 00 00 00 72 fd e4 2f 00 00 00 00 00 00 00 00 00 00 00 00 93 fd fd 70 00 00 00
00 00 00 00 00 9f fc c3 00 00 00 00 00 00 00 00 00 00 00 00 00 e1 fc fc 70 00 00 00
00 00 00 00 00 fd fc c3 00 00 00 00 00 00 00 00 00 00 00 00 00 e1 fc e6 19 00 00 00
00 00 00 00 00 9f fc ca 0a 00 00 00 00 00 00 00 00 00 00 00 5c f3 fc d0 00 00 00 00
00 00 00 00 00 71 fc fc a1 00 00 00 00 00 00 00 00 00 00 4f fd fc dc 25 00 00 00 00
00 00 00 00 00 72 fd fd fd ae 3f 00 00 00 00 00 00 1a 80 fd ff fd 85 00 00 00 00 00
00 00 00 00 00 0c e4 fc fc fc f1 64 55 4c 00 55 83 e7 fc fc fd 81 06 00 00 00 00 00
00 00 00 00 00 00 61 d0 fc fc fd fc fc f6 c5 fd fc fc fc dc 85 06 00 00 00 00 00 00
00 00 00 00 00 00 00 13 63 ef fd fc fc fc fc fd fc f5 df 63 00 00 00 00 00 00 00 00
00 00 00 00 00 00 00 00 00 3f 70 70 dd fc fc fd 7f 57 00 00 00 00 00 00 00 00 00 00
00 00 00 00 00 00 00 00 00 00 00 00 00 00 00 00 00 00 00 00 00 00 00 00 00 00 00 00
00 00 00 00 00 00 00 00 00 00 00 00 00 00 00 00 00 00 00 00 00 00 00 00 00 00 00 00
00 00 00 00 00 00 00 00 00 00 00 00 00 00 00 00 00 00 00 00 00 00 00 00 00 00 00 00
00 00 00 00 00 00 00 00 00 00 00 00 00 00 00 00 00 00 00 00 00 00 00 00 00 00 00 00
