00 00 00 00 00 00 00 00 00 00 00 00 00 00 00 00 00 00 00 00 00 00 00 00 00 00 00 00
00 00 00 00 00 00 00 00 00 00 00 00 00 00 00 00 00 00 00 00 00 00 00 00 00 00 00 00
00 00 00 00 00 00 00 00 00 00 00 00 00 00 00 00 00 00 00 00 00 00 00 00 00 00 00 00
00 00 00 00 00 00 00 00 00 00 00 00 00 00 00 00 00 00 00 00 00 00 00 00 00 00 00 00
00 00 00 00 00 00 00 00 00 00 00 00 00 00 00 00 00 26 be 19 00 00 00 00 00 00 00 00
00 00 00 0d 19 0a 00 00 00 00 00 00 00 00 00 00 00 70 fc 7d 04 00 00 00 00 00 00 00
00 00 00 84 fc 71 00 00 00 00 00 00 00 00 00 00 00 3d fc fc 24 00 00 00 00 00 00 00
00 00 00 84 fc f0 4f 00 00 00 00 00 00 00 00 00 00 54 fc fc 24 00 00 00 00 00 00 00
00 00 00 84 fc fc ee 34 00 00 00 00 00 00 00 00 0c c6 fc fc 7a 00 00 00 00 00 00 00
00 00 00 63 fc fc fc b5 11 00 00 00 00 00 00 00 31 fc fc fc 7a 00 00 00 00 00 00 00
00 00 00 03 7d fc fc fc 64 00 00 00 00 00 00 00 1a da fc fc 24 00 00 00 00 00 00 00
00 00 00 00 0f d8 fc fc cf 13 00 00 00 00 00 00 31 fc fc fc 24 00 00 00 00 00 00 00
00 00 00 00 00 9d fc fc fc 30 00 00 00 06 6d 6d c2 fc fc fc 24 00 00 00 00 00 00 00
00 00 00 00 00 64 fc fc fc 69 00 3a 74 80 fc fc fc fc fc d4 13 00 00 00 00 00 00 00
00 00 00 00 00 00 a4 fd fd fd fd fd fd ff fd fd fd fd fd fd 63 00 00 00 00 00 00 00
00 00 00 00 00 00 31 fc fc fc fc fc fc fd fc fc fc fc fc fc 9b 00 00 00 00 00 00 00
00 00 00 00 00 00 31 fc fc fc fc fc fc d9 d8 8d 7e fc fc fc 9b 00 00 00 00 00 00 00
00 00 00 00 00 00 31 fc fc fc ea cc 59 00 00 00 31 fc fc fc 9b 00 00 00 00 00 00 00
00 00 00 00 00 00 0e 9e c0 97 2d 00 00 00 00 00 31 fc fc fc e1 11 00 00 00 00 00 00
00 00 00 00 00 00 00 00 00 00 00 00 00 00 00 00 31 fc fc fc fc 17 00 00 00 00 00 00
00 00 00 00 00 00 00 00 00 00 00 00 00 00 00 00 21 e4 fc fc fc 9d 04 00 00 00 00 00
00 00 00 00 00 00 00 00 00 00 00 00 00 00 00 00 00 37 e5 fc fc fc 0b 00 00 00 00 00
00 00 00 00 00 00 00 00 00 00 00 00 00 00 00 00 00 00 35 e8 fc fc 3f 00 00 00 00 00
00 00 00 00 00 00 00 00 00 00 00 00 00 00 00 00 00 00 00 5a ce 83 0b 00 00 00 00 00
00 00 00 00 00 00 00 00 00 00 00 00 00 00 00 00 00 00 00 00 00 00 00 00 00 00 00 00
00 00 00 00 00 00 00 00 00 00 00 00 00 00 00 00 00 00 00 00 00 00 00 00 00 00 00 00
00 00 00 00 00 00 00 00 00 00 00 00 00 00 00 00 00 00 00 00 00 00 00 00 00 00 00 00
00 00 00 00 00 00 00 00 00 00 00 00 00 00 00 00 00 00 00 00 00 00 00 00 00 00 00 00
