00 00 00 00 00 00 00 00 00 00 00 00 00 00 00 00 00 00 00 00 00 00 00 00 00 00 00 00
00 00 00 00 00 00 00 00 00 00 00 00 00 00 00 00 00 00 00 00 00 00 00 00 00 00 00 00
00 00 00 00 00 00 00 00 00 00 00 00 00 00 00 00 00 00 00 00 00 00 00 00 00 00 00 00
00 00 00 00 00 00 00 00 00 00 00 00 00 00 00 00 00 00 00 00 00 00 00 00 00 00 00 00
00 00 00 00 00 00 00 00 00 00 00 00 00 00 00 00 00 00 00 00 00 00 00 00 00 00 00 00
00 00 00 00 00 00 00 00 00 00 00 00 5c bf b2 fd f2 8d 68 1d 00 00 00 00 00 00 00 00
00 00 00 00 00 00 00 00 00 00 00 1a fd fc fc fc fd fc fc fc 6c 13 00 00 00 00 00 00
00 00 00 00 00 00 00 00 00 39 7b de fd fc fc fc a8 e0 fc fc fd 54 00 00 00 00 00 00
00 00 00 00 00 00 00 00 b0 f3 fc fc fd fc fc fc 00 13 99 fc fd d1 19 00 00 00 00 00
00 00 00 00 00 00 0a 80 ff fd f4 e1 72 c2 fd b2 00 00 00 a3 fe fd a8 00 00 00 00 00
00 00 00 00 00 00 55 fc fd bd 38 00 00 13 85 09 00 00 00 26 fd fc a8 00 00 00 00 00
00 00 00 00 00 13 bf fc c2 13 00 00 00 00 00 00 00 00 00 00 fd fc ea 16 00 00 00 00
00 00 00 00 00 6b fc fc 0d 00 00 00 00 00 00 00 00 00 00 00 fd fc fc 80 00 00 00 00
00 00 00 00 00 a9 fd f1 00 00 00 00 00 00 00 00 00 00 00 00 8d fd fd 8c 00 00 00 00
00 00 00 00 13 e1 fc 8b 00 00 00 00 00 00 00 00 00 00 00 00 42 fc fc 8b 00 00 00 00
00 00 00 00 1d fc fc 34 00 00 00 00 00 00 00 00 00 00 00 00 1d fc fc 8b 00 00 00 00
00 00 00 00 1d fc fc 1c 00 00 00 00 00 00 00 00 00 00 00 00 1d fc fc 28 00 00 00 00
00 00 00 00 8d fd fd 5b 00 00 00 00 00 00 00 00 00 00 00 00 9a fd a8 00 00 00 00 00
00 00 00 00 42 fc fc a5 00 00 00 00 00 00 00 00 00 00 00 00 fd fc a8 00 00 00 00 00
00 00 00 00 13 e0 fc fc 00 00 00 00 00 00 00 00 00 00 00 7e fd fc 50 00 00 00 00 00
00 00 00 00 00 a9 fc fc d6 26 00 00 00 00 00 00 00 00 7e f9 fd 97 06 00 00 00 00 00
00 00 00 00 00 1a df fd fe fd 80 1d 00 00 00 0d 29 d8 fd fd e2 26 00 00 00 00 00 00
00 00 00 00 00 00 7a fc fd fc fc fc a9 a9 a9 ce fd fc fc ca 26 00 00 00 00 00 00 00
00 00 00 00 00 00 13 38 a8 e0 fc fc fd fc fc fc fd e9 82 06 00 00 00 00 00 00 00 00
00 00 00 00 00 00 00 00 00 5e 8b be 99 fc a4 8b 1c 16 00 00 00 00 00 00 00 00 00 00
00 00 00 00 00 00 00 00 00 00 00 00 00 00 00 00 00 00 00 00 00 00 00 00 00 00 00 00
00 00 00 00 00 00 00 00 00 00 00 00 00 00 00 00 00 00 00 00 00 00 00 00 00 00 00 00
00 00 00 00 00 00 00 00 00 00 00 00 00 00 00 00 00 00 00 00 00 00 00 00 00 00 00 00
