00 00 00 00 00 00 00 00 00 00 00 00 00 00 00 00 00 00 00 00 00 00 00 00 00 00 00 00
00 00 00 00 00 00 00 00 00 00 00 00 00 00 00 00 00 00 00 00 00 00 00 00 00 00 00 00
00 00 00 00 00 00 00 00 00 00 00 00 00 00 00 00 00 00 00 00 00 00 00 00 00 00 00 00
00 00 00 00 00 00 00 00 00 00 00 00 00 3c 9b fd fd fd 5f 00 00 00 00 00 00 00 00 00
00 00 00 00 00 00 00 00 00 00 00 10 48 e4 fd fb fb fb d4 83 08 00 00 00 00 00 00 00
00 00 00 00 00 00 00 00 00 00 10 bd fb fb fd fb fb fb fb fd 3e 00 00 00 00 00 00 00
00 00 00 00 00 00 00 00 00 00 ab fb fb d3 bd 45 6e f4 fb fd 3e 00 00 00 00 00 00 00
00 00 00 00 00 00 00 00 00 00 be fb d3 23 00 00 00 dd fb fd 3e 00 00 00 00 00 00 00
00 00 00 00 00 00 00 00 00 00 78 9e 77 00 00 00 00 df fd ff 3f 00 00 00 00 00 00 00
00 00 00 00 00 00 00 00 00 00 00 00 00 00 00 00 60 f4 fb fd 3e 00 00 00 00 00 00 00
00 00 00 00 00 00 00 00 00 00 00 00 00 00 00 00 7f fb fb fd 3e 00 00 00 00 00 00 00
00 00 00 00 00 00 00 00 00 00 00 00 00 00 00 00 7f fb fb a9 08 00 00 00 00 00 00 00
00 00 00 00 00 00 00 00 00 00 00 00 00 00 00 14 cd fb fb 3b 00 00 00 00 00 00 00 00
00 00 00 00 00 00 00 00 00 3c 00 00 00 00 60 fd fd fd c1 00 00 00 00 00 00 00 00 00
00 00 00 00 00 00 10 ab be e6 be be 96 20 73 fb fb fb 5e 00 00 00 00 00 00 00 00 00
00 00 00 00 00 00 7f fb fb fd fb fb fb fb fd fb fb fb 5e 00 00 00 00 00 00 00 00 00
00 00 00 00 00 a7 ec eb bc bd bc dc fb fb fd fb fb fb 85 00 00 00 00 00 00 00 00 00
00 00 00 00 00 be fb bc 00 00 00 7f fb fb fd fb fb fb fb 9f 27 00 00 00 00 00 00 00
00 00 00 00 3c e6 fd d5 c2 ff fd fd fd fd ff fd fd fd fd ff e9 60 0c 00 00 00 00 00
00 00 00 00 00 be fb fb fb fd fb fb fb e7 a1 3e 8d e4 fb fd fb fb 9d 0c 00 00 00 00
00 00 00 00 00 6f fb fb fb fd fb fb db 2f 00 00 00 20 cc fd fb fb fb 5e 00 00 00 00
00 00 00 00 00 04 6e bc bc bd a8 1f 17 00 00 00 00 00 13 5b ec fb fb 5e 00 00 00 00
00 00 00 00 00 00 00 00 00 00 00 00 00 00 00 00 00 00 00 00 5b fb d3 23 00 00 00 00
00 00 00 00 00 00 00 00 00 00 00 00 00 00 00 00 00 00 00 00 00 00 00 00 00 00 00 00
00 00 00 00 00 00 00 00 00 00 00 00 00 00 00 00 00 00 00 00 00 00 00 00 00 00 00 00
00 00 00 00 00 00 00 00 00 00 00 00 00 00 00 00 00 00 00 00 00 00 00 00 00 00 00 00
00 00 00 00 00 00 00 00 00 00 00 00 00 00 00 00 00 00 00 00 00 00 00 00 00 00 00 00
00 00 00 00 00 00 00 00 00 00 00 00 00 00 00 00 00 00 00 00 00 00 00 00 00 00 00 00
