00 00 00 00 00 00 00 00 00 00 00 00 00 00 00 00 00 00 00 00 00 00 00 00 00 00 00 00
00 00 00 00 00 00 00 00 00 00 00 00 00 00 00 00 00 00 00 00 00 00 00 00 00 00 00 00
00 00 00 00 00 00 00 00 00 00 00 00 00 00 00 00 00 00 00 00 00 00 00 00 00 00 00 00
00 00 00 00 00 00 00 00 00 00 00 00 00 00 00 00 00 00 00 00 00 00 00 00 00 00 00 00
00 00 00 00 00 00 00 00 00 00 00 00 00 00 00 00 00 00 00 00 00 00 00 00 00 00 00 00
00 00 00 00 00 00 00 00 00 00 17 a7 d0 fe ff 81 13 00 00 00 00 00 00 00 00 00 00 00
00 00 00 00 00 00 00 00 00 00 97 fd fd fd fd fd d1 1a 00 00 00 00 00 00 00 00 00 00
00 00 00 00 00 00 00 00 00 00 b5 fd fd fd e3 b5 fd cf 16 00 00 00 00 00 00 00 00 00
00 00 00 00 00 00 00 00 00 00 e3 fd fd fd 5c 26 e2 fd 81 02 00 00 00 00 00 00 00 00
00 00 00 00 00 00 00 00 00 00 c1 fd fd f8 3e 00 32 fd fd 2d 00 00 00 00 00 00 00 00
00 00 00 00 00 00 00 00 00 00 aa fd fd 87 00 00 0c d0 fd 77 00 00 00 00 00 00 00 00
00 00 00 00 00 00 00 00 00 10 e8 fd fd 15 00 00 00 3c fd b9 00 00 00 00 00 00 00 00
00 00 00 00 00 00 00 00 00 a4 fd fd e0 0e 00 00 00 0e d9 f7 3e 00 00 00 00 00 00 00
00 00 00 00 00 00 00 00 03 c1 fd fa 40 00 00 00 00 00 c7 fd b3 00 00 00 00 00 00 00
00 00 00 00 00 00 00 00 43 fd fd cd 00 00 00 00 00 00 62 fd bc 00 00 00 00 00 00 00
00 00 00 00 00 00 00 00 97 fd f5 2b 00 00 00 00 00 00 3f fa bc 00 00 00 00 00 00 00
00 00 00 00 00 00 00 00 97 fd f3 00 00 00 00 00 00 00 00 f4 de 16 00 00 00 00 00 00
00 00 00 00 00 00 00 00 97 fd d9 00 00 00 00 00 00 00 00 f4 fd 73 00 00 00 00 00 00
00 00 00 00 00 00 00 03 c3 fd 86 00 00 00 00 00 00 00 00 9c fd 96 00 00 00 00 00 00
00 00 00 00 00 00 00 00 8c fd 86 00 00 00 00 00 00 00 00 ef fd 8b 00 00 00 00 00 00
00 00 00 00 00 00 00 00 2c fd 86 00 00 00 00 00 00 00 35 f6 ed 20 00 00 00 00 00 00
00 00 00 00 00 00 00 00 08 c8 e5 28 00 00 00 00 00 19 e1 fd bc 00 00 00 00 00 00 00
00 00 00 00 00 00 00 00 00 78 fa e6 3a 11 00 0c 2a d5 fd ee 54 00 00 00 00 00 00 00
00 00 00 00 00 00 00 00 00 00 97 fd fd d9 b3 ce fd fd c4 76 00 00 00 00 00 00 00 00
00 00 00 00 00 00 00 00 00 00 12 3a 91 98 fd d6 91 4a 07 00 00 00 00 00 00 00 00 00
00 00 00 00 00 00 00 00 00 00 00 00 00 00 00 00 00 00 00 00 00 00 00 00 00 00 00 00
00 00 00 00 00 00 00 00 00 00 00 00 00 00 00 00 00 00 00 00 00 00 00 00 00 00 00 00
00 00 00 00 00 00 00 00 00 00 00 00 00 00 00 00 00 00 00 00 00 00 00 00 00 00 00 00
