00 00 00 00 00 00 00 00 00 00 00 00 00 00 00 00 00 00 00 00 00 00 00 00 00 00 00 00
00 00 00 00 00 00 00 00 00 00 00 00 00 00 00 00 00 00 00 00 00 00 00 00 00 00 00 00
00 00 00 00 00 00 00 00 00 00 00 00 00 00 00 00 00 00 00 00 00 00 00 00 00 00 00 00
00 00 00 00 00 00 00 00 00 00 00 00 00 00 00 00 00 00 00 00 00 00 00 00 00 00 00 00
00 00 00 00 00 00 00 00 00 00 00 00 00 00 00 00 00 00 00 00 00 00 00 00 00 00 00 00
00 00 00 00 00 00 00 00 00 00 00 00 0c 88 fe ff c3 73 03 00 00 00 00 00 00 00 00 00
00 00 00 00 00 00 00 00 00 00 00 06 af fd c4 a0 fc fd 0f 00 00 00 00 00 00 00 00 00
00 00 00 00 00 00 00 00 00 00 00 82 fd ea 04 00 1b cd e8 28 00 00 00 00 00 00 00 00
00 00 00 00 00 00 00 00 00 00 36 f6 fd 44 00 00 00 18 f3 6a 00 00 00 00 00 00 00 00
00 00 00 00 00 00 00 00 00 03 86 eb 63 04 00 00 00 00 84 f7 4d 00 00 00 00 00 00 00
00 00 00 00 00 00 00 00 00 38 fd 3e 00 00 00 00 00 00 17 e9 81 00 00 00 00 00 00 00
00 00 00 00 00 00 00 00 00 b3 b7 04 00 00 00 00 00 00 00 b6 dc 00 00 00 00 00 00 00
00 00 00 00 00 00 00 00 15 e8 3b 00 00 00 00 00 00 00 00 5f e8 15 00 00 00 00 00 00
00 00 00 00 00 00 00 00 80 b7 00 00 00 00 00 00 00 00 00 00 e4 55 00 00 00 00 00 00
00 00 00 00 00 00 00 00 bb 7c 00 00 00 00 00 00 00 00 00 00 e4 ba 00 00 00 00 00 00
00 00 00 00 00 00 00 00 bb 7c 00 00 00 00 00 00 00 00 00 00 e4 68 00 00 00 00 00 00
00 00 00 00 00 00 00 00 bb 7c 00 00 00 00 00 00 00 00 00 00 a9 b8 00 00 00 00 00 00
00 00 00 00 00 00 00 00 bb 7c 00 00 00 00 00 00 00 00 00 00 cb 96 00 00 00 00 00 00
00 00 00 00 00 00 00 00 bb 7c 00 00 00 00 00 00 00 00 00 0a dc 27 00 00 00 00 00 00
00 00 00 00 00 00 00 00 bb 9b 00 00 00 00 00 00 00 00 00 6f c9 00 00 00 00 00 00 00
00 00 00 00 00 00 00 00 81 e4 07 00 00 00 00 00 00 00 0c b5 4c 00 00 00 00 00 00 00
00 00 00 00 00 00 00 00 00 ea a6 09 00 00 00 00 00 18 d1 6a 00 00 00 00 00 00 00 00
00 00 00 00 00 00 00 00 00 8b fa a7 0b 02 0b 0b 81 e3 5a 0b 00 00 00 00 00 00 00 00
00 00 00 00 00 00 00 00 00 00 5f f7 fd b2 fd fd f4 56 00 00 00 00 00 00 00 00 00 00
00 00 00 00 00 00 00 00 00 00 00 2f af fd e8 95 28 00 00 00 00 00 00 00 00 00 00 00
00 00 00 00 00 00 00 00 00 00 00 00 00 00 00 00 00 00 00 00 00 00 00 00 00 00 00 00
00 00 00 00 00 00 00 00 00 00 00 00 00 00 00 00 00 00 00 00 00 00 00 00 00 00 00 00
00 00 00 00 00 00 00 00 00 00 00 00 00 00 00 00 00 00 00 00 00 00 00 00 00 00 00 00
