00 00 00 00 00 00 00 00 00 00 00 00 00 00 00 00 00 00 00 00 00 00 00 00 00 00 00 00
00 00 00 00 00 00 00 00 00 00 00 00 00 00 00 00 00 00 00 00 00 00 00 00 00 00 00 00
00 00 00 00 00 00 00 00 00 00 00 00 00 00 00 00 00 00 00 00 00 00 00 00 00 00 00 00
00 00 00 00 00 00 00 00 00 00 00 00 00 00 00 00 00 00 00 00 00 00 00 00 00 00 00 00
00 00 00 00 00 00 00 00 00 00 51 69 6a 69 69 b0 fe ed 69 06 00 00 00 00 00 00 00 00
00 00 00 00 00 00 00 00 00 4b f3 fd fe fd fd fd fd fd fd 9f 0e 00 00 00 00 00 00 00
00 00 00 00 00 00 00 00 00 5a fd fd fe fd fc a7 84 f9 fd fd 9c 00 00 00 00 00 00 00
00 00 00 00 00 00 00 00 00 5a fd fd fe e1 7e 00 00 b3 fd fd d0 00 00 00 00 00 00 00
00 00 00 00 00 00 00 00 00 0b 8f b2 b3 30 00 00 17 c9 fd fd d0 00 00 00 00 00 00 00
00 00 00 00 00 00 00 00 00 00 00 00 00 00 00 0f b8 fd fd fd 66 00 00 00 00 00 00 00
00 00 00 00 00 00 00 00 00 00 00 00 00 00 08 bf fd fd fd cd 1c 00 00 00 00 00 00 00
00 00 00 00 00 00 00 00 00 00 00 00 00 6f f0 fd fd fd fd 16 00 00 00 00 00 00 00 00
00 00 00 00 00 00 00 00 00 00 00 00 6c f3 fd fd fd e6 3b 04 00 00 00 00 00 00 00 00
00 00 00 00 00 00 00 00 00 00 00 00 fe fd fd fd fd f1 47 00 00 00 00 00 00 00 00 00
00 00 00 00 00 00 00 00 00 00 00 00 96 d4 da fe fe fe fe 0e 00 00 00 00 00 00 00 00
00 00 00 00 00 00 00 00 00 00 00 00 00 1a 1d 73 d3 fd fd 32 00 00 00 00 00 00 00 00
00 00 00 00 00 00 00 00 00 00 00 00 00 00 00 00 1b cd fd a8 04 00 00 00 00 00 00 00
00 00 00 00 00 00 00 00 00 00 00 00 00 00 00 00 00 b3 fd d2 1f 00 00 00 00 00 00 00
00 00 00 00 00 00 00 00 00 00 00 00 00 00 00 00 6f f5 fd a3 00 00 00 00 00 00 00 00
00 00 00 08 80 b3 87 09 00 00 00 00 00 08 1e 66 f5 fd fd 39 00 00 00 00 00 00 00 00
00 00 00 8b fd fd fd a9 86 08 00 00 50 8b fd fd fd fd fd 0e 00 00 00 00 00 00 00 00
00 00 00 2f de fd fd fd fd f0 ef ef f9 fb fd fd fd bd 54 01 00 00 00 00 00 00 00 00
00 00 00 00 2f d0 dd fd fd fd fd fd fe fd fd e8 4c 11 00 00 00 00 00 00 00 00 00 00
00 00 00 00 00 00 1f 68 b7 fd fd fd ff fd 9b 37 00 00 00 00 00 00 00 00 00 00 00 00
00 00 00 00 00 00 00 00 00 00 00 00 00 00 00 00 00 00 00 00 00 00 00 00 00 00 00 00
00 00 00 00 00 00 00 00 00 00 00 00 00 00 00 00 00 00 00 00 00 00 00 00 00 00 00 00
00 00 00 00 00 00 00 00 00 00 00 00 00 00 00 00 00 00 00 00 00 00 00 00 00 00 00 00
00 00 00 00 00 00 00 00 00 00 00 00 00 00 00 00 00 00 00 00 00 00 00 00 00 00 00 00
