00 00 00 00 00 00 00 00 00 00 00 00 00 00 00 00 00 00 00 00 00 00 00 00 00 00 00 00
00 00 00 00 00 00 00 00 00 00 00 00 00 00 00 00 00 00 00 00 00 00 00 00 00 00 00 00
00 00 00 00 00 00 00 00 00 00 00 00 00 00 00 00 00 00 00 00 00 00 00 00 00 00 00 00
00 00 00 00 00 00 00 00 00 00 00 00 00 00 00 00 00 00 00 00 00 00 00 00 00 00 00 00
00 00 00 00 00 00 00 00 00 00 00 00 00 00 00 00 00 00 00 00 00 00 03 07 00 00 00 00
00 00 00 00 00 00 00 00 00 00 00 00 00 00 00 00 00 0b 0d 7b 89 89 c0 ff 00 00 00 00
00 00 00 00 00 00 00 00 00 00 00 00 00 00 00 06 3b ec fe fe fe fe fe ff 00 00 00 00
00 00 00 00 00 00 00 00 00 00 00 00 12 38 75 99 fe fe fe fe f4 e5 e5 6c 00 00 00 00
00 00 00 00 00 00 00 00 00 00 00 07 be fe f6 7e 8a 78 cd 72 3a 00 00 00 00 00 00 00
00 00 00 00 00 00 00 00 00 00 2f b4 fe f5 62 00 00 00 00 00 00 00 00 00 00 00 00 00
00 00 00 00 00 00 00 00 00 2f e1 fe f5 9f 00 00 00 00 00 00 00 00 00 00 00 00 00 00
00 00 00 00 00 00 00 00 00 a2 fe fe 94 26 00 00 00 00 00 00 00 00 00 00 00 00 00 00
00 00 00 00 00 00 00 00 17 e4 fe fe fe ec b5 54 27 00 00 00 00 00 00 00 00 00 00 00
00 00 00 00 00 00 00 00 09 ba fe fe fe fe fe fe e9 90 09 00 00 00 00 00 00 00 00 00
00 00 00 00 00 00 00 00 00 28 53 ba 7d ba ba ce fe fe 60 09 00 00 00 00 00 00 00 00
00 00 00 00 02 23 00 00 00 00 00 00 00 00 00 11 77 fe fe 43 00 00 00 00 00 00 00 00
00 00 00 00 6c da 00 00 00 00 00 00 00 00 00 00 52 fe fe 74 00 00 00 00 00 00 00 00
00 00 00 00 ae fc 5d 00 00 00 00 00 00 00 00 00 52 fe fe 1e 00 00 00 00 00 00 00 00
00 00 00 00 95 fe a4 27 00 00 00 00 00 00 00 00 80 fe fe 1e 00 00 00 00 00 00 00 00
00 00 00 00 15 fe fe e1 58 00 00 00 00 00 00 74 f9 fe 7c 04 00 00 00 00 00 00 00 00
00 00 00 00 01 18 9a fe fc 97 6b 6b 6b 88 e7 f9 fe fe 25 00 00 00 00 00 00 00 00 00
00 00 00 00 00 00 51 d0 fe fe fe fe fe fe fe fe db 64 03 00 00 00 00 00 00 00 00 00
00 00 00 00 00 00 00 07 58 d3 fe fe fe fe a4 27 08 00 00 00 00 00 00 00 00 00 00 00
00 00 00 00 00 00 00 00 00 04 06 06 06 06 02 00 00 00 00 00 00 00 00 00 00 00 00 00
00 00 00 00 00 00 00 00 00 00 00 00 00 00 00 00 00 00 00 00 00 00 00 00 00 00 00 00
00 00 00 00 00 00 00 00 00 00 00 00 00 00 00 00 00 00 00 00 00 00 00 00 00 00 00 00
00 00 00 00 00 00 00 00 00 00 00 00 00 00 00 00 00 00 00 00 00 00 00 00 00 00 00 00
00 00 00 00 00 00 00 00 00 00 00 00 00 00 00 00 00 00 00 00 00 00 00 00 00 00 00 00
