00 00 00 00 00 00 00 00 00 00 00 00 00 00 00 00 00 00 00 00 00 00 00 00 00 00 00 00
00 00 00 00 00 00 00 00 00 00 00 00 00 00 00 00 00 00 00 00 00 00 00 00 00 00 00 00
00 00 00 00 00 00 00 00 00 00 00 00 00 00 00 00 00 00 00 00 00 00 00 00 00 00 00 00
00 00 00 00 00 00 00 00 00 00 00 00 00 00 37 61 d9 d3 00 00 00 00 00 00 00 00 00 00
00 00 00 00 00 00 00 00 00 00 00 00 02 76 fa fd ae 24 00 00 00 00 00 00 00 00 00 00
00 00 00 00 00 00 00 00 00 00 00 00 9b fd fd 9a 00 00 00 00 00 00 00 00 00 00 00 00
00 00 00 00 00 00 00 00 00 00 00 46 fa f0 6d 05 00 00 00 00 00 00 00 00 00 00 00 00
00 00 00 00 00 00 00 00 00 00 00 e7 fd 64 00 00 00 00 00 00 00 00 00 00 00 00 00 00
00 00 00 00 00 00 00 00 00 00 79 ff db 1e 00 00 00 00 00 00 00 00 00 00 00 00 00 00
00 00 00 00 00 00 00 00 00 22 f4 fe 35 00 00 00 00 00 00 00 00 00 00 00 00 00 00 00
00 00 00 00 00 00 00 00 00 28 fd eb 1b 00 00 00 00 25 4f 4f 12 00 00 00 00 00 00 00
00 00 00 00 00 00 00 00 00 81 fd 8e 00 00 00 44 9f f3 fd fd c8 35 00 00 00 00 00 00
00 00 00 00 00 00 00 00 00 88 fd 62 00 00 6a ef fe fd fd fd fd ad 00 00 00 00 00 00
00 00 00 00 00 00 00 00 00 eb fe 63 00 8a fe fe c4 5b 00 10 da ff 3d 00 00 00 00 00
00 00 00 00 00 00 00 00 00 ea fd 62 46 f1 fa 79 0f 00 00 00 71 fe 87 00 00 00 00 00
00 00 00 00 00 00 00 00 00 cc fd 80 d6 fd 92 00 00 00 00 00 80 fe 87 00 00 00 00 00
00 00 00 00 00 00 00 00 00 88 fd f9 fa f0 17 00 00 00 00 07 cc fe 53 00 00 00 00 00
00 00 00 00 00 00 00 00 00 3e fd fe fd 89 00 00 00 00 00 bd fd ab 09 00 00 00 00 00
00 00 00 00 00 00 00 00 00 1f f0 ff fe 4e 00 00 00 0d ba fe e7 26 00 00 00 00 00 00
00 00 00 00 00 00 00 00 00 00 69 fe fd e2 7d 76 b2 d9 fd db 2e 00 00 00 00 00 00 00
00 00 00 00 00 00 00 00 00 00 00 df fd fd fd fd fe fd a8 06 00 00 00 00 00 00 00 00
00 00 00 00 00 00 00 00 00 00 00 23 e8 fd fd fd fe db 06 00 00 00 00 00 00 00 00 00
00 00 00 00 00 00 00 00 00 00 00 00 31 7e d0 d7 9b 2e 00 00 00 00 00 00 00 00 00 00
00 00 00 00 00 00 00 00 00 00 00 00 00 00 00 00 00 00 00 00 00 00 00 00 00 00 00 00
00 00 00 00 00 00 00 00 00 00 00 00 00 00 00 00 00 00 00 00 00 00 00 00 00 00 00 00
00 00 00 00 00 00 00 00 00 00 00 00 00 00 00 00 00 00 00 00 00 00 00 00 00 00 00 00
00 00 00 00 00 00 00 00 00 00 00 00 00 00 00 00 00 00 00 00 00 00 00 00 00 00 00 00
00 00 00 00 00 00 00 00 00 00 00 00 00 00 00 00 00 00 00 00 00 00 00 00 00 00 00 00
