00 00 00 00 00 00 00 00 00 00 00 00 00 00 00 00 00 00 00 00 00 00 00 00 00 00 00 00
00 00 00 00 00 00 00 00 00 00 00 00 00 00 00 00 00 00 00 00 00 00 00 00 00 00 00 00
00 00 00 00 00 00 00 00 00 00 00 00 00 00 00 00 00 00 00 00 00 00 00 00 00 00 00 00
00 00 00 00 00 00 00 00 00 00 00 00 00 00 00 00 00 00 00 00 00 00 00 00 00 00 00 00
00 00 00 00 00 00 00 00 00 00 00 00 78 fd fd 3f 00 00 00 00 00 00 00 00 00 00 00 00
00 00 00 00 00 00 00 00 00 00 26 83 f6 fc fc cb 0f 00 00 00 00 00 00 00 00 00 00 00
00 00 00 00 00 00 00 00 00 00 de fc fc fc fc a6 26 00 00 00 00 00 00 00 00 00 00 00
00 00 00 00 00 00 00 00 04 6b fd fc fc fc fc fd e0 89 1a 00 00 00 00 00 00 00 00 00
00 00 00 00 00 00 00 00 6b fc fd fc dc 80 fc fd fc fc ef 8c 00 00 00 00 00 00 00 00
00 00 00 00 00 00 00 00 aa fd ff a8 00 00 4f c0 fd fd fd fd ff 5a 00 00 00 00 00 00
00 00 00 00 00 00 00 33 f3 fc d7 21 00 00 00 0c 4a e9 fc fc fd c3 13 00 00 00 00 00
00 00 00 00 00 00 00 a6 fc fc 1f 00 00 00 00 00 00 2b 95 c3 fd fc b1 13 00 00 00 00
00 00 00 00 00 00 39 ea fc fc 00 00 00 00 00 00 00 00 00 00 ed fc fc b4 0d 00 00 00
00 00 00 00 00 00 55 fc fc ad 00 00 00 00 00 00 00 00 00 00 32 ed fc fc 70 00 00 00
00 00 00 00 00 00 e2 fd f0 3f 00 00 00 00 00 00 00 00 00 00 00 a3 fd fd 70 00 00 00
00 00 00 00 00 26 ea fc b0 00 00 00 00 00 00 00 00 00 00 00 00 55 fc fc 9e 00 00 00
00 00 00 00 00 71 fc fc 54 00 00 00 00 00 00 00 00 00 00 00 00 13 d1 fc fc 00 00 00
00 00 00 00 00 cf fc fc 54 00 00 00 00 00 00 00 00 00 00 00 00 0a cb fc ec 00 00 00
00 00 00 00 00 fd fc fc 54 00 00 00 00 00 00 00 00 00 00 00 00 55 fc fc 70 00 00 00
00 00 00 00 00 72 fd fd 92 00 00 00 00 00 00 00 00 00 00 00 33 9f fd f0 3f 00 00 00
00 00 00 00 00 4b f3 fc f9 92 00 00 00 00 00 00 00 00 39 55 ee fc fc 63 00 00 00 00
00 00 00 00 00 00 74 fc fc fc c6 c5 a5 39 39 39 b6 c5 ea fc fd e9 a4 13 00 00 00 00
00 00 00 00 00 00 1c 54 b4 fc fd fc fc fc fc fd fc fc fc fc e1 47 00 00 00 00 00 00
00 00 00 00 00 00 00 00 0d 70 fd fc fc fc fc fd fc fc 9d 70 00 00 00 00 00 00 00 00
00 00 00 00 00 00 00 00 00 00 00 00 00 00 00 00 00 00 00 00 00 00 00 00 00 00 00 00
00 00 00 00 00 00 00 00 00 00 00 00 00 00 00 00 00 00 00 00 00 00 00 00 00 00 00 00
00 00 00 00 00 00 00 00 00 00 00 00 00 00 00 00 00 00 00 00 00 00 00 00 00 00 00 00
00 00 00 00 00 00 00 00 00 00 00 00 00 00 00 00 00 00 00 00 00 00 00 00 00 00 00 00
