00 00 00 00 00 00 00 00 00 00 00 00 00 00 00 00 00 00 00 00 00 00 00 00 00 00 00 00
00 00 00 00 00 00 00 00 00 00 00 00 00 00 00 00 00 00 00 00 00 00 00 00 00 00 00 00
00 00 00 00 00 00 00 00 00 00 00 00 00 00 00 00 00 00 00 00 00 00 00 00 00 00 00 00
00 00 00 00 00 00 00 00 00 00 00 00 00 00 00 00 00 00 00 00 00 00 00 00 00 00 00 00
00 00 00 00 00 00 00 00 00 00 00 00 00 00 00 00 00 18 96 e9 26 00 00 00 00 00 00 00
00 00 00 00 00 00 00 00 00 00 00 00 00 00 00 0e 59 fd fe fe 47 00 00 00 00 00 00 00
00 00 00 00 00 00 00 00 00 00 00 00 00 00 4e cb fe fe fe e8 4d 36 08 00 00 00 00 00
00 00 00 00 00 00 00 00 00 00 00 00 0c 9b f0 fe df 4c fe fe fe fe 44 00 00 00 00 00
00 00 00 00 00 00 00 00 00 00 03 65 d8 fe e3 7a 1a 6e fe fe fe b8 64 00 00 00 00 00
00 00 00 00 00 00 00 00 00 2e de fe fe b3 30 00 00 b5 fe fe 92 06 00 00 00 00 00 00
00 00 00 00 00 00 00 02 91 f8 fe b6 6f 04 00 00 03 fa fe ce 03 00 00 00 00 00 00 00
00 00 00 00 00 00 06 90 fe fe ab 00 00 00 00 00 7d fe fc 50 00 00 00 00 00 00 00 00
00 00 00 00 00 06 8e fe b3 5f 04 00 00 00 00 3d f6 fe 96 00 00 00 00 00 00 00 00 00
00 00 00 00 00 40 fe b1 0e 00 00 00 00 00 00 7c fe f6 20 00 00 00 00 00 00 00 00 00
00 00 00 00 00 6c 61 0f 00 00 00 00 00 00 18 e2 fe 74 00 00 00 00 00 00 00 00 00 00
00 00 00 00 00 00 00 00 00 00 00 00 00 00 b1 ff fe 05 00 00 00 00 00 00 00 00 00 00
00 00 00 00 00 00 00 00 00 00 00 00 00 00 c4 fe 63 01 00 00 00 00 00 00 00 00 00 00
00 00 00 00 00 00 00 00 00 00 00 00 00 03 c7 fe 4f 00 00 00 00 00 00 00 00 00 00 00
00 00 00 00 00 00 00 00 00 00 00 00 00 81 fe fe 17 00 00 00 00 00 00 00 00 00 00 00
00 00 00 00 00 00 00 00 00 00 00 00 00 b2 fe c0 08 03 2b 00 00 00 00 00 00 00 00 00
00 00 00 00 00 00 00 00 00 00 00 00 0b c6 fe 80 42 82 e1 00 00 00 00 00 00 00 00 00
00 00 00 00 00 00 89 ca 6a 54 54 54 70 fe fe fe fe d4 97 00 00 00 00 00 00 00 00 00
00 00 00 00 00 00 ac fe fe fe fe fe fe fe fe fe a2 4b 00 00 00 00 00 00 00 00 00 00
00 00 00 00 00 00 0c 6a b1 fe fe fe eb 87 64 11 02 00 00 00 00 00 00 00 00 00 00 00
00 00 00 00 00 00 00 00 00 00 00 00 00 00 00 00 00 00 00 00 00 00 00 00 00 00 00 00
00 00 00 00 00 00 00 00 00 00 00 00 00 00 00 00 00 00 00 00 00 00 00 00 00 00 00 00
00 00 00 00 00 00 00 00 00 00 00 00 00 00 00 00 00 00 00 00 00 00 00 00 00 00 00 00
00 00 00 00 00 00 00 00 00 00 00 00 00 00 00 00 00 00 00 00 00 00 00 00 00 00 00 00
