00 00 00 00 00 00 00 00 00 00 00 00 00 00 00 00 00 00 00 00 00 00 00 00 00 00 00 00
00 00 00 00 00 00 00 00 00 00 00 00 00 00 00 00 00 00 00 00 00 00 00 00 00 00 00 00
00 00 00 00 00 00 00 00 00 00 00 00 00 00 00 00 00 00 00 00 00 00 00 00 00 00 00 00
00 00 00 00 00 00 00 00 00 00 00 00 00 00 00 00 00 00 00 00 00 00 00 00 00 00 00 00
00 00 00 00 00 00 00 00 00 00 00 00 00 00 00 00 00 00 00 00 00 00 00 00 00 00 00 00
00 00 00 00 00 00 00 00 00 00 00 00 00 00 00 00 00 00 00 00 00 00 00 00 00 00 00 00
00 00 00 00 00 00 00 00 00 00 00 00 00 00 00 1f 90 fa fe a6 00 00 00 00 00 00 00 00
00 00 00 00 00 00 00 00 00 00 00 00 00 00 62 f1 cc 61 7e fd 28 00 00 00 00 00 00 00
00 00 00 00 00 00 00 00 00 00 00 00 06 79 f7 85 10 00 32 fd 1b 00 00 00 00 00 00 00
00 00 00 00 00 00 00 00 00 00 00 00 67 fd 6d 00 00 00 78 e7 00 00 00 00 00 00 00 00
00 00 00 00 00 00 00 00 00 00 00 12 ea a9 04 00 00 1f dc e7 00 00 00 00 00 00 00 00
00 00 00 00 00 00 00 00 00 00 04 d7 d4 12 00 00 00 c3 fe 8b 00 00 00 00 00 00 00 00
00 00 00 00 00 00 00 00 00 00 58 fd 3f 00 00 00 5a fb f2 17 00 00 00 00 00 00 00 00
00 00 00 00 00 00 00 00 00 00 b7 d6 05 00 00 18 e9 fd 85 00 00 00 00 00 00 00 00 00
00 00 00 00 00 00 00 00 00 00 fe 7c 00 00 0e c5 fd 95 0e 00 00 00 00 00 00 00 00 00
00 00 00 00 00 00 00 00 00 43 fe 2d 00 47 e0 fe da 0f 00 00 00 00 00 00 00 00 00 00
00 00 00 00 00 00 00 00 00 2d f6 d6 e3 f8 f1 ff 6f 00 00 00 00 00 00 00 00 00 00 00
00 00 00 00 00 00 00 00 00 00 5e c1 a7 4e e2 bd 08 00 00 00 00 00 00 00 00 00 00 00
00 00 00 00 00 00 00 00 00 00 00 00 01 91 f9 35 00 00 00 00 00 00 00 00 00 00 00 00
00 00 00 00 00 00 00 00 00 00 00 00 40 fd 82 00 00 00 00 00 00 00 00 00 00 00 00 00
00 00 00 00 00 00 00 00 00 00 00 00 e6 e3 0c 00 00 00 00 00 00 00 00 00 00 00 00 00
00 00 00 00 00 00 00 00 00 00 00 34 fa 68 00 00 00 00 00 00 00 00 00 00 00 00 00 00
00 00 00 00 00 00 00 00 00 00 08 ce df 0b 00 00 00 00 00 00 00 00 00 00 00 00 00 00
00 00 00 00 00 00 00 00 00 00 69 fd 2d 00 00 00 00 00 00 00 00 00 00 00 00 00 00 00
00 00 00 00 00 00 00 00 00 00 d6 cf 04 00 00 00 00 00 00 00 00 00 00 00 00 00 00 00
00 00 00 00 00 00 00 00 00 00 e8 6a 00 00 00 00 00 00 00 00 00 00 00 00 00 00 00 00
00 00 00 00 00 00 00 00 00 00 00 00 00 00 00 00 00 00 00 00 00 00 00 00 00 00 00 00
00 00 00 00 00 00 00 00 00 00 00 00 00 00 00 00 00 00 00 00 00 00 00 00 00 00 00 00
