00 00 00 00 00 00 00 00 00 00 00 00 00 00 00 00 00 00 00 00 00 00 00 00 00 00 00 00
00 00 00 00 00 00 00 00 00 00 00 00 00 00 00 00 00 00 00 00 00 00 00 00 00 00 00 00
00 00 00 00 00 00 00 00 00 00 00 00 00 00 00 00 00 00 00 00 00 00 00 00 00 00 00 00
00 00 00 00 00 00 00 00 00 00 00 00 00 00 00 00 00 00 00 00 00 00 00 00 00 00 00 00
00 00 00 00 00 00 00 00 00 00 00 00 00 00 5d 97 ff ea 7d 7d 33 00 00 00 00 00 00 00
00 00 00 00 00 00 00 00 00 00 00 00 00 7d fc fd fd fd fd fd f0 33 00 00 00 00 00 00
00 00 00 00 00 00 00 00 00 00 00 00 45 fb fd fd fd fd fd fd fd ea 00 00 00 00 00 00
00 00 00 00 00 00 00 00 00 00 00 21 d6 fd e5 37 13 6a 95 d5 fd f0 00 00 00 00 00 00
00 00 00 00 00 00 00 00 00 00 00 c4 fd cb c2 00 00 00 00 27 fd f0 00 00 00 00 00 00
00 00 00 00 00 00 00 00 00 00 00 d1 fd cb 30 00 00 00 00 8c fd f0 00 00 00 00 00 00
00 00 00 00 00 00 00 00 00 00 00 a5 fd fd 41 00 00 0e 66 ef fd f0 00 00 00 00 00 00
00 00 00 00 00 00 00 00 00 00 00 4f fd fd be 27 67 d8 fd fd cf 63 00 00 00 00 00 00
00 00 00 00 00 00 00 00 00 00 00 10 d4 fd fd e3 fd fd f4 b5 4b 00 00 00 00 00 00 00
00 00 00 00 00 00 00 00 00 00 16 ad f2 fd fd fd f1 65 33 00 00 00 00 00 00 00 00 00
00 00 00 00 00 00 00 00 17 6b d3 fd fd fd fd e2 47 00 00 00 00 00 00 00 00 00 00 00
00 00 00 00 00 00 00 31 c5 fd fd d2 a4 76 fd fd 69 00 00 00 00 00 00 00 00 00 00 00
00 00 00 00 00 00 4e f8 fd ed 61 0e 00 14 d1 fd ef 3b 00 00 00 00 00 00 00 00 00 00
00 00 00 00 00 00 c6 fd a7 36 00 00 00 00 bd fd fd 54 00 00 00 00 00 00 00 00 00 00
00 00 00 00 00 4c f9 f0 16 00 00 00 00 00 bd fd fd 54 00 00 00 00 00 00 00 00 00 00
00 00 00 00 00 76 fd 9f 03 00 00 00 00 00 bd fd fd 54 00 00 00 00 00 00 00 00 00 00
00 00 00 00 00 6d fc fd 2b 0d 00 00 00 00 bd fd fd 54 00 00 00 00 00 00 00 00 00 00
00 00 00 00 00 00 eb fd fd d6 8f 4d 8f 8f e1 fd fd 54 00 00 00 00 00 00 00 00 00 00
00 00 00 00 00 00 6d f9 fd fd fd fd fd fd fd fc 9c 27 00 00 00 00 00 00 00 00 00 00
00 00 00 00 00 00 00 33 7b ed fd fd fd fd 9b 62 00 00 00 00 00 00 00 00 00 00 00 00
00 00 00 00 00 00 00 00 00 00 00 00 00 00 00 00 00 00 00 00 00 00 00 00 00 00 00 00
00 00 00 00 00 00 00 00 00 00 00 00 00 00 00 00 00 00 00 00 00 00 00 00 00 00 00 00
00 00 00 00 00 00 00 00 00 00 00 00 00 00 00 00 00 00 00 00 00 00 00 00 00 00 00 00
00 00 00 00 00 00 00 00 00 00 00 00 00 00 00 00 00 00 00 00 00 00 00 00 00 00 00 00
