00 00 00 00 00 00 00 00 00 00 00 00 00 00 00 00 00 00 00 00 00 00 00 00 00 00 00 00
00 00 00 00 00 00 00 00 00 00 00 00 00 00 00 00 00 00 00 00 00 00 00 00 00 00 00 00
00 00 00 00 00 00 00 00 00 00 00 00 00 00 00 00 00 00 00 00 00 00 00 00 00 00 00 00
00 00 00 00 00 00 00 00 00 00 00 00 00 00 00 00 00 00 00 00 00 00 00 00 00 00 00 00
00 00 00 00 00 00 00 00 00 00 00 00 00 00 00 00 00 00 00 00 00 00 00 00 00 00 00 00
00 00 00 00 00 00 00 00 00 00 00 00 00 00 00 00 00 00 00 00 00 00 00 00 00 00 00 00
00 00 00 00 00 00 00 00 00 00 00 00 04 6f b4 ff ff 47 06 00 00 00 00 00 06 00 00 00
00 00 00 00 00 00 00 00 00 00 00 2f b0 fd f2 fd fd fe b4 0a 00 00 00 00 7a 00 00 00
00 00 00 00 00 00 00 00 00 00 6a e2 fd b7 33 60 60 ed fd b0 0d 00 00 00 2e 00 00 00
00 00 00 00 00 00 00 00 00 07 ba fd b5 10 00 00 00 85 fd fd 54 00 00 00 00 00 00 00
00 00 00 00 00 00 00 00 00 25 fd ef 2e 00 00 00 00 85 fd fd 54 00 00 00 00 00 00 00
00 00 00 00 00 00 00 00 00 81 fd c1 00 00 00 00 00 a8 fd e1 14 00 00 00 00 00 00 00
00 00 00 00 00 00 00 00 00 3c fd c1 00 00 00 00 c5 fe fd b0 00 00 00 00 00 00 00 00
00 00 00 00 00 00 00 00 00 25 fd d8 62 13 00 59 f7 ff ba 0e 00 00 00 00 00 00 00 00
00 00 00 00 00 00 00 00 00 04 b1 fd fd eb e6 fb fd bf 0a 00 00 00 00 00 00 00 00 00
00 00 00 00 00 00 00 00 00 00 1f 84 e1 fd fd fd fd 7a 00 00 00 00 00 00 00 00 00 00
00 00 00 00 00 00 00 00 00 00 00 00 00 8f ff ff f9 00 00 00 00 00 00 00 00 00 00 00
00 00 00 00 00 00 00 00 00 00 00 00 00 55 fd fd 84 00 00 00 00 00 00 00 00 00 00 00
00 00 00 00 00 00 00 00 00 00 00 00 00 67 fd fd 39 00 00 00 00 00 00 00 00 00 00 00
00 00 00 00 00 00 00 00 00 00 00 00 00 ce fd fd 0b 00 00 00 00 00 00 00 00 00 00 00
00 00 00 00 00 00 00 00 00 00 00 00 00 ce fd fd 0b 00 00 00 00 00 00 00 00 00 00 00
00 00 00 00 00 00 00 00 00 00 00 00 15 dc fd de 08 00 00 00 00 00 00 00 00 00 00 00
00 00 00 00 00 00 00 00 00 00 00 00 49 fd fd 68 00 00 00 00 00 00 00 00 00 00 00 00
00 00 00 00 00 00 00 00 00 00 00 00 b1 fd d8 0f 00 00 00 00 00 00 00 00 00 00 00 00
00 00 00 00 00 00 00 00 00 00 00 38 f8 fd 9c 00 00 00 00 00 00 00 00 00 00 00 00 00
00 00 00 00 00 00 00 00 00 00 00 20 e1 fd 9c 00 00 00 00 00 00 00 00 00 00 00 00 00
00 00 00 00 00 00 00 00 00 00 00 00 00 00 00 00 00 00 00 00 00 00 00 00 00 00 00 00
00 00 00 00 00 00 00 00 00 00 00 00 00 00 00 00 00 00 00 00 00 00 00 00 00 00 00 00
