00 00 00 00 00 00 00 00 00 00 00 00 00 00 00 00 00 00 00 00 00 00 00 00 00 00 00 00
00 00 00 00 00 00 00 00 00 00 00 00 00 00 00 00 00 00 00 00 00 00 00 00 00 00 00 00
00 00 00 00 00 00 00 00 00 00 00 00 00 00 00 00 00 00 00 00 00 00 00 00 00 00 00 00
00 00 00 00 00 00 00 00 00 00 00 00 00 00 00 00 00 00 00 00 00 00 00 00 00 00 00 00
00 00 00 00 00 5c 5b 5b da fe fe fe 94 fe 5f 5b 5b 52 00 00 00 00 00 00 00 00 00 00
00 00 00 00 00 fe fd fd fd fd fd fd fd fd fd fd fd f6 b4 b4 b4 22 00 00 00 00 00 00
00 00 00 00 00 fe fd fd aa 92 92 92 92 92 92 db fd fd fd fd fd dc 6b 07 00 00 00 00
00 00 00 00 00 39 38 38 0d 00 00 00 00 00 00 27 38 38 38 bd ed fd fd 0f 00 00 00 00
00 00 00 00 00 00 00 00 00 00 00 00 00 00 00 00 00 00 00 00 83 fd fd 0f 00 00 00 00
00 00 00 00 00 00 00 00 00 00 00 00 00 00 00 00 00 00 00 09 9b fd fd 0f 00 00 00 00
00 00 00 00 00 00 00 00 00 00 00 00 00 00 00 00 00 00 00 83 fd fd fd 0f 00 00 00 00
00 00 00 00 00 00 00 00 00 00 00 00 00 00 00 00 00 00 1e da fd c3 5c 02 00 00 00 00
00 00 00 00 00 00 00 00 00 00 00 00 00 00 00 00 00 75 c8 fd fd 20 00 00 00 00 00 00
00 00 00 00 00 00 00 00 00 00 00 00 00 00 00 03 92 fb fd ba 56 01 00 00 00 00 00 00
00 00 00 00 00 00 00 00 00 00 00 00 00 00 09 7c fd fd f9 2f 00 00 00 00 00 00 00 00
00 00 00 00 00 00 00 00 00 00 00 00 1a 63 f9 fd fd b3 55 00 00 00 00 00 00 00 00 00
00 00 00 00 00 00 00 00 00 00 05 74 cd fd fd ec a4 11 00 00 00 00 00 00 00 00 00 00
00 00 00 00 00 00 00 00 0f 74 8e fd fd fd d7 2c 00 00 00 00 00 00 00 00 00 00 00 00
00 00 00 00 00 00 03 6f d3 fd fd fd d7 6f 21 00 00 00 00 00 00 00 00 00 00 00 00 00
00 00 00 00 00 30 8b fd fd fd fd b4 0c 00 00 00 00 00 00 00 00 00 00 00 00 00 00 00
00 00 00 00 00 80 fd fd fd fd fd ec 49 3a 3a 3a 3a 3a 3a 3a 3a 08 22 3a 3a 00 00 00
00 00 00 00 00 ff fd fd fd fd fd fd fd fd fd fd fd fd fd fd fd a1 d1 fd fd 00 00 00
00 00 00 00 00 4a b3 b3 b3 b3 b3 b3 f6 fd fd fd fd fd fd fd fd fd fd fd cd 00 00 00
00 00 00 00 00 00 00 00 00 00 00 00 51 59 59 c9 fd fd fd fd fd 6e 59 59 20 00 00 00
00 00 00 00 00 00 00 00 00 00 00 00 00 00 00 00 00 00 00 00 00 00 00 00 00 00 00 00
00 00 00 00 00 00 00 00 00 00 00 00 00 00 00 00 00 00 00 00 00 00 00 00 00 00 00 00
00 00 00 00 00 00 00 00 00 00 00 00 00 00 00 00 00 00 00 00 00 00 00 00 00 00 00 00
00 00 00 00 00 00 00 00 00 00 00 00 00 00 00 00 00 00 00 00 00 00 00 00 00 00 00 00
