00 00 00 00 00 00 00 00 00 00 00 00 00 00 00 00 00 00 00 00 00 00 00 00 00 00 00 00
00 00 00 00 00 00 00 00 00 00 00 00 00 00 00 00 00 00 00 00 00 00 00 00 00 00 00 00
00 00 00 00 00 00 00 00 00 00 00 00 00 00 00 00 00 00 00 00 00 00 00 00 00 00 00 00
00 00 00 00 00 00 00 00 00 00 00 00 00 00 00 00 00 00 00 00 00 00 00 00 00 00 00 00
00 00 00 00 00 00 00 00 00 00 00 00 00 00 00 00 00 00 00 00 00 00 00 00 00 00 00 00
00 00 00 00 00 00 00 00 00 00 00 00 00 00 00 00 00 00 00 00 00 00 00 00 00 00 00 00
00 00 00 00 00 00 00 00 00 00 00 00 00 00 00 00 00 00 00 00 00 00 00 00 00 00 00 00
00 00 00 00 00 00 00 00 00 38 ff f1 00 00 00 00 00 00 00 3a 76 10 00 00 00 00 00 00
00 00 00 00 00 00 00 00 00 38 fd fc a3 61 3f 1b 2d 61 65 f3 fd ec 32 00 00 00 00 00
00 00 00 00 00 00 00 00 00 38 fd fd fd fd ef e0 e7 fd fd fd fd fd 36 00 00 00 00 00
00 00 00 00 00 00 00 00 00 38 fd fd fd fd fd fd f3 cc fd fd fd be 0d 00 00 00 00 00
00 00 00 00 00 00 00 00 00 94 fd fd a4 52 52 52 42 1c fd fd fd 4e 00 00 00 00 00 00
00 00 00 00 00 00 00 00 00 c0 fd fd 7b 00 00 00 00 6e fd fd f8 20 00 00 00 00 00 00
00 00 00 00 00 00 00 00 00 7a fd f6 3c 00 00 00 19 d2 fd fd 96 00 00 00 00 00 00 00
00 00 00 00 00 00 00 00 00 20 8f 3d 00 00 00 00 b7 fd fd c7 0b 00 00 00 00 00 00 00
00 00 00 00 00 00 00 00 00 00 00 00 00 00 00 3e f6 fd fb 54 00 00 00 00 00 00 00 00
00 00 00 00 00 00 00 00 00 00 00 00 00 00 19 c2 fd f6 69 00 00 00 00 00 00 00 00 00
00 00 00 00 00 00 00 00 00 00 00 00 00 00 74 fd fd e2 00 00 00 00 00 00 00 00 00 00
00 00 00 00 00 00 00 00 00 00 00 00 00 a1 f4 fd f8 7f 00 00 00 00 00 00 00 00 00 00
00 00 00 00 00 00 00 00 00 00 00 00 04 f8 fd fd 7f 00 00 00 00 00 00 00 00 00 00 00
00 00 00 00 00 00 00 00 00 00 00 07 be fd fd db 23 00 00 00 00 00 00 00 00 00 00 00
00 00 00 00 00 00 00 00 00 00 00 90 fd fd d9 23 00 00 00 00 00 00 00 00 00 00 00 00
00 00 00 00 00 00 00 00 00 00 1e f0 fd fd 2d 00 00 00 00 00 00 00 00 00 00 00 00 00
00 00 00 00 00 00 00 00 00 0e a2 fd fd 85 06 00 00 00 00 00 00 00 00 00 00 00 00 00
00 00 00 00 00 00 00 00 00 38 fd fd fd 06 00 00 00 00 00 00 00 00 00 00 00 00 00 00
00 00 00 00 00 00 00 00 00 38 fd fd f2 06 00 00 00 00 00 00 00 00 00 00 00 00 00 00
00 00 00 00 00 00 00 00 00 38 fd f6 39 00 00 00 00 00 00 00 00 00 00 00 00 00 00 00
00 00 00 00 00 00 00 00 00 00 00 00 00 00 00 00 00 00 00 00 00 00 00 00 00 00 00 00
