00 00 00 00 00 00 00 00 00 00 00 00 00 00 00 00 00 00 00 00 00 00 00 00 00 00 00 00
00 00 00 00 00 00 00 00 00 00 00 00 00 00 00 00 00 00 00 00 00 00 00 00 00 00 00 00
00 00 00 00 00 00 00 00 00 00 00 00 00 00 00 00 00 00 00 00 00 00 00 00 00 00 00 00
00 00 00 00 00 00 00 00 00 00 00 00 00 00 00 00 00 00 00 00 00 00 00 00 00 00 00 00
00 00 00 00 00 00 00 00 00 00 00 00 00 00 00 00 00 00 00 00 00 00 00 00 00 00 00 00
00 00 00 00 00 00 00 14 ad f2 2d 00 00 00 00 00 00 00 00 00 00 00 00 00 00 00 00 00
00 00 00 00 00 00 05 a9 fe fe a9 00 00 00 00 00 00 00 00 00 00 00 00 00 00 00 00 00
00 00 00 00 00 00 0a fe fe fe a9 00 00 00 00 00 00 00 02 0a 0a 01 00 00 00 00 00 00
00 00 00 00 00 00 43 fe fe f9 77 00 00 00 00 00 00 00 69 fe fe 41 00 00 00 00 00 00
00 00 00 00 00 00 c7 fe fe eb 00 00 00 00 00 00 00 00 ed fe fe e5 4a 00 00 00 00 00
00 00 00 00 00 6e f5 fe fe 50 00 00 00 00 00 03 14 14 ef fe fe fe 83 00 00 00 00 00
00 00 00 00 00 85 fe fe fe 2e 00 00 00 00 00 66 fe fe fe fe fe fe 83 00 00 00 00 00
00 00 00 00 00 85 fe fe fe 2e 00 00 00 39 98 f4 fe fe fe fe fe fe 83 00 00 00 00 00
00 00 00 00 00 85 fe fe fe 2e 00 00 19 72 fe fe fe fe fe fe fe fe 83 00 00 00 00 00
00 00 00 00 00 85 fe fe fe 7c 60 60 e8 fe fe fe d7 9f f8 fe fe fe 83 00 00 00 00 00
00 00 00 00 00 85 fe fe fe fe fe fe fe fe fe e6 37 00 ed fe fe fe 83 00 00 00 00 00
00 00 00 00 00 85 fe fe fe fe fe fe fe f0 d8 2b 00 00 ed fe fe cb 0e 00 00 00 00 00
00 00 00 00 00 4f e8 fe fe fe fe c0 96 5f 00 00 00 00 ed fe fe c5 00 00 00 00 00 00
00 00 00 00 00 00 49 fe fe f2 54 22 00 00 00 00 00 00 ed fe fe c5 00 00 00 00 00 00
00 00 00 00 00 00 01 12 12 10 00 00 00 00 00 00 00 00 ed fe fe c5 00 00 00 00 00 00
00 00 00 00 00 00 00 00 00 00 00 00 00 00 00 00 00 00 ed fe fe c5 00 00 00 00 00 00
00 00 00 00 00 00 00 00 00 00 00 00 00 00 00 00 00 00 ed fe fe c5 00 00 00 00 00 00
00 00 00 00 00 00 00 00 00 00 00 00 00 00 00 00 00 00 ed fe fe c5 00 00 00 00 00 00
00 00 00 00 00 00 00 00 00 00 00 00 00 00 00 00 00 00 ed fe fe 6a 00 00 00 00 00 00
00 00 00 00 00 00 00 00 00 00 00 00 00 00 00 00 00 00 ed fe fe 08 00 00 00 00 00 00
00 00 00 00 00 00 00 00 00 00 00 00 00 00 00 00 00 00 00 00 00 00 00 00 00 00 00 00
00 00 00 00 00 00 00 00 00 00 00 00 00 00 00 00 00 00 00 00 00 00 00 00 00 00 00 00
00 00 00 00 00 00 00 00 00 00 00 00 00 00 00 00 00 00 00 00 00 00 00 00 00 00 00 00
