00 00 00 00 00 00 00 00 00 00 00 00 00 00 00 00 00 00 00 00 00 00 00 00 00 00 00 00
00 00 00 00 00 00 00 00 00 00 00 00 00 00 00 00 00 00 00 00 00 00 00 00 00 00 00 00
00 00 00 00 00 00 00 00 00 00 00 00 00 00 00 00 00 00 00 00 00 00 00 00 00 00 00 00
00 00 00 00 00 00 00 00 00 00 00 00 00 00 0a 58 d3 db 97 69 00 00 00 00 00 00 00 00
00 00 00 00 00 00 00 00 00 00 00 00 00 05 d2 fe fe de 6a 28 00 00 00 00 00 00 00 00
00 00 00 00 00 00 00 00 00 00 00 03 3f e5 fe b9 61 07 00 00 00 00 00 00 00 00 00 00
00 00 00 00 00 00 00 00 00 00 00 5d fe fe b6 0e 00 00 00 00 00 00 00 00 00 00 00 00
00 00 00 00 00 00 00 00 00 00 08 db f8 b5 08 00 00 00 00 00 00 00 00 00 00 00 00 00
00 00 00 00 00 00 00 00 00 00 91 ff a2 00 00 00 00 00 00 00 00 00 00 00 00 00 00 00
00 00 00 00 00 00 00 00 00 1e f5 f1 2f 00 00 00 00 00 00 00 00 00 00 00 00 00 00 00
00 00 00 00 00 00 00 00 00 c7 fe 86 00 00 00 00 00 00 00 00 00 00 00 00 00 00 00 00
00 00 00 00 00 00 00 00 02 eb fd 2f 00 00 00 00 00 00 00 00 00 00 00 00 00 00 00 00
00 00 00 00 00 00 00 00 54 fe 76 00 00 00 00 00 00 13 42 9c 6a 11 00 00 00 00 00 00
00 00 00 00 00 00 00 00 7d fe 4e 00 00 00 00 00 39 c4 fe fe fe 53 00 00 00 00 00 00
00 00 00 00 00 00 00 00 bc fe 4e 00 00 01 40 e5 fd fe f9 f3 fe 7e 00 00 00 00 00 00
00 00 00 00 00 00 00 00 bc fe 4e 00 16 87 fe fe fe 97 37 92 fe 53 00 00 00 00 00 00
00 00 00 00 00 00 00 00 bc fe 8e 51 a5 fe fe fe 93 04 04 b9 fe 53 00 00 00 00 00 00
00 00 00 00 00 00 00 00 58 f8 fe fe fe fe fe e0 03 00 20 fe fe 53 00 00 00 00 00 00
00 00 00 00 00 00 00 00 00 4d 81 81 a0 fe fa 3a 00 00 86 fe db 09 00 00 00 00 00 00
00 00 00 00 00 00 00 00 00 00 00 00 3f fe 84 00 00 58 fa ea 13 00 00 00 00 00 00 00
00 00 00 00 00 00 00 00 00 00 00 00 98 fe a8 73 ae f6 ec 37 00 00 00 00 00 00 00 00
00 00 00 00 00 00 00 00 00 00 00 00 65 fe fe fe fe ea 32 00 00 00 00 00 00 00 00 00
00 00 00 00 00 00 00 00 00 00 00 00 26 98 be 96 5b 1e 00 00 00 00 00 00 00 00 00 00
00 00 00 00 00 00 00 00 00 00 00 00 00 00 00 00 00 00 00 00 00 00 00 00 00 00 00 00
00 00 00 00 00 00 00 00 00 00 00 00 00 00 00 00 00 00 00 00 00 00 00 00 00 00 00 00
00 00 00 00 00 00 00 00 00 00 00 00 00 00 00 00 00 00 00 00 00 00 00 00 00 00 00 00
00 00 00 00 00 00 00 00 00 00 00 00 00 00 00 00 00 00 00 00 00 00 00 00 00 00 00 00
00 00 00 00 00 00 00 00 00 00 00 00 00 00 00 00 00 00 00 00 00 00 00 00 00 00 00 00
