00 00 00 00 00 00 00 00 00 00 00 00 00 00 00 00 00 00 00 00 00 00 00 00 00 00 00 00
00 00 00 00 00 00 00 00 00 00 00 00 00 00 00 00 00 00 00 00 00 00 00 00 00 00 00 00
00 00 00 00 00 00 00 00 00 00 00 00 00 00 00 00 00 00 00 00 00 00 00 00 00 00 00 00
00 00 00 00 00 00 00 00 00 00 00 00 00 00 00 00 58 7f 05 00 00 00 00 00 00 00 00 00
00 00 00 00 00 00 00 00 00 00 00 00 00 13 3a 14 0e d9 13 00 00 00 00 00 00 00 00 00
00 00 00 00 00 00 00 00 00 00 00 07 92 f7 fd eb 1b 54 51 00 00 00 00 00 00 00 00 00
00 00 00 00 00 00 00 00 00 00 00 7e fd a4 13 0f 00 00 9c 09 00 00 00 00 00 00 00 00
00 00 00 00 00 00 00 00 00 00 00 d6 de 22 00 00 00 00 ea 3a 00 00 00 00 00 00 00 00
00 00 00 00 00 00 00 00 00 00 3b fe 74 00 00 00 00 00 eb 3a 00 00 00 00 00 00 00 00
00 00 00 00 00 00 00 00 00 00 8d fb 48 00 00 00 00 00 97 8c 00 00 00 00 00 00 00 00
00 00 00 00 00 00 00 00 00 00 e0 e9 00 00 00 00 00 00 88 df 00 00 00 00 00 00 00 00
00 00 00 00 00 00 00 00 00 00 fe da 00 00 00 00 00 00 88 fd 00 00 00 00 00 00 00 00
00 00 00 00 00 00 00 00 00 00 fe 87 00 00 00 00 00 00 88 fd 00 00 00 00 00 00 00 00
00 00 00 00 00 00 00 00 00 17 ff 72 00 00 00 00 00 00 89 e7 00 00 00 00 00 00 00 00
00 00 00 00 00 00 00 00 00 62 fe 7a 00 00 00 00 00 00 88 9b 00 00 00 00 00 00 00 00
00 00 00 00 00 00 00 00 00 62 fe 6a 00 00 00 00 00 00 a6 9b 00 00 00 00 00 00 00 00
00 00 00 00 00 00 00 00 00 62 fe 80 00 00 00 00 00 00 ea c1 00 00 00 00 00 00 00 00
00 00 00 00 00 00 00 00 00 62 fe 87 00 00 00 00 00 3d f8 76 00 00 00 00 00 00 00 00
00 00 00 00 00 00 00 00 00 00 ff ee 12 00 00 00 0d e0 fe 3a 00 00 00 00 00 00 00 00
00 00 00 00 00 00 00 00 00 00 c9 fd 80 02 00 05 96 fd a7 09 00 00 00 00 00 00 00 00
00 00 00 00 00 00 00 00 00 00 12 e2 fd 31 1f 9c fd e4 0d 00 00 00 00 00 00 00 00 00
00 00 00 00 00 00 00 00 00 00 00 93 fd f3 f1 fe e3 2b 00 00 00 00 00 00 00 00 00 00
00 00 00 00 00 00 00 00 00 00 00 05 7e f5 fd e7 2e 00 00 00 00 00 00 00 00 00 00 00
00 00 00 00 00 00 00 00 00 00 00 00 00 00 00 00 00 00 00 00 00 00 00 00 00 00 00 00
00 00 00 00 00 00 00 00 00 00 00 00 00 00 00 00 00 00 00 00 00 00 00 00 00 00 00 00
00 00 00 00 00 00 00 00 00 00 00 00 00 00 00 00 00 00 00 00 00 00 00 00 00 00 00 00
00 00 00 00 00 00 00 00 00 00 00 00 00 00 00 00 00 00 00 00 00 00 00 00 00 00 00 00
00 00 00 00 00 00 00 00 00 00 00 00 00 00 00 00 00 00 00 00 00 00 00 00 00 00 00 00
