00 00 00 00 00 00 00 00 00 00 00 00 00 00 00 00 00 00 00 00 00 00 00 00 00 00 00 00
00 00 00 00 00 00 00 00 00 00 00 00 00 00 00 00 00 00 00 00 00 00 00 00 00 00 00 00
00 00 00 00 00 00 00 00 00 00 00 00 00 00 00 00 00 00 00 00 00 00 00 00 00 00 00 00
00 00 00 00 00 00 00 00 00 00 00 00 00 00 00 00 00 00 00 00 00 00 00 00 00 00 00 00
00 00 00 00 00 00 00 00 00 00 00 00 00 00 00 00 00 00 00 00 00 00 00 00 00 00 00 00
00 00 00 00 00 00 00 00 00 00 00 00 00 00 00 00 00 00 00 00 00 00 00 00 00 00 00 00
00 00 00 00 00 00 00 00 00 00 00 00 00 00 00 00 00 00 00 00 09 19 19 19 00 00 00 00
00 00 00 00 00 00 00 00 00 00 00 00 00 00 25 6b 9d 9d 47 81 bd fd fd fd 00 00 00 00
00 00 00 00 00 00 00 00 00 00 00 00 00 69 fe fd fd fd fd fd fd fd e8 cd 00 00 00 00
00 00 00 00 00 00 00 00 00 00 00 00 6c fa fe fd fd fd fd cf c1 92 29 00 00 00 00 00
00 00 00 00 00 00 00 00 00 00 00 a7 f8 fd d8 b4 a3 3c 3c 0e 00 00 00 00 00 00 00 00
00 00 00 00 00 00 00 00 00 00 1d e6 fd fd 17 00 00 00 00 00 00 00 00 00 00 00 00 00
00 00 00 00 00 00 00 00 00 00 55 fd fd fd 62 58 00 00 00 00 00 00 00 00 00 00 00 00
00 00 00 00 00 00 00 00 00 00 31 ee fd fd fe fb d5 59 00 00 00 00 00 00 00 00 00 00
00 00 00 00 00 00 00 00 00 00 00 0a 7a 84 fe fd fd fb 9b 1d 00 00 00 00 00 00 00 00
00 00 00 00 00 00 00 00 00 00 00 00 00 00 00 00 25 ff fe b5 00 00 00 00 00 00 00 00
00 00 00 00 8c 0b 00 00 00 00 00 00 00 00 00 00 10 cd fd b4 00 00 00 00 00 00 00 00
00 00 00 00 fe c6 4e 00 00 00 00 00 00 00 00 00 06 b6 fd a3 00 00 00 00 00 00 00 00
00 00 00 00 94 e9 f1 92 25 00 00 00 00 00 00 00 3c fd fd 3c 00 00 00 00 00 00 00 00
00 00 00 00 00 6f e6 fd ec 5a 0c 00 00 00 00 2f e2 fd b5 11 00 00 00 00 00 00 00 00
00 00 00 00 00 00 37 c2 fd fd cd c2 c2 c2 c3 e4 fd fd 48 00 00 00 00 00 00 00 00 00
00 00 00 00 00 00 00 0a 86 e9 fd fd fd fd fe fd f1 58 0e 00 00 00 00 00 00 00 00 00
00 00 00 00 00 00 00 00 00 1b 85 9c 9c 9c 24 24 1f 00 00 00 00 00 00 00 00 00 00 00
00 00 00 00 00 00 00 00 00 00 00 00 00 00 00 00 00 00 00 00 00 00 00 00 00 00 00 00
00 00 00 00 00 00 00 00 00 00 00 00 00 00 00 00 00 00 00 00 00 00 00 00 00 00 00 00
00 00 00 00 00 00 00 00 00 00 00 00 00 00 00 00 00 00 00 00 00 00 00 00 00 00 00 00
00 00 00 00 00 00 00 00 00 00 00 00 00 00 00 00 00 00 00 00 00 00 00 00 00 00 00 00
00 00 00 00 00 00 00 00 00 00 00 00 00 00 00 00 00 00 00 00 00 00 00 00 00 00 00 00
