00 00 00 00 00 00 00 00 00 00 00 00 00 00 00 00 00 00 00 00 00 00 00 00 00 00 00 00
00 00 00 00 00 00 00 00 00 00 00 00 00 00 00 00 00 00 00 00 00 00 00 00 00 00 00 00
00 00 00 00 00 00 00 00 00 00 00 00 00 00 00 00 00 00 00 00 00 00 00 00 00 00 00 00
00 00 00 00 00 00 00 00 00 00 00 00 00 00 00 00 00 00 00 00 00 00 00 00 00 00 00 00
00 00 00 00 00 00 00 00 00 00 00 00 00 00 00 00 00 0c ff 97 00 00 00 00 00 00 00 00
00 00 00 00 00 00 00 00 00 00 00 00 00 00 00 00 00 0c fd ce 00 00 00 00 00 00 00 00
00 00 00 00 00 00 00 00 00 00 00 00 00 00 00 00 00 0c fd ee 30 00 00 00 00 00 00 00
00 00 00 00 00 00 00 00 00 00 00 00 00 00 00 00 00 0c fd fd 46 00 00 00 00 00 00 00
00 00 00 00 00 00 00 00 00 00 00 00 00 00 00 00 00 0c fd fd 70 00 00 00 00 00 00 00
00 00 00 00 00 00 00 50 cb 4c 00 00 00 00 00 00 00 0c fd fd 8a 00 00 00 00 00 00 00
00 00 00 00 00 00 02 bf fd 93 00 00 00 00 00 00 00 0f fd fd 46 00 00 00 00 00 00 00
00 00 00 00 00 00 18 d9 fd 9d 01 00 00 00 00 00 00 82 fd e3 1f 00 00 00 00 00 00 00
00 00 00 00 00 00 00 bd fd fd 0b 00 00 00 00 00 00 cd fd ba 00 00 00 00 00 00 00 00
00 00 00 00 00 00 00 bd fd b2 04 00 00 00 00 00 4f fc fd 58 00 00 00 00 00 00 00 00
00 00 00 00 00 00 2a ef fd b3 4c 00 00 00 00 00 71 fd fd 58 00 00 00 00 00 00 00 00
00 00 00 00 00 00 36 fd fd fd fc d5 c2 5f 43 00 d4 fd e4 0e 00 00 00 00 00 00 00 00
00 00 00 00 00 00 1e e1 fd c9 fd fd fd fd f6 af fb fd ab 00 00 00 00 00 00 00 00 00
00 00 00 00 00 00 00 04 05 03 05 48 c6 f4 fd fd fd f2 02 00 00 00 00 00 00 00 00 00
00 00 00 00 00 00 00 00 00 00 00 00 00 19 96 fd fd e4 00 00 00 00 00 00 00 00 00 00
00 00 00 00 00 00 00 00 00 00 00 00 00 00 64 fd fd 7c 00 00 00 00 00 00 00 00 00 00
00 00 00 00 00 00 00 00 00 00 00 00 00 10 d2 fd e0 25 00 00 00 00 00 00 00 00 00 00
00 00 00 00 00 00 00 00 00 00 00 00 00 3c fd fd 8d 00 00 00 00 00 00 00 00 00 00 00
00 00 00 00 00 00 00 00 00 00 00 00 00 6b fd fd 5f 00 00 00 00 00 00 00 00 00 00 00
00 00 00 00 00 00 00 00 00 00 00 00 00 7b fd d1 0d 00 00 00 00 00 00 00 00 00 00 00
00 00 00 00 00 00 00 00 00 00 00 00 00 00 00 00 00 00 00 00 00 00 00 00 00 00 00 00
00 00 00 00 00 00 00 00 00 00 00 00 00 00 00 00 00 00 00 00 00 00 00 00 00 00 00 00
00 00 00 00 00 00 00 00 00 00 00 00 00 00 00 00 00 00 00 00 00 00 00 00 00 00 00 00
00 00 00 00 00 00 00 00 00 00 00 00 00 00 00 00 00 00 00 00 00 00 00 00 00 00 00 00
