00 00 00 00 00 00 00 00 00 00 00 00 00 00 00 00 00 00 00 00 00 00 00 00 00 00 00 00
00 00 00 00 00 00 00 00 00 00 00 00 00 00 00 00 00 00 00 00 00 00 00 00 00 00 00 00
00 00 00 00 00 00 00 00 00 00 00 00 00 00 00 00 00 00 00 00 00 00 00 00 00 00 00 00
00 00 00 00 00 00 00 00 00 00 00 00 00 00 00 00 00 00 00 00 00 00 00 00 00 00 00 00
00 00 00 00 00 00 00 00 00 00 00 00 00 00 25 8d 9c 9c c2 c2 2f 00 00 00 00 00 00 00
00 00 00 00 00 00 00 00 00 00 00 00 0b 84 ef fd fd fd fd fe b5 00 00 00 00 00 00 00
00 00 00 00 00 00 00 00 00 00 00 19 ac fd eb a7 4e 5d ae fe f7 36 00 00 00 00 00 00
00 00 00 00 00 00 00 00 00 00 1a d2 fd ed 5a 00 00 00 00 c9 fd 4e 00 00 00 00 00 00
00 00 00 00 00 00 00 00 00 00 c0 fd ed 3a 00 00 00 00 00 9c fd 4e 00 00 00 00 00 00
00 00 00 00 00 00 00 00 00 8d fe eb 35 00 00 00 13 05 00 9c fe 4e 00 00 00 00 00 00
00 00 00 00 00 00 00 00 2e fe fd 5c 00 00 00 11 e2 d9 31 94 fd 4e 00 00 00 00 00 00
00 00 00 00 00 00 00 00 a5 fe ef 18 00 00 00 14 fd fd 3a 12 73 18 00 00 00 00 00 00
00 00 00 00 00 00 00 25 f8 fe 5b 00 00 00 00 02 75 fa a3 5b 00 00 00 00 00 00 00 00
00 00 00 00 00 00 00 4d fd fe 27 00 00 00 00 00 00 c4 fd ad 00 00 00 00 00 00 00 00
00 00 00 00 00 00 00 9f fe da 0f 00 00 00 00 00 00 4d fe ff 3d 00 00 00 00 00 00 00
00 00 00 00 00 00 00 ea fd 71 00 00 00 00 00 00 00 15 e2 fe 87 00 00 00 00 00 00 00
00 00 00 00 00 00 19 f0 fd 44 00 00 00 00 00 00 00 00 c3 fe 87 00 00 00 00 00 00 00
00 00 00 00 00 00 4f fd fd 00 00 00 00 00 00 00 00 00 c3 fe 87 00 00 00 00 00 00 00
00 00 00 00 00 00 4f fd fd 4c 00 00 00 00 00 00 00 00 c3 fe 63 00 00 00 00 00 00 00
00 00 00 00 00 00 00 d4 fe d1 09 00 00 00 00 00 00 0a d1 c4 0f 00 00 00 00 00 00 00
00 00 00 00 00 00 00 36 fd fe 89 24 00 00 00 02 14 a8 fd 3c 00 00 00 00 00 00 00 00
00 00 00 00 00 00 00 1c eb fe fd c7 7c 4f 4f a7 fd fd b9 1e 00 00 00 00 00 00 00 00
00 00 00 00 00 00 00 00 0f 75 d9 fd fd fd fe fd f0 6d 0c 00 00 00 00 00 00 00 00 00
00 00 00 00 00 00 00 00 00 00 1b 7e d0 fd c1 93 28 00 00 00 00 00 00 00 00 00 00 00
00 00 00 00 00 00 00 00 00 00 00 00 00 00 00 00 00 00 00 00 00 00 00 00 00 00 00 00
00 00 00 00 00 00 00 00 00 00 00 00 00 00 00 00 00 00 00 00 00 00 00 00 00 00 00 00
00 00 00 00 00 00 00 00 00 00 00 00 00 00 00 00 00 00 00 00 00 00 00 00 00 00 00 00
00 00 00 00 00 00 00 00 00 00 00 00 00 00 00 00 00 00 00 00 00 00 00 00 00 00 00 00
