00 00 00 00 00 00 00 00 00 00 00 00 00 00 00 00 00 00 00 00 00 00 00 00 00 00 00 00
00 00 00 00 00 00 00 00 00 00 00 00 00 00 00 00 00 00 00 00 00 00 00 00 00 00 00 00
00 00 00 00 00 00 00 00 00 00 00 00 00 00 00 00 00 00 00 00 00 00 00 00 00 00 00 00
00 00 00 00 00 00 00 00 00 00 00 00 00 00 00 00 00 00 00 00 00 00 00 00 00 00 00 00
00 00 00 00 00 00 00 00 00 00 00 51 69 6a 8c fe fe fe ff fe 4c 00 00 00 00 00 00 00
00 00 00 00 00 00 00 00 00 00 c6 f3 fd fe fd fd fd fd fd fd ee 31 00 00 00 00 00 00
00 00 00 00 00 00 00 00 00 00 ef fd fd fe f9 8c 59 84 f0 fd fd 9c 00 00 00 00 00 00
00 00 00 00 00 00 00 00 00 00 ef e8 85 86 66 00 00 00 1f fd fd d0 00 00 00 00 00 00
00 00 00 00 00 00 00 00 00 00 1b 18 00 00 00 00 00 00 a3 fd fd d0 00 00 00 00 00 00
00 00 00 00 00 00 00 00 00 00 00 00 00 00 00 00 0f a3 e8 fd f2 60 00 00 00 00 00 00
00 00 00 00 00 00 00 00 00 00 00 00 00 00 00 58 bf fd fd fd a3 00 00 00 00 00 00 00
00 00 00 00 00 00 00 00 00 00 00 00 00 26 7e f8 fd fd fd cd 11 00 00 00 00 00 00 00
00 00 00 00 00 00 00 00 00 00 00 00 00 dc fd fd fd f0 66 1c 00 00 00 00 00 00 00 00
00 00 00 00 00 00 00 00 00 00 00 00 00 fe fd fd fd de 2c 00 00 00 00 00 00 00 00 00
00 00 00 00 00 00 00 00 00 00 00 00 00 3f ec fe fe fe e0 00 00 00 00 00 00 00 00 00
00 00 00 00 00 00 00 00 00 00 00 00 00 00 25 38 fd fd e6 1d 00 00 00 00 00 00 00 00
00 00 00 00 00 00 00 00 00 00 00 00 00 00 00 06 a6 fd fd 77 00 00 00 00 00 00 00 00
00 00 00 00 00 00 00 00 00 00 00 00 00 00 00 08 b7 fd fd 77 00 00 00 00 00 00 00 00
00 00 00 00 00 00 00 00 00 00 00 00 00 00 00 3c fd fd e2 0e 00 00 00 00 00 00 00 00
00 00 00 4b b3 b3 6d 1f 09 00 00 00 00 00 19 af fd fd cd 00 00 00 00 00 00 00 00 00
00 00 00 32 e6 fd fd fd 99 00 00 00 00 38 e9 fd fd d5 23 00 00 00 00 00 00 00 00 00
00 00 00 00 2f de fd fd fb ef f0 ef ef f7 fd fd d2 1b 00 00 00 00 00 00 00 00 00 00
00 00 00 00 00 27 81 dd fd fd fd fd fd fe fd d7 1f 00 00 00 00 00 00 00 00 00 00 00
00 00 00 00 00 00 00 1f d2 fd fd fd fd 69 68 25 00 00 00 00 00 00 00 00 00 00 00 00
00 00 00 00 00 00 00 00 00 00 00 00 00 00 00 00 00 00 00 00 00 00 00 00 00 00 00 00
00 00 00 00 00 00 00 00 00 00 00 00 00 00 00 00 00 00 00 00 00 00 00 00 00 00 00 00
00 00 00 00 00 00 00 00 00 00 00 00 00 00 00 00 00 00 00 00 00 00 00 00 00 00 00 00
00 00 00 00 00 00 00 00 00 00 00 00 00 00 00 00 00 00 00 00 00 00 00 00 00 00 00 00
