00 00 00 00 00 00 00 00 00 00 00 00 00 00 00 00 00 00 00 00 00 00 00 00 00 00 00 00
00 00 00 00 00 00 00 00 00 00 00 00 00 00 00 00 00 00 00 00 00 00 00 00 00 00 00 00
00 00 00 00 00 00 00 00 00 00 00 00 00 00 00 00 00 00 00 00 00 00 00 00 00 00 00 00
00 00 00 00 00 00 00 00 00 00 00 00 00 00 00 00 00 00 00 00 00 00 00 00 00 00 00 00
00 00 00 00 00 00 00 00 00 00 00 00 00 00 00 00 00 00 00 00 00 00 00 00 00 00 00 00
00 00 00 00 00 00 00 00 00 00 00 00 00 00 00 00 00 00 00 14 00 33 96 9b ff 6c 00 00
00 00 00 00 00 00 00 00 00 00 00 00 00 00 00 00 00 36 81 cf 7e f8 fd fd e8 34 00 00
00 00 00 00 00 00 00 00 00 00 2d 8c 8c 62 62 8c df f9 fd fd fd fd fd ed 7e 00 00 00
00 00 00 00 00 00 00 00 00 00 ea fd fd fd fd fd fd fd fd fd fd fd c5 34 00 00 00 00
00 00 00 00 00 00 00 00 00 23 f2 fd fd fd fd fd fd fd f4 d7 7c 49 07 00 00 00 00 00
00 00 00 00 00 00 00 00 00 00 ea fd fd fd fd fd fd c3 33 00 00 00 00 00 00 00 00 00
00 00 00 00 00 00 00 00 00 00 ea fd fc d4 86 71 1f 0d 00 00 00 00 00 00 00 00 00 00
00 00 00 00 00 00 00 00 00 00 d0 fd f2 16 00 00 00 00 00 00 00 00 00 00 00 00 00 00
00 00 00 00 00 00 00 00 00 00 2b fc fd 84 00 00 00 00 00 00 00 00 00 00 00 00 00 00
00 00 00 00 00 00 00 00 00 00 00 71 fd e5 2f 00 00 00 00 00 00 00 00 00 00 00 00 00
00 00 00 00 00 00 00 00 00 00 00 0f 92 fd b9 00 00 00 00 00 00 00 00 00 00 00 00 00
00 00 00 00 00 00 00 00 00 00 00 00 09 ba fb 4a 00 00 00 00 00 00 00 00 00 00 00 00
00 00 00 00 00 00 00 00 00 00 00 00 00 3f fd f1 6e 02 00 00 00 00 00 00 00 00 00 00
00 00 00 00 00 00 00 00 00 00 00 00 00 04 a0 fd fd 11 00 00 00 00 00 00 00 00 00 00
00 00 00 00 00 00 5a 58 04 00 00 00 00 00 23 fd fd 6d 00 00 00 00 00 00 00 00 00 00
00 00 00 00 00 00 96 a7 15 15 0d 07 0a 2f 80 fd fd ca 00 00 00 00 00 00 00 00 00 00
00 00 00 00 00 00 96 fd fd fd dc c4 d2 fd fd fd fd d4 00 00 00 00 00 00 00 00 00 00
00 00 00 00 00 00 53 e0 fd fd fd fd fd fd fd fd f9 4c 00 00 00 00 00 00 00 00 00 00
00 00 00 00 00 00 00 49 fb fd fd fd fd fd fd da 4e 00 00 00 00 00 00 00 00 00 00 00
00 00 00 00 00 00 00 00 3c e2 a8 fd fd d3 a4 12 00 00 00 00 00 00 00 00 00 00 00 00
00 00 00 00 00 00 00 00 00 00 00 00 00 00 00 00 00 00 00 00 00 00 00 00 00 00 00 00
00 00 00 00 00 00 00 00 00 00 00 00 00 00 00 00 00 00 00 00 00 00 00 00 00 00 00 00
00 00 00 00 00 00 00 00 00 00 00 00 00 00 00 00 00 00 00 00 00 00 00 00 00 00 00 00
