00 00 00 00 00 00 00 00 00 00 00 00 00 00 00 00 00 00 00 00 00 00 00 00 00 00 00 00
00 00 00 00 00 00 00 00 00 00 00 00 00 00 00 00 00 00 00 00 00 00 00 00 00 00 00 00
00 00 00 00 00 00 00 00 00 00 00 00 00 00 00 00 00 00 00 00 00 00 00 00 00 00 00 00
00 00 00 00 00 00 00 00 00 00 00 00 00 00 00 00 00 00 00 00 00 00 00 00 00 00 00 00
00 00 00 00 00 00 00 00 00 00 00 00 00 00 00 00 00 00 00 00 00 00 00 00 00 00 00 00
00 00 00 00 00 00 00 00 00 00 00 00 00 00 00 00 00 00 00 00 00 00 00 00 00 00 00 00
00 00 00 00 00 00 00 00 00 00 00 00 00 00 00 00 00 00 00 00 00 00 00 00 00 00 00 00
00 00 00 00 00 00 00 00 00 36 ff f0 73 00 00 00 00 67 79 20 00 00 00 00 00 00 00 00
00 00 00 00 00 00 00 5b 6c d1 fd fd fd f1 f2 f1 aa fb fd f4 84 00 00 00 00 00 00 00
00 00 00 00 00 00 23 e5 fd fd fd f3 9f 9f cd fd a9 d1 ea fd d5 00 00 00 00 00 00 00
00 00 00 00 00 00 5e fd fd fd fd 72 00 00 13 27 04 2f d9 fd d5 00 00 00 00 00 00 00
00 00 00 00 00 00 5e fd fd fd dd 14 00 00 00 00 00 51 fd fd b1 00 00 00 00 00 00 00
00 00 00 00 00 00 4b f5 fd f2 62 00 00 00 00 00 00 6d fd fd 50 00 00 00 00 00 00 00
00 00 00 00 00 00 00 6e d5 a8 00 00 00 00 00 00 56 f1 fd d8 19 00 00 00 00 00 00 00
00 00 00 00 00 00 00 00 00 00 00 00 00 00 00 00 e4 fd fd 73 00 00 00 00 00 00 00 00
00 00 00 00 00 00 00 00 00 00 00 00 00 00 00 46 f2 fd fa 3f 00 00 00 00 00 00 00 00
00 00 00 00 00 00 00 00 00 00 00 00 00 00 40 f7 fd fd 74 00 00 00 00 00 00 00 00 00
00 00 00 00 00 00 00 00 00 00 00 00 00 00 7a fe fe ae 00 00 00 00 00 00 00 00 00 00
00 00 00 00 00 00 00 00 00 00 00 00 00 00 f8 fd fd 2e 00 00 00 00 00 00 00 00 00 00
00 00 00 00 00 00 00 00 00 00 00 00 05 a4 fe fd 78 04 00 00 00 00 00 00 00 00 00 00
00 00 00 00 00 00 00 00 00 00 00 00 39 fd fe fd 1a 00 00 00 00 00 00 00 00 00 00 00
00 00 00 00 00 00 00 00 00 00 00 08 af fd fe 84 06 00 00 00 00 00 00 00 00 00 00 00
00 00 00 00 00 00 00 00 00 00 00 38 fd fd a5 04 00 00 00 00 00 00 00 00 00 00 00 00
00 00 00 00 00 00 00 00 00 00 07 af fd fd 71 00 00 00 00 00 00 00 00 00 00 00 00 00
00 00 00 00 00 00 00 00 00 06 85 fd fc e2 00 00 00 00 00 00 00 00 00 00 00 00 00 00
00 00 00 00 00 00 00 00 00 36 fd fd e9 00 00 00 00 00 00 00 00 00 00 00 00 00 00 00
00 00 00 00 00 00 00 00 00 36 fd ef 32 00 00 00 00 00 00 00 00 00 00 00 00 00 00 00
00 00 00 00 00 00 00 00 00 00 00 00 00 00 00 00 00 00 00 00 00 00 00 00 00 00 00 00
