00 00 00 00 00 00 00 00 00 00 00 00 00 00 00 00 00 00 00 00 00 00 00 00 00 00 00 00
00 00 00 00 00 00 00 00 00 00 00 00 00 00 00 00 00 00 00 00 00 00 00 00 00 00 00 00
00 00 00 00 00 00 00 00 00 00 00 00 00 00 00 00 00 00 00 00 00 00 00 00 00 00 00 00
00 00 00 00 00 00 00 00 00 00 00 00 00 00 00 00 00 00 00 00 00 00 00 00 00 00 00 00
00 00 00 00 00 00 00 00 00 00 00 00 00 00 00 00 00 00 00 00 00 00 00 00 00 00 00 00
00 00 00 00 00 00 00 00 00 00 00 00 00 20 86 da fe fe fe d9 54 00 00 00 00 00 00 00
00 00 00 00 00 00 00 2c d0 d7 9c 23 77 ec f6 88 5b 45 97 f9 f6 4e 00 00 00 00 00 00
00 00 00 00 00 00 2c e6 fe fe fe fe fe c4 30 00 00 00 00 3c e0 d2 18 00 00 00 00 00
00 00 00 00 00 00 76 fe ca 13 c9 fe b5 09 00 00 00 00 00 00 23 e9 a8 00 00 00 00 00
00 00 00 00 00 00 c1 df 22 00 3b a3 ec 0f 00 00 00 00 00 00 00 8c cd 08 00 00 00 00
00 00 00 00 00 3c fe b0 00 00 00 00 26 00 00 00 00 00 00 00 00 36 ed 50 00 00 00 00
00 00 00 00 00 3b fe 5d 00 00 00 00 00 00 00 00 00 00 00 00 00 00 83 c8 00 00 00 00
00 00 00 00 00 3b f0 18 00 00 00 00 00 00 00 00 00 00 00 00 00 00 4f d6 00 00 00 00
00 00 00 00 00 3b ea 00 00 00 00 00 00 00 00 00 00 00 00 00 00 00 43 f8 36 00 00 00
00 00 00 00 00 3b ea 00 00 00 00 00 00 00 00 00 00 00 00 00 00 00 00 eb 3a 00 00 00
00 00 00 00 00 3c eb 00 00 00 00 00 00 00 00 00 00 00 00 00 00 00 4f ff 3b 00 00 00
00 00 00 00 00 3b fb 42 00 00 00 00 00 00 00 00 00 00 00 00 00 00 4f fa 36 00 00 00
00 00 00 00 00 3b fe 6c 00 00 00 00 00 00 00 00 00 00 00 00 00 00 92 d6 00 00 00 00
00 00 00 00 00 05 cb bb 03 00 00 00 00 00 00 00 00 00 00 00 00 04 bc c7 00 00 00 00
00 00 00 00 00 00 76 fe 39 00 00 00 00 00 00 00 00 00 00 00 00 60 fe 75 00 00 00 00
00 00 00 00 00 00 10 ed e0 0e 00 00 00 00 00 00 00 00 00 00 0e bb ce 08 00 00 00 00
00 00 00 00 00 00 00 58 fc ba 10 00 00 00 00 00 00 00 00 10 bb fc 7d 00 00 00 00 00
00 00 00 00 00 00 00 00 64 fe ed 5e 18 00 00 00 00 00 0d d6 fe a6 00 00 00 00 00 00
00 00 00 00 00 00 00 00 03 39 d7 f8 f1 eb c5 89 89 89 e7 ee 9b 19 00 00 00 00 00 00
00 00 00 00 00 00 00 00 00 00 00 39 9b f6 fe fe fe fe 93 24 00 00 00 00 00 00 00 00
00 00 00 00 00 00 00 00 00 00 00 00 00 00 00 00 00 00 00 00 00 00 00 00 00 00 00 00
00 00 00 00 00 00 00 00 00 00 00 00 00 00 00 00 00 00 00 00 00 00 00 00 00 00 00 00
00 00 00 00 00 00 00 00 00 00 00 00 00 00 00 00 00 00 00 00 00 00 00 00 00 00 00 00
