00 00 00 00 00 00 00 00 00 00 00 00 00 00 00 00 00 00 00 00 00 00 00 00 00 00 00 00
00 00 00 00 00 00 00 00 00 00 00 00 00 5b e0 25 00 00 00 00 00 00 00 00 00 00 00 00
00 00 00 00 00 00 00 00 00 00 00 00 00 8e d4 1a 00 00 00 00 00 00 00 00 00 00 00 00
00 00 00 00 00 00 00 00 00 00 00 00 86 fa fe 44 00 00 00 00 00 00 00 00 00 00 00 00
00 00 00 00 00 00 00 00 00 00 00 1d fa fe ac 11 00 00 00 00 00 00 00 00 00 00 00 00
00 00 00 00 00 00 00 00 00 00 0a d7 fe f2 29 00 00 00 00 00 00 00 00 00 00 00 00 00
00 00 00 00 00 00 00 00 00 02 1b fe fe 9d 00 00 00 00 00 00 00 00 00 00 00 00 00 00
00 00 00 00 00 00 00 00 00 6b fe fe c5 0d 00 00 00 00 00 00 00 00 00 00 00 00 00 00
00 00 00 00 00 00 00 00 19 d0 fe fe 54 00 00 00 00 00 00 00 00 00 00 00 00 00 00 00
00 00 00 00 00 00 00 1b c9 fe f2 1b 01 00 00 00 00 00 00 00 00 00 00 00 00 00 00 00
00 00 00 00 00 00 00 4d fe fe cb 00 00 00 00 00 00 00 00 00 00 00 00 00 00 00 00 00
00 00 00 00 00 00 00 b1 fe f8 54 00 00 00 00 00 00 00 00 00 10 31 0f 00 00 00 00 00
00 00 00 00 00 00 40 f1 fe dc 00 00 00 00 00 00 00 00 00 53 c3 fe a9 1a 00 00 00 00
00 00 00 00 00 00 b0 fe fe 8d 00 00 00 00 00 00 00 01 4b f9 fe fe fe ea 00 00 00 00
00 00 00 00 00 00 eb fe fe 52 00 00 00 00 00 00 00 4b fe fe fe fe fe ea 00 00 00 00
00 00 00 00 00 00 eb fe fe 52 00 00 00 00 00 00 53 f9 fe 9c 41 e1 fe b1 00 00 00 00
00 00 00 00 00 00 be fe fe 7f 00 00 00 00 00 2b f3 fe fe 0d 54 fe f1 41 00 00 00 00
00 00 00 00 00 00 4a f5 fe f7 73 00 00 00 00 53 fe fe bb 7a da fe 69 00 00 00 00 00
00 00 00 00 00 00 00 75 fe fe fa b4 b4 b4 b4 eb fe fe fe fe fe bc 16 00 00 00 00 00
00 00 00 00 00 00 00 1d 7e ea f6 fe fe fe fe fe fe fe fe f6 bd 15 00 00 00 00 00 00
00 00 00 00 00 00 00 00 00 00 4e fe fe fe fe fe fe fe bb 45 00 00 00 00 00 00 00 00
00 00 00 00 00 00 00 00 00 00 00 00 00 00 00 00 00 00 00 00 00 00 00 00 00 00 00 00
00 00 00 00 00 00 00 00 00 00 00 00 00 00 00 00 00 00 00 00 00 00 00 00 00 00 00 00
00 00 00 00 00 00 00 00 00 00 00 00 00 00 00 00 00 00 00 00 00 00 00 00 00 00 00 00
00 00 00 00 00 00 00 00 00 00 00 00 00 00 00 00 00 00 00 00 00 00 00 00 00 00 00 00
00 00 00 00 00 00 00 00 00 00 00 00 00 00 00 00 00 00 00 00 00 00 00 00 00 00 00 00
00 00 00 00 00 00 00 00 00 00 00 00 00 00 00 00 00 00 00 00 00 00 00 00 00 00 00 00
00 00 00 00 00 00 00 00 00 00 00 00 00 00 00 00 00 00 00 00 00 00 00 00 00 00 00 00
