00 00 00 00 00 00 00 00 00 00 00 00 00 00 00 00 00 00 00 00 00 00 00 00 00 00 00 00
00 00 00 00 00 00 00 00 00 00 00 00 00 00 00 00 00 00 00 00 00 00 00 00 00 00 00 00
00 00 00 00 00 00 00 00 00 00 00 00 00 00 00 00 00 00 00 00 00 00 00 00 00 00 00 00
00 00 00 00 00 00 00 00 00 00 00 00 00 00 00 00 00 00 00 00 00 00 00 00 00 00 00 00
00 00 00 00 00 00 00 00 00 00 00 14 79 c5 fd 40 00 00 00 00 00 00 00 00 00 00 00 00
00 00 00 00 00 00 00 00 00 00 17 c8 fc fc fc b8 06 00 00 00 00 00 00 00 00 00 00 00
00 00 00 00 00 00 00 00 00 19 c5 fc fc fc fc fd e4 6b 0f 00 00 00 00 00 00 00 00 00
00 00 00 00 00 00 00 00 1a c4 fc fc fc fc fc fd fc fc db b2 15 00 00 00 00 00 00 00
00 00 00 00 00 00 00 00 ba fc ee 5e 43 e0 d9 35 6d f5 fc fc d5 3f 00 00 00 00 00 00
00 00 00 00 00 00 00 62 f2 fc 65 00 00 27 1f 00 00 6d 80 f1 fc cf 61 00 00 00 00 00
00 00 00 00 00 00 11 e6 fc f1 38 00 00 00 00 00 00 00 00 6d fc fc e5 11 00 00 00 00
00 00 00 00 00 0d c0 fc f3 60 00 00 00 00 00 00 00 00 00 19 7f fc fc 78 00 00 00 00
00 00 00 00 00 79 fc fc a5 00 00 00 00 00 00 00 00 00 00 00 7d fc fc f6 46 00 00 00
00 00 00 00 00 be fc fc 27 00 00 00 00 00 00 00 00 00 00 00 1a d2 fc fc 77 00 00 00
00 00 00 00 00 ff fd 9f 00 00 00 00 00 00 00 00 00 00 00 00 00 16 d1 fd b7 00 00 00
00 00 00 00 00 fd fc 67 00 00 00 00 00 00 00 00 00 00 00 00 00 00 22 fc fc 00 00 00
00 00 00 00 00 fd fc 1a 00 00 00 00 00 00 00 00 00 00 00 00 00 00 1b fc fc 00 00 00
00 00 00 00 00 fd fc a8 0d 00 00 00 00 00 00 00 00 00 00 00 00 00 46 fc d1 00 00 00
00 00 00 00 00 93 fc fc 4b 00 00 00 00 00 00 00 00 00 00 00 00 44 e9 fc 77 00 00 00
00 00 00 00 00 79 fc fc bd 28 00 00 00 00 00 00 00 00 00 0f 52 e7 fc d6 1f 00 00 00
00 00 00 00 00 26 87 f8 fc e7 91 29 29 29 29 14 18 25 53 c2 fc fc d4 21 00 00 00 00
00 00 00 00 00 00 00 53 d5 fc fc fc fc fc fc cc d5 f3 fc fc fc d4 22 00 00 00 00 00
00 00 00 00 00 00 00 00 22 8c ee f8 fc fc fc fd fc fc f1 ee ee 4b 00 00 00 00 00 00
00 00 00 00 00 00 00 00 00 00 00 52 77 77 77 78 77 77 13 00 00 00 00 00 00 00 00 00
00 00 00 00 00 00 00 00 00 00 00 00 00 00 00 00 00 00 00 00 00 00 00 00 00 00 00 00
00 00 00 00 00 00 00 00 00 00 00 00 00 00 00 00 00 00 00 00 00 00 00 00 00 00 00 00
00 00 00 00 00 00 00 00 00 00 00 00 00 00 00 00 00 00 00 00 00 00 00 00 00 00 00 00
00 00 00 00 00 00 00 00 00 00 00 00 00 00 00 00 00 00 00 00 00 00 00 00 00 00 00 00
