00 00 00 00 00 00 00 00 00 00 00 00 00 00 00 00 00 00 00 00 00 00 00 00 00 00 00 00
00 00 00 00 00 00 00 00 00 00 00 00 00 00 00 00 00 00 00 00 00 00 00 00 00 00 00 00
00 00 00 00 00 00 00 00 00 00 00 00 00 00 00 00 00 00 00 00 00 00 00 00 00 00 00 00
00 00 00 00 00 00 00 00 00 00 00 00 00 00 00 00 00 00 00 00 00 00 00 00 00 00 00 00
00 00 00 00 00 00 00 00 00 00 00 00 00 00 00 00 00 00 00 00 00 00 00 00 00 00 00 00
00 00 00 00 00 00 00 00 00 56 fd ff fd fe fd c6 c5 fe fd 56 1c 00 00 00 00 00 00 00
00 00 00 00 00 00 00 00 00 c5 fb fd fb fd fb fd fb fd fb fd c4 00 00 00 00 00 00 00
00 00 00 00 00 00 00 1d c5 fe fd fe fd fe fd fe fd fe fd fe fd 00 00 00 00 00 00 00
00 00 00 00 00 00 00 1c c4 fd fb fd fb fd fb fd fb fd fb c4 53 00 00 00 00 00 00 00
00 00 00 00 00 00 00 00 00 c6 fd fe fd 00 00 00 00 00 00 00 00 00 00 00 00 00 00 00
00 00 00 00 00 00 00 00 00 55 fb fd fb 00 00 00 00 00 00 00 00 00 00 00 00 00 00 00
00 00 00 00 00 00 00 00 00 fe fd fe 54 00 00 00 39 55 55 39 00 00 00 00 00 00 00 00
00 00 00 00 00 00 00 00 00 fd fb fd 53 00 00 a9 e0 fd fb e1 a8 00 00 00 00 00 00 00
00 00 00 00 00 00 00 00 a9 fe fd fe 8b 8d fd fe fd fe fd fe fd a9 00 00 00 00 00 00
00 00 00 00 00 00 00 00 a8 fd fb fd fb fd fb fd fb fd fb fd fb e1 38 00 00 00 00 00
00 00 00 00 00 00 00 1d c5 fe fd fe fd fe fd e2 a8 00 00 fe fd fe 54 00 00 00 00 00
00 00 00 00 00 00 00 1c c4 fd fb fd fb c4 53 38 00 00 00 fd fb fd 53 00 00 00 00 00
00 00 00 00 00 00 00 00 72 fe fd e2 38 00 00 00 00 00 a9 fe fd a9 00 00 00 00 00 00
00 00 00 00 00 00 00 00 00 54 53 38 00 00 00 00 00 39 e0 fd fb a8 00 00 00 00 00 00
00 00 00 00 00 00 00 00 00 00 00 00 00 00 00 00 00 8d fd fe fd 72 00 00 00 00 00 00
00 00 00 00 00 00 00 00 00 00 00 00 00 00 00 39 a8 fd fb fd 8a 00 00 00 00 00 00 00
00 00 00 00 00 00 00 00 00 00 00 55 55 55 55 fe fd fe fd a9 00 00 00 00 00 00 00 00
00 00 00 00 00 00 00 00 00 39 a8 fd fb fd fb fd fb fd fb 38 00 00 00 00 00 00 00 00
00 00 00 00 00 00 00 00 00 55 fd fe fd fe fd fe fd 72 00 00 00 00 00 00 00 00 00 00
00 00 00 00 00 00 00 00 00 55 fb fd fb c4 53 54 53 00 00 00 00 00 00 00 00 00 00 00
00 00 00 00 00 00 00 00 00 00 00 00 00 00 00 00 00 00 00 00 00 00 00 00 00 00 00 00
00 00 00 00 00 00 00 00 00 00 00 00 00 00 00 00 00 00 00 00 00 00 00 00 00 00 00 00
00 00 00 00 00 00 00 00 00 00 00 00 00 00 00 00 00 00 00 00 00 00 00 00 00 00 00 00
