00 00 00 00 00 00 00 00 00 00 00 00 00 00 00 00 00 00 00 00 00 00 00 00 00 00 00 00
00 00 00 00 00 00 00 00 00 00 00 00 00 00 00 00 00 00 00 00 00 00 00 00 00 00 00 00
00 00 00 00 00 00 00 00 00 00 00 00 00 00 00 00 00 00 00 00 00 00 00 00 00 00 00 00
00 00 00 00 00 00 00 00 00 00 00 00 00 00 00 00 00 00 00 00 00 00 00 00 00 00 00 00
00 00 00 00 00 00 00 00 00 00 00 00 1f 5c 00 83 fe fe fe ff bd 12 00 00 00 00 00 00
00 00 00 00 00 00 00 00 00 00 06 7f d8 f8 b2 f1 fd fd fd fd fd b1 13 00 00 00 00 00
00 00 00 00 00 00 00 00 00 00 79 fd fd fd 81 5f 6b 6b 8e fd fd fd 63 00 00 00 00 00
00 00 00 00 00 00 00 00 00 00 b9 fd fd fd 81 00 00 00 19 c5 fd e9 3f 00 00 00 00 00
00 00 00 00 00 00 00 00 00 00 3f d6 d6 6b 1f 00 00 00 56 fd fd c7 00 00 00 00 00 00
00 00 00 00 00 00 00 00 00 00 00 00 00 00 00 00 09 8b ec fd fd 73 00 00 00 00 00 00
00 00 00 00 00 00 00 00 00 00 00 00 00 00 00 4c bd fd fd fa 67 03 00 00 00 00 00 00
00 00 00 00 00 00 00 00 00 00 00 11 1f 8b b9 f5 fd fd f5 7a 00 00 00 00 00 00 00 00
00 00 00 00 00 00 00 00 00 00 11 c2 fd fd fd fd f5 7b 5d 00 00 00 00 00 00 00 00 00
00 00 00 00 00 00 00 00 00 00 7e fd fd fd fd fd ed 00 00 00 00 00 00 00 00 00 00 00
00 00 00 00 00 00 00 00 00 00 1d e6 fb fd fd fd ef 0d 00 00 00 00 00 00 00 00 00 00
00 00 00 00 00 00 00 00 00 00 00 00 77 81 81 ef fd c2 13 00 00 00 00 00 00 00 00 00
00 00 00 00 00 00 00 00 00 00 00 00 00 00 00 e0 fd fd 50 00 00 00 00 00 00 00 00 00
00 00 00 44 a9 51 01 00 00 00 00 00 00 00 00 e0 fd fd bf 00 00 00 00 00 00 00 00 00
00 00 00 ab fd fd 07 00 00 00 00 00 00 00 00 e0 fd fd 79 00 00 00 00 00 00 00 00 00
00 00 00 7c fd fd a0 0f 00 00 00 00 00 3a d8 f9 fd e1 1d 00 00 00 00 00 00 00 00 00
00 00 00 25 db fd fd a0 08 08 08 08 08 b4 fd fd fc 85 00 00 00 00 00 00 00 00 00 00
00 00 00 00 74 cf fd fd fd fd fd fd fd fd fd fd ac 00 00 00 00 00 00 00 00 00 00 00
00 00 00 00 00 1a f8 fd fd fd fd fd fd fd fd cd 42 00 00 00 00 00 00 00 00 00 00 00
00 00 00 00 00 00 61 7b fd fd fd fd 71 63 63 0c 00 00 00 00 00 00 00 00 00 00 00 00
00 00 00 00 00 00 00 00 00 00 00 00 00 00 00 00 00 00 00 00 00 00 00 00 00 00 00 00
00 00 00 00 00 00 00 00 00 00 00 00 00 00 00 00 00 00 00 00 00 00 00 00 00 00 00 00
00 00 00 00 00 00 00 00 00 00 00 00 00 00 00 00 00 00 00 00 00 00 00 00 00 00 00 00
00 00 00 00 00 00 00 00 00 00 00 00 00 00 00 00 00 00 00 00 00 00 00 00 00 00 00 00
