00 00 00 00 00 00 00 00 00 00 00 00 00 00 00 00 00 00 00 00 00 00 00 00 00 00 00 00
00 00 00 00 00 00 00 00 00 00 00 00 00 00 00 00 00 00 00 00 00 00 00 00 00 00 00 00
00 00 00 00 00 00 00 00 00 00 00 00 00 00 00 00 00 00 00 00 00 00 00 00 00 00 00 00
00 00 00 00 00 00 00 00 00 00 00 00 00 00 00 00 00 00 00 00 00 00 00 00 00 00 00 00
00 00 00 00 00 00 00 00 00 00 00 00 00 00 00 00 00 00 00 00 a7 e1 1d 00 00 00 00 00
00 00 00 00 00 00 00 00 00 00 00 00 00 00 00 00 00 00 00 00 70 fe 6d 00 00 00 00 00
00 00 00 00 00 00 00 00 00 00 00 00 00 00 00 00 00 00 00 07 b9 f1 62 00 00 00 00 00
00 00 00 00 00 00 00 00 00 00 00 00 00 00 00 00 00 00 04 5d fe dc 19 00 00 00 00 00
00 00 00 00 00 00 00 00 00 00 00 00 00 00 00 00 00 00 07 cd fe b2 19 00 00 00 00 00
00 00 00 00 00 00 00 00 00 00 00 35 30 00 00 00 00 00 07 d2 fe 79 00 00 00 00 00 00
00 00 00 00 00 00 00 00 00 00 38 ba 3c 00 00 00 00 03 80 fa e4 29 00 00 00 00 00 00
00 00 00 00 00 00 00 00 00 09 ad fe 66 00 00 00 00 3d fc fe 8f 00 00 00 00 00 00 00
00 00 00 00 00 00 00 00 00 6d fe fb 35 00 00 00 10 88 fe e6 4a 00 00 00 00 00 00 00
00 00 00 00 00 00 00 00 11 db fe a5 00 00 00 00 7c fe fc 52 00 00 00 00 00 00 00 00
00 00 00 00 00 00 00 00 a3 fe fe 81 00 00 00 00 d6 fe f3 00 00 00 00 00 00 00 00 00
00 00 00 00 00 00 00 15 d6 fe fe eb d6 c2 60 60 e5 fe f3 00 00 00 00 00 00 00 00 00
00 00 00 00 00 00 10 c6 fe fe fe fe fe fe fe fe fe fe f3 00 00 00 00 00 00 00 00 00
00 00 00 00 00 00 12 d4 fe fa f3 f3 b0 8f fb fe ff f9 41 00 17 21 00 00 00 00 00 00
00 00 00 00 00 00 00 48 6b 45 00 00 00 27 df fe b9 3b 00 00 00 00 00 00 00 00 00 00
00 00 00 00 00 00 00 00 00 00 00 00 00 a0 fe fe 29 00 00 00 00 00 00 00 00 00 00 00
00 00 00 00 00 00 00 00 00 00 00 00 00 6a fe fe 61 00 00 00 00 00 00 00 00 00 00 00
00 00 00 00 00 00 00 00 00 00 00 00 2f bf fe be 1c 00 00 00 00 00 00 00 00 00 00 00
00 00 00 00 00 00 00 00 00 00 00 03 83 fe e7 24 00 00 00 00 00 00 00 00 00 00 00 00
00 00 00 00 00 00 00 00 00 00 00 04 ca fe a7 1c 00 00 00 00 00 00 00 00 00 00 00 00
00 00 00 00 00 00 00 00 00 00 00 00 00 00 00 00 00 00 00 00 00 00 00 00 00 00 00 00
00 00 00 00 00 00 00 00 00 00 00 00 00 00 00 00 00 00 00 00 00 00 00 00 00 00 00 00
00 00 00 00 00 00 00 00 00 00 00 00 00 00 00 00 00 00 00 00 00 00 00 00 00 00 00 00
00 00 00 00 00 00 00 00 00 00 00 00 00 00 00 00 00 00 00 00 00 00 00 00 00 00 00 00
