00 00 00 00 00 00 00 00 00 00 00 00 00 00 00 00 00 00 00 00 00 00 00 00 00 00 00 00
00 00 00 00 00 00 00 00 00 00 00 00 00 00 00 00 00 00 00 00 00 00 00 00 00 00 00 00
00 00 00 00 00 00 00 00 00 00 00 00 00 00 00 00 00 00 00 00 00 00 00 00 00 00 00 00
00 00 00 00 00 00 00 00 00 00 00 00 00 00 00 00 00 00 00 00 00 00 00 00 00 00 00 00
00 00 00 00 00 00 00 00 00 00 00 00 53 5b 8f ff be 5b 32 00 00 00 00 00 00 00 00 00
00 00 00 00 00 00 00 00 00 09 31 b4 f6 fd fd fd fd fd dc 9a 11 03 00 00 00 00 00 00
00 00 00 00 00 00 00 2e 6b b2 fd fd fd fd fd fd fd fd fd fd fd 7e 2d 00 00 00 00 00
00 00 00 00 00 00 00 6b fd fd fd fd df dc dc dc dc f5 fd fd fd fd 6a 00 00 00 00 00
00 00 00 00 00 00 00 6b ad fd e5 81 0c 00 00 00 00 6e fd fd fd fd 6a 00 00 00 00 00
00 00 00 00 00 00 00 11 0e 28 20 00 00 00 00 00 00 39 fd fd fd f2 55 00 00 00 00 00
00 00 00 00 00 00 00 00 00 00 00 00 00 00 00 05 8b e0 fd fd fd 69 00 00 00 00 00 00
00 00 00 00 00 00 00 00 00 00 00 00 00 00 41 b2 fd fd fd fd db 18 00 00 00 00 00 00
00 00 00 00 00 00 00 00 00 00 00 00 00 61 fa fd fd fd fd 7f 2f 00 00 00 00 00 00 00
00 00 00 00 00 00 00 00 00 00 00 2e 7d fa fd fd fd f5 ab 21 00 00 00 00 00 00 00 00
00 00 00 00 00 00 00 00 00 05 29 d9 fd fd fa f5 f5 73 00 00 00 00 00 00 00 00 00 00
00 00 00 00 00 00 00 00 00 7c fd fd fd c0 69 00 00 00 00 00 00 00 00 00 00 00 00 00
00 00 00 00 00 00 00 0b 2f dc fd fd bc 19 00 00 00 00 00 00 00 00 00 00 00 00 00 00
00 00 00 00 00 00 00 6b fd fd fd bd 0d 00 00 00 00 00 00 00 00 00 00 00 00 00 00 00
00 00 00 00 00 00 29 e1 fd fd ba 16 00 00 00 00 00 1f 2a ae cd cd cd c1 3a 00 00 00
00 00 00 00 00 30 da fd fd fd 96 3b 00 00 80 83 83 de fd fd fd fd fd 5e 00 00 00 00
00 00 00 00 00 0c 98 fd fd fd fd ec de de fc fd fd fd fd fd fd fd fd 7a 00 00 00 00
00 00 00 00 00 00 07 a7 fd fd fd fd fd fd fd fd fd fd fd fd fd 7c 6a 07 00 00 00 00
00 00 00 00 00 00 00 4c bc fd fd fd fd fd fd fd e0 39 0f 0f 0f 02 00 00 00 00 00 00
00 00 00 00 00 00 00 00 0c 59 79 fd fd 97 59 59 37 00 00 00 00 00 00 00 00 00 00 00
00 00 00 00 00 00 00 00 00 00 00 00 00 00 00 00 00 00 00 00 00 00 00 00 00 00 00 00
00 00 00 00 00 00 00 00 00 00 00 00 00 00 00 00 00 00 00 00 00 00 00 00 00 00 00 00
00 00 00 00 00 00 00 00 00 00 00 00 00 00 00 00 00 00 00 00 00 00 00 00 00 00 00 00
00 00 00 00 00 00 00 00 00 00 00 00 00 00 00 00 00 00 00 00 00 00 00 00 00 00 00 00
