00 00 00 00 00 00 00 00 00 00 00 00 00 00 00 00 00 00 00 00 00 00 00 00 00 00 00 00
00 00 00 00 00 00 00 00 00 00 00 00 00 00 00 00 00 00 00 00 00 00 00 00 00 00 00 00
00 00 00 00 00 00 00 00 00 00 00 00 00 00 00 00 00 00 00 00 00 00 00 00 00 00 00 00
00 00 00 00 00 00 00 00 00 00 00 00 00 00 00 00 00 00 00 00 00 00 00 00 00 00 00 00
00 00 00 00 00 00 00 00 00 00 00 00 00 19 a1 ae b5 a0 8f 0d 00 00 00 00 00 00 00 00
00 00 00 00 00 00 00 00 00 00 00 2c b1 ec e7 d8 d8 f1 fe 82 00 00 00 00 00 00 00 00
00 00 00 00 00 00 00 00 00 00 43 e7 ee 50 15 00 00 45 f7 8c 00 00 00 00 00 00 00 00
00 00 00 00 00 00 00 00 00 00 94 ed 3a 00 00 00 00 8a fe 71 00 00 00 00 00 00 00 00
00 00 00 00 00 00 00 00 00 00 2d 12 00 00 00 00 95 f8 9d 04 00 00 00 00 00 00 00 00
00 00 00 00 00 00 00 00 00 00 00 00 00 00 05 53 f3 f8 45 00 00 00 00 00 00 00 00 00
00 00 00 00 00 00 00 00 00 00 00 00 00 00 a4 fe db 54 00 00 00 00 00 00 00 00 00 00
00 00 00 00 00 00 00 00 00 00 13 4e 97 dd fe fe 3b 00 00 00 00 00 00 00 00 00 00 00
00 00 00 00 00 00 00 13 51 a4 e5 fe fe fe fe fe e1 bd 41 00 00 00 00 00 00 00 00 00
00 00 00 00 00 00 2b e8 fe fe fe fe a2 42 42 95 a3 fe f1 69 00 00 00 00 00 00 00 00
00 00 00 00 00 00 50 fe da b5 5f 04 00 00 00 00 00 40 db fe 86 00 00 00 00 00 00 00
00 00 00 00 00 00 02 1c 0d 00 00 00 00 00 00 00 00 00 21 e5 a9 00 00 00 00 00 00 00
00 00 00 00 00 00 00 00 00 00 00 00 00 00 00 00 00 00 00 cf eb 07 00 00 00 00 00 00
00 00 00 00 00 00 00 00 00 00 39 84 00 00 00 00 00 00 00 cf fe 09 00 00 00 00 00 00
00 00 00 00 00 00 00 00 00 04 97 90 00 00 00 00 00 00 00 cf ce 04 00 00 00 00 00 00
00 00 00 00 00 00 00 00 00 61 d8 16 00 00 00 00 00 00 51 f5 a9 00 00 00 00 00 00 00
00 00 00 00 00 00 00 00 00 b4 a9 00 00 00 00 00 00 1a b3 fe 67 00 00 00 00 00 00 00
00 00 00 00 00 00 00 00 00 cf fb a8 33 00 00 09 60 d8 fe b3 03 00 00 00 00 00 00 00
00 00 00 00 00 00 00 00 00 49 cf fe f9 d9 da de fe eb ad 26 00 00 00 00 00 00 00 00
00 00 00 00 00 00 00 00 00 00 16 57 9f c2 ff f0 9c 16 00 00 00 00 00 00 00 00 00 00
00 00 00 00 00 00 00 00 00 00 00 00 00 00 00 00 00 00 00 00 00 00 00 00 00 00 00 00
00 00 00 00 00 00 00 00 00 00 00 00 00 00 00 00 00 00 00 00 00 00 00 00 00 00 00 00
00 00 00 00 00 00 00 00 00 00 00 00 00 00 00 00 00 00 00 00 00 00 00 00 00 00 00 00
00 00 00 00 00 00 00 00 00 00 00 00 00 00 00 00 00 00 00 00 00 00 00 00 00 00 00 00
