00 00 00 00 00 00 00 00 00 00 00 00 00 00 00 00 00 00 00 00 00 00 00 00 00 00 00 00
00 00 00 00 00 00 00 00 00 00 00 00 00 00 00 00 00 00 00 00 00 00 00 00 00 00 00 00
00 00 00 00 00 00 00 00 00 00 00 00 00 00 00 00 00 00 00 00 00 00 00 00 00 00 00 00
00 00 00 00 00 00 00 00 00 00 00 00 00 00 00 00 00 00 00 00 00 00 00 00 00 00 00 00
00 00 00 00 00 00 00 00 00 00 00 00 00 00 00 00 00 00 00 00 00 00 00 00 00 00 00 00
00 00 00 00 00 00 00 00 00 00 00 00 00 00 00 00 00 00 00 00 00 00 00 00 00 00 00 00
00 00 00 00 00 00 00 00 00 00 00 00 00 00 00 00 00 00 00 00 00 00 00 00 00 00 00 00
00 00 00 00 00 00 00 00 00 00 00 00 00 00 00 00 00 00 00 00 00 00 00 00 00 00 00 00
00 00 00 05 15 56 79 79 ab 93 79 53 15 0c 00 00 00 00 00 00 00 00 00 00 00 00 00 00
00 00 00 9a fe fe fe fe fe fe fe fe fe de af af 6d 27 00 00 00 00 00 00 00 00 00 00
00 00 00 f4 ee 7d 7d 7d 7d 7d b3 e0 f2 fe fe fe fe e9 63 0f 00 00 00 00 00 00 00 00
00 00 00 68 61 00 00 00 00 00 00 00 29 48 91 9f fe fe fe c0 00 00 00 00 00 00 00 00
00 00 00 00 00 00 00 00 00 00 00 00 00 00 00 01 2a ee fe e1 0b 00 00 00 00 00 00 00
00 00 00 00 00 00 00 00 00 00 00 24 60 13 17 b4 c3 f8 fe f1 29 00 00 00 00 00 00 00
00 00 00 00 00 00 00 00 00 00 63 fc fe fb fb fe fe fe fe a0 00 00 00 00 00 00 00 00
00 00 00 00 00 00 00 00 00 00 63 fb f9 f9 fb d2 f9 fe fe d7 1f 01 00 00 00 00 00 00
00 00 00 00 00 00 00 00 00 00 00 26 00 00 26 00 00 85 ed fe fe 6b 0d 00 00 00 00 00
00 00 00 00 00 00 00 00 00 00 00 00 00 00 00 00 00 00 3c c2 fe fe 6a 00 00 00 00 00
00 00 00 00 00 00 00 00 00 00 7a 6b 00 00 00 00 00 00 00 0c ac fe fe 00 00 00 00 00
00 00 00 00 00 00 00 00 00 00 f0 ce 6a 1a 31 29 1a 4b 7e 8b f7 ff f5 00 00 00 00 00
00 00 00 00 00 00 00 00 00 00 8a fe fe fe fe fe fe fe fe fe fe f0 43 00 00 00 00 00
00 00 00 00 00 00 00 00 00 00 04 39 b2 db db ae ba db db ce 78 63 00 00 00 00 00 00
00 00 00 00 00 00 00 00 00 00 00 00 00 00 00 00 00 00 00 00 00 00 00 00 00 00 00 00
00 00 00 00 00 00 00 00 00 00 00 00 00 00 00 00 00 00 00 00 00 00 00 00 00 00 00 00
00 00 00 00 00 00 00 00 00 00 00 00 00 00 00 00 00 00 00 00 00 00 00 00 00 00 00 00
00 00 00 00 00 00 00 00 00 00 00 00 00 00 00 00 00 00 00 00 00 00 00 00 00 00 00 00
00 00 00 00 00 00 00 00 00 00 00 00 00 00 00 00 00 00 00 00 00 00 00 00 00 00 00 00
00 00 00 00 00 00 00 00 00 00 00 00 00 00 00 00 00 00 00 00 00 00 00 00 00 00 00 00
