00 00 00 00 00 00 00 00 00 00 00 00 00 00 00 00 00 00 00 00 00 00 00 00 00 00 00 00
00 00 00 00 00 00 00 00 00 00 00 00 00 00 00 00 00 00 00 00 00 00 00 00 00 00 00 00
00 00 00 00 00 00 00 00 00 00 00 00 00 00 00 00 00 00 00 00 00 00 00 00 00 00 00 00
00 00 00 00 00 00 00 00 00 00 00 00 00 00 00 00 00 00 2f e7 c4 00 00 00 00 00 00 00
00 00 00 00 00 00 00 00 00 00 00 00 00 00 00 00 00 00 b6 fd 96 00 00 00 00 00 00 00
00 00 00 00 00 00 00 00 00 00 00 00 00 00 00 00 00 7b f7 de 1e 00 00 00 00 00 00 00
00 00 00 00 00 00 00 00 00 00 00 00 00 00 00 00 1a d9 f7 5e 00 00 00 00 00 00 00 00
00 00 00 00 00 00 00 00 00 00 00 00 00 00 00 00 c0 fd 8a 00 00 00 00 00 00 00 00 00
00 00 00 00 00 00 00 00 00 00 00 00 00 00 00 69 fe b7 08 00 00 00 00 00 00 00 00 00
00 00 00 00 00 00 00 00 00 00 00 00 00 00 2e fe fd 4e 00 00 00 00 00 00 00 00 00 00
00 00 00 00 00 00 00 00 00 00 00 00 00 0d b7 fe d1 18 00 00 00 00 00 00 00 00 00 00
00 00 00 00 00 00 00 00 00 00 00 00 00 5c fd fe 2e 00 00 00 00 00 00 00 00 00 00 00
00 00 00 00 00 00 00 00 00 00 00 00 1f db fd ab 09 00 00 00 00 00 00 00 00 00 00 00
00 00 00 00 00 00 00 00 00 00 0e 95 fe fe fe 86 09 00 00 00 00 00 00 00 00 00 00 00
00 00 00 00 00 00 00 00 00 00 09 af fd fa e9 fe a6 00 00 00 00 00 00 00 00 00 00 00
00 00 00 00 00 00 00 00 00 00 13 c4 fd b7 00 df f7 36 00 00 00 00 00 00 00 00 00 00
00 00 00 00 00 00 00 00 00 00 70 fd d2 10 00 9c fd 4e 00 00 00 00 00 00 00 00 00 00
00 00 00 00 00 00 00 00 00 00 c2 fd 89 00 00 9c fd 4e 00 00 00 00 00 00 00 00 00 00
00 00 00 00 00 00 00 00 00 3d ff db 1e 00 00 ff fe 4e 00 00 00 00 00 00 00 00 00 00
00 00 00 00 00 00 00 00 00 b4 fe 87 00 13 9a fe b7 0c 00 00 00 00 00 00 00 00 00 00
00 00 00 00 00 00 00 00 00 c3 fe 69 6d bb fd eb 1b 00 00 00 00 00 00 00 00 00 00 00
00 00 00 00 00 00 00 00 00 c3 fe f5 fd f7 d5 0f 00 00 00 00 00 00 00 00 00 00 00 00
00 00 00 00 00 00 00 00 00 53 fe fd de 5e 00 00 00 00 00 00 00 00 00 00 00 00 00 00
00 00 00 00 00 00 00 00 00 00 00 00 00 00 00 00 00 00 00 00 00 00 00 00 00 00 00 00
00 00 00 00 00 00 00 00 00 00 00 00 00 00 00 00 00 00 00 00 00 00 00 00 00 00 00 00
00 00 00 00 00 00 00 00 00 00 00 00 00 00 00 00 00 00 00 00 00 00 00 00 00 00 00 00
00 00 00 00 00 00 00 00 00 00 00 00 00 00 00 00 00 00 00 00 00 00 00 00 00 00 00 00
00 00 00 00 00 00 00 00 00 00 00 00 00 00 00 00 00 00 00 00 00 00 00 00 00 00 00 00
