00 00 00 00 00 00 00 00 00 00 00 00 00 00 00 00 00 00 00 00 00 00 00 00 00 00 00 00
00 00 00 00 00 00 00 00 00 00 00 00 00 00 00 00 00 00 00 00 00 00 00 00 00 00 00 00
00 00 00 00 00 00 00 00 00 00 00 00 00 00 00 00 00 00 00 00 00 00 00 00 00 00 00 00
00 00 00 00 00 00 00 00 00 00 00 00 00 60 60 60 60 60 60 18 00 00 00 00 00 00 00 00
00 00 00 00 00 00 00 00 00 00 00 44 be fd fb fb fb fb fd cd 6f 04 00 00 00 00 00 00
00 00 00 00 00 00 00 00 30 6f 40 ec fb fd fb fb ac fb fd fb fb 6e 00 00 00 00 00 00
00 00 00 00 00 00 00 00 60 f8 ec fb fb bd a8 1f 0c 1f 5b ec fb f4 53 00 00 00 00 00
00 00 00 00 00 00 00 00 24 72 ac 5e 5e 00 00 00 00 00 00 5b fb fb c1 00 00 00 00 00
00 00 00 00 00 00 00 00 00 00 00 00 00 00 00 00 00 00 00 20 fd fd fd 00 00 00 00 00
00 00 00 00 00 00 00 00 00 00 00 00 00 00 00 00 00 00 00 34 fb fb fb 00 00 00 00 00
00 00 00 00 00 00 00 00 00 00 00 00 00 00 00 00 00 00 00 be fb fb fb 00 00 00 00 00
00 00 00 00 00 00 00 00 00 00 00 00 00 00 00 00 00 00 00 be fb fb d3 00 00 00 00 00
00 00 00 00 00 00 00 00 00 00 00 00 00 00 00 00 00 00 3c e4 fb fb 5e 00 00 00 00 00
00 00 00 00 00 00 00 00 00 48 30 54 60 60 18 00 00 3c ff fd fd bd 00 00 00 00 00 00
00 00 00 00 00 00 08 20 bf ec dc f4 fb fd cd 5f 08 aa fd fb fb 45 00 00 00 00 00 00
00 00 00 00 10 7f 9e fb fd fb fb fb fb fd fb bc 9e fb fd fb bc 0f 00 00 00 00 00 00
00 00 00 00 ab fb fb d3 bd 45 1f 1f 1f d5 fb fb fb fb fd 55 0f 00 00 00 00 00 00 00
00 00 00 3c e4 fb d3 23 00 00 00 00 00 c2 fb fb fb fb fd 3e 00 00 00 00 00 00 00 00
00 00 00 9b fd fd 1f 00 00 0c 60 60 c2 ff fd fd fd fd ff 3f 00 00 00 00 00 00 00 00
00 00 00 fd fb fb c5 be bf c5 fb fb fb fd f7 ec fb fb fd 3e 00 00 00 00 00 00 00 00
00 00 00 fd fb fb fb fb fd fb fb fb fb cd 6e 3f 9c fb cd 1f 00 00 00 00 00 00 00 00
00 00 00 5b bc dc fb fb fd f3 bc 94 1f 13 00 00 08 1f 13 00 00 00 00 00 00 00 00 00
00 00 00 00 00 30 5e 5e 5f 52 00 00 00 00 00 00 00 00 00 00 00 00 00 00 00 00 00 00
00 00 00 00 00 00 00 00 00 00 00 00 00 00 00 00 00 00 00 00 00 00 00 00 00 00 00 00
00 00 00 00 00 00 00 00 00 00 00 00 00 00 00 00 00 00 00 00 00 00 00 00 00 00 00 00
00 00 00 00 00 00 00 00 00 00 00 00 00 00 00 00 00 00 00 00 00 00 00 00 00 00 00 00
00 00 00 00 00 00 00 00 00 00 00 00 00 00 00 00 00 00 00 00 00 00 00 00 00 00 00 00
00 00 00 00 00 00 00 00 00 00 00 00 00 00 00 00 00 00 00 00 00 00 00 00 00 00 00 00
