00 00 00 00 00 00 00 00 00 00 00 00 00 00 00 00 00 00 00 00 00 00 00 00 00 00 00 00
00 00 00 00 00 00 00 00 00 00 00 00 00 00 00 00 00 00 00 00 00 00 00 00 00 00 00 00
00 00 00 00 00 00 00 00 00 00 00 00 33 4f 68 2c 00 00 00 00 00 00 00 00 00 00 00 00
00 00 00 00 00 00 00 00 00 00 00 00 00 67 fc e0 77 1a 00 00 00 00 00 00 00 00 00 00
00 00 00 00 00 00 00 00 00 00 00 00 00 13 a8 cd f3 d2 1c 00 00 00 00 00 00 00 00 00
00 00 00 00 00 00 00 00 00 00 00 00 00 00 00 0d af fd 85 00 00 00 00 00 00 00 00 00
00 00 00 00 00 00 00 00 00 00 00 00 00 00 00 0a b3 ff c5 00 00 00 00 00 00 00 00 00
00 00 00 00 00 00 00 00 00 00 00 00 00 00 00 6e fc fd 79 00 00 00 00 00 00 00 00 00
00 00 00 00 00 00 00 00 00 00 00 00 00 17 c5 f0 fc f4 38 00 00 00 00 00 00 00 00 00
00 00 00 00 00 00 00 00 00 00 00 00 00 80 fc fc fc 4b 00 00 00 00 00 00 00 00 00 00
00 00 00 00 00 00 00 00 00 00 13 9a fd fe fd c2 3f 00 00 00 00 00 00 00 00 00 00 00
00 00 00 00 00 00 00 00 00 00 a9 fc fc de 79 13 00 00 00 00 00 00 00 00 00 00 00 00
00 00 00 00 00 00 00 00 00 c6 ea fc d6 19 00 00 00 00 00 00 00 00 00 00 00 00 00 00
00 00 00 00 00 00 00 00 33 fd e3 67 0f 00 00 00 00 00 00 00 00 00 00 00 00 00 00 00
00 00 00 00 00 00 00 62 fd d6 26 00 00 00 00 00 00 00 00 00 00 00 00 00 00 00 00 00
00 00 00 00 00 00 26 d1 fc 00 00 00 00 00 00 00 00 00 00 00 00 00 00 00 00 00 00 00
00 00 00 00 00 0a 6e fc 4d 00 00 00 00 00 00 00 00 00 00 00 00 00 00 00 00 00 00 00
00 00 00 00 00 04 a6 b1 03 00 00 00 00 33 00 00 33 00 00 00 00 00 00 00 00 00 00 00
00 00 00 00 00 00 aa d8 1c 04 0a 30 f1 29 3c 0a 75 c0 54 33 26 0d 00 00 00 00 00 00
00 00 00 00 00 00 52 f0 d7 4f 7a 61 fc 9f b2 c5 d7 a6 c4 ce f3 c2 2c 00 00 00 00 00
00 00 00 00 00 00 00 9f fc fd fc b1 fc df b1 a8 a8 d8 d6 d6 f0 fd f0 51 00 00 00 00
00 00 00 00 00 00 00 0a 1c 99 b1 8b 8b 1c 09 00 00 10 0f 1c 4e 99 fc 76 00 00 00 00
00 00 00 00 00 00 00 00 00 00 00 00 00 00 00 00 00 00 00 00 00 00 00 00 00 00 00 00
00 00 00 00 00 00 00 00 00 00 00 00 00 00 00 00 00 00 00 00 00 00 00 00 00 00 00 00
00 00 00 00 00 00 00 00 00 00 00 00 00 00 00 00 00 00 00 00 00 00 00 00 00 00 00 00
00 00 00 00 00 00 00 00 00 00 00 00 00 00 00 00 00 00 00 00 00 00 00 00 00 00 00 00
00 00 00 00 00 00 00 00 00 00 00 00 00 00 00 00 00 00 00 00 00 00 00 00 00 00 00 00
00 00 00 00 00 00 00 00 00 00 00 00 00 00 00 00 00 00 00 00 00 00 00 00 00 00 00 00
