00 00 00 00 00 00 00 00 00 00 00 00 00 00 00 00 00 00 00 00 00 00 00 00 00 00 00 00
00 00 00 00 00 00 00 00 00 00 00 00 00 00 00 00 00 00 00 00 00 00 00 00 00 00 00 00
00 00 00 00 00 00 00 00 00 00 00 00 00 00 00 00 00 00 00 00 00 00 00 00 00 00 00 00
00 00 00 00 00 00 00 00 00 00 00 00 00 00 00 00 00 00 00 00 00 00 00 00 00 00 00 00
00 00 00 00 00 00 00 00 00 00 00 00 00 00 00 00 00 00 00 00 00 00 00 00 00 00 00 00
00 00 00 00 00 00 00 00 00 00 00 00 00 00 00 00 00 00 00 00 00 00 00 00 00 00 00 00
00 00 00 00 00 00 00 00 00 00 00 00 00 00 00 00 00 1e e5 2c 00 00 00 00 00 00 00 00
00 00 00 00 00 00 00 00 00 00 26 1e 00 00 00 00 00 b5 df 1f 00 00 00 00 00 00 00 00
00 00 00 00 00 00 00 00 00 51 f2 71 00 00 00 00 39 f9 81 00 00 00 00 00 00 00 00 00
00 00 00 00 00 00 00 00 00 ac a2 00 00 00 00 00 88 fd 2e 00 00 00 00 00 00 00 00 00
00 00 00 00 00 00 00 00 00 e7 8a 00 00 00 00 00 a2 fe 2e 00 00 00 00 00 00 00 00 00
00 00 00 00 00 00 00 00 1a ef 89 00 00 00 00 00 f5 f4 26 00 00 00 00 00 00 00 00 00
00 00 00 00 00 00 00 00 00 de 94 07 00 00 00 00 fe ce 03 07 00 00 00 00 00 00 00 00
00 00 00 00 00 00 00 00 00 8a fd a9 22 00 00 00 fe f0 bf 45 00 00 00 00 00 00 00 00
00 00 00 00 00 00 00 00 00 11 ae fe ff a9 a1 c3 ff fe 71 00 00 00 00 00 00 00 00 00
00 00 00 00 00 00 00 00 00 00 03 5a ad ce ce df fe 4d 04 00 00 00 00 00 00 00 00 00
00 00 00 00 00 00 00 00 00 00 00 00 00 00 00 5d fe 17 00 00 00 00 00 00 00 00 00 00
00 00 00 00 00 00 00 00 00 00 00 00 00 00 00 7f fe 17 00 00 00 00 00 00 00 00 00 00
00 00 00 00 00 00 00 00 00 00 00 00 00 00 07 cc d2 09 00 00 00 00 00 00 00 00 00 00
00 00 00 00 00 00 00 00 00 00 00 00 00 00 18 fd 86 00 00 00 00 00 00 00 00 00 00 00
00 00 00 00 00 00 00 00 00 00 00 00 00 00 63 fd 33 00 00 00 00 00 00 00 00 00 00 00
00 00 00 00 00 00 00 00 00 00 00 00 00 00 95 fd 00 00 00 00 00 00 00 00 00 00 00 00
00 00 00 00 00 00 00 00 00 00 00 00 00 2f fe c3 00 00 00 00 00 00 00 00 00 00 00 00
00 00 00 00 00 00 00 00 00 00 00 00 00 40 fd 8f 00 00 00 00 00 00 00 00 00 00 00 00
00 00 00 00 00 00 00 00 00 00 00 00 00 8a ea 0d 00 00 00 00 00 00 00 00 00 00 00 00
00 00 00 00 00 00 00 00 00 00 00 00 00 8a c4 00 00 00 00 00 00 00 00 00 00 00 00 00
00 00 00 00 00 00 00 00 00 00 00 00 00 00 00 00 00 00 00 00 00 00 00 00 00 00 00 00
00 00 00 00 00 00 00 00 00 00 00 00 00 00 00 00 00 00 00 00 00 00 00 00 00 00 00 00
