00 00 00 00 00 00 00 00 00 00 00 00 00 00 00 00 00 00 00 00 00 00 00 00 00 00 00 00
00 00 00 00 00 00 00 00 00 00 00 00 00 00 00 00 00 00 00 00 00 00 00 00 00 00 00 00
00 00 00 00 00 00 00 00 00 00 00 00 00 00 00 00 00 00 00 00 00 00 00 00 00 00 00 00
00 00 00 00 00 00 00 00 00 00 00 00 00 00 00 00 00 00 00 00 00 00 00 00 00 00 00 00
00 00 00 00 00 00 00 00 00 00 00 00 00 00 00 00 00 00 00 00 00 00 00 00 00 00 00 00
00 00 00 00 00 00 00 00 00 00 00 00 00 00 00 00 00 00 00 00 00 00 00 00 00 00 00 00
00 00 00 00 00 00 00 00 00 00 00 00 00 00 00 00 00 00 00 00 00 00 00 00 00 00 00 00
00 00 00 00 00 00 00 00 00 4c fd fd 71 19 00 00 00 00 00 1f 7b ae 06 00 00 00 00 00
00 00 00 00 00 00 00 0d d0 dd fc fc fc da 79 94 3c 3c 82 dd fc fc 31 00 00 00 00 00
00 00 00 00 00 00 00 70 fc fc fc fc fc fc fc fd fc fc fc fc fc fc 42 00 00 00 00 00
00 00 00 00 00 00 1d cd fc fc ed 84 84 99 fc fd fc fc fc fc fc bc 08 00 00 00 00 00
00 00 00 00 00 00 3c fc fc fc b2 00 00 06 1d 1d 1d 2a fc fc b5 0e 00 00 00 00 00 00
00 00 00 00 00 00 35 f1 fc c7 16 00 00 00 00 00 08 83 fc fc 4a 00 00 00 00 00 00 00
00 00 00 00 00 00 00 4d 76 53 00 00 00 00 00 00 3c fc fc fc 4a 00 00 00 00 00 00 00
00 00 00 00 00 00 00 00 00 00 00 00 00 00 00 26 d8 fc fc b5 04 00 00 00 00 00 00 00
00 00 00 00 00 00 00 00 00 00 00 00 00 00 00 db fc fc e6 3a 00 00 00 00 00 00 00 00
00 00 00 00 00 00 00 00 00 00 00 00 00 00 00 fd fc fc 84 00 00 00 00 00 00 00 00 00
00 00 00 00 00 00 00 00 00 00 00 00 00 13 c0 ff fd b0 00 00 00 00 00 00 00 00 00 00
00 00 00 00 00 00 00 00 00 00 00 00 00 a8 fc fd ed 44 00 00 00 00 00 00 00 00 00 00
00 00 00 00 00 00 00 00 00 00 00 00 06 c5 fc fd b7 00 00 00 00 00 00 00 00 00 00 00
00 00 00 00 00 00 00 00 00 00 00 00 5a fc fc fd 2c 00 00 00 00 00 00 00 00 00 00 00
00 00 00 00 00 00 00 00 00 00 00 28 e1 fc fc 75 05 00 00 00 00 00 00 00 00 00 00 00
00 00 00 00 00 00 00 00 00 00 16 d9 fc fc ea 00 00 00 00 00 00 00 00 00 00 00 00 00
00 00 00 00 00 00 00 00 00 00 6e fc fc e4 31 00 00 00 00 00 00 00 00 00 00 00 00 00
00 00 00 00 00 00 00 00 00 47 f8 fc fc 43 00 00 00 00 00 00 00 00 00 00 00 00 00 00
00 00 00 00 00 00 00 00 00 4b fc fc ec 30 00 00 00 00 00 00 00 00 00 00 00 00 00 00
00 00 00 00 00 00 00 00 00 4b fc fc 4b 00 00 00 00 00 00 00 00 00 00 00 00 00 00 00
00 00 00 00 00 00 00 00 00 00 00 00 00 00 00 00 00 00 00 00 00 00 00 00 00 00 00 00
