00 00 00 00 00 00 00 00 00 00 00 00 00 00 00 00 00 00 00 00 00 00 00 00 00 00 00 00
00 00 00 00 00 00 00 00 00 00 00 00 00 00 00 00 00 00 00 00 00 00 00 00 00 00 00 00
00 00 00 00 00 00 00 00 00 00 00 00 00 00 00 00 00 00 00 00 00 00 00 00 00 00 00 00
00 00 00 00 00 00 00 00 00 00 00 00 00 00 00 00 00 00 00 00 00 00 00 00 00 00 00 00
00 00 00 00 00 00 00 00 00 00 00 00 00 00 00 00 00 00 00 00 00 00 00 00 00 00 00 00
00 00 00 00 00 00 00 00 00 00 00 00 00 00 00 00 00 00 00 00 00 00 00 00 00 00 00 00
00 00 00 00 00 00 00 00 00 00 00 00 00 00 00 00 00 00 00 00 00 00 00 00 00 00 00 00
00 00 00 00 00 00 00 00 00 00 00 00 00 00 00 00 00 00 00 00 00 00 00 00 00 00 00 00
00 00 00 00 00 00 00 00 00 00 28 25 00 07 4d 89 88 88 88 88 28 06 00 00 00 00 00 00
00 00 00 00 00 00 00 00 10 87 fe e9 00 98 d7 60 8c 9b 76 e6 fe 9e 44 00 00 00 00 00
00 00 00 00 00 00 00 13 a4 fe 72 00 00 eb 8c 00 00 00 00 00 63 e6 fe ba 0e 00 00 00
00 00 00 00 00 00 46 e2 f2 79 00 00 00 68 c3 26 00 00 00 00 00 21 b3 fd 8c 00 00 00
00 00 00 00 00 29 f1 c6 2b 00 00 00 00 00 00 00 00 00 00 00 00 00 18 d1 df 00 00 00
00 00 00 00 00 a4 fa 42 00 00 00 00 00 00 00 00 00 00 00 00 00 00 00 88 fd 00 00 00
00 00 00 00 00 fe 9e 00 00 00 00 00 00 00 00 00 00 00 00 00 00 00 00 88 d7 00 00 00
00 00 00 00 00 ff 4c 00 00 00 00 00 00 00 00 00 00 00 00 00 00 05 7f f6 85 00 00 00
00 00 00 00 00 fe 7a 00 00 00 00 00 00 00 00 00 00 00 00 00 05 96 f7 5b 09 00 00 00
00 00 00 00 00 fe a5 00 00 00 00 00 00 00 00 00 00 00 0d 4f c2 d8 54 00 00 00 00 00
00 00 00 00 00 6f fb 57 00 00 00 00 00 00 10 19 28 6b ba d5 75 19 00 00 00 00 00 00
00 00 00 00 00 0e b9 eb 8e 17 00 00 00 5b 9d e7 cf 7e 31 00 00 00 00 00 00 00 00 00
00 00 00 00 00 00 00 00 8f c3 ff fe fe f4 9d 4c 00 00 00 00 00 00 00 00 00 00 00 00
00 00 00 00 00 00 00 00 00 00 27 27 27 21 00 00 00 00 00 00 00 00 00 00 00 00 00 00
00 00 00 00 00 00 00 00 00 00 00 00 00 00 00 00 00 00 00 00 00 00 00 00 00 00 00 00
00 00 00 00 00 00 00 00 00 00 00 00 00 00 00 00 00 00 00 00 00 00 00 00 00 00 00 00
00 00 00 00 00 00 00 00 00 00 00 00 00 00 00 00 00 00 00 00 00 00 00 00 00 00 00 00
00 00 00 00 00 00 00 00 00 00 00 00 00 00 00 00 00 00 00 00 00 00 00 00 00 00 00 00
00 00 00 00 00 00 00 00 00 00 00 00 00 00 00 00 00 00 00 00 00 00 00 00 00 00 00 00
00 00 00 00 00 00 00 00 00 00 00 00 00 00 00 00 00 00 00 00 00 00 00 00 00 00 00 00
