00 00 00 00 00 00 00 00 00 00 00 00 00 00 00 00 00 00 00 00 00 00 00 00 00 00 00 00
00 00 00 00 00 00 00 00 00 00 00 00 00 00 00 00 00 00 00 00 00 00 00 00 00 00 00 00
00 00 00 00 00 00 00 00 00 00 00 00 00 00 00 00 00 00 00 00 00 00 00 00 00 00 00 00
00 00 00 00 00 00 00 00 00 00 00 00 00 00 00 00 00 00 00 00 00 00 00 00 00 00 00 00
00 00 00 00 00 00 00 00 00 00 00 00 00 00 00 00 00 00 00 00 00 00 00 00 00 00 00 00
00 00 00 00 00 00 00 00 00 00 00 00 00 00 00 00 00 00 00 00 00 00 00 00 00 00 00 00
00 00 00 00 00 00 00 00 00 00 00 00 13 27 7d f9 e6 2c 00 00 00 00 00 00 00 00 00 00
00 00 00 00 00 00 00 00 00 00 0f 72 db fe fe fe fe 9c 00 00 00 00 00 00 00 00 00 00
00 00 00 00 00 00 00 00 00 36 bc fe f5 8c 37 33 fd f2 0e 02 00 00 00 00 00 00 00 00
00 00 00 00 00 00 00 00 00 b9 fe b8 35 00 00 00 a8 fe fe 51 00 00 00 00 00 00 00 00
00 00 00 00 00 00 00 00 1b ed ef 28 00 00 00 00 a8 fe fe 51 00 00 00 00 00 00 00 00
00 00 00 00 00 00 00 00 52 fe 6d 00 00 00 00 14 f6 fe e8 2b 00 00 00 00 00 00 00 00
00 00 00 00 00 00 00 00 52 fe 61 00 00 00 00 5a fe fe 0a 00 00 00 00 00 00 00 00 00
00 00 00 00 00 00 00 00 36 f6 da 71 08 38 ad e2 fe fe 0a 00 00 00 00 00 00 00 00 00
00 00 00 00 00 00 00 00 00 4b ee fb eb f4 98 c1 fe fe 0a 00 00 00 00 00 00 00 00 00
00 00 00 00 00 00 00 00 00 00 00 47 8a 48 00 82 fe c0 04 00 00 00 00 00 00 00 00 00
00 00 00 00 00 00 00 00 00 00 00 00 00 00 00 aa fe 76 00 00 00 00 00 00 00 00 00 00
00 00 00 00 00 00 00 00 00 00 00 00 00 00 30 f7 e0 18 00 00 00 00 00 00 00 00 00 00
00 00 00 00 00 00 00 00 00 00 00 00 00 00 77 fe c3 00 00 00 00 00 00 00 00 00 00 00
00 00 00 00 00 00 00 00 00 00 00 00 00 00 c9 fe c3 00 00 00 00 00 00 00 00 00 00 00
00 00 00 00 00 00 00 00 00 00 00 00 00 1e e6 fc 52 00 00 00 00 00 00 00 00 00 00 00
00 00 00 00 00 00 00 00 00 00 00 00 00 80 fe 9e 00 00 00 00 00 00 00 00 00 00 00 00
00 00 00 00 00 00 00 00 00 00 00 00 0e ef fe 7d 00 00 00 00 00 00 00 00 00 00 00 00
00 00 00 00 00 00 00 00 00 00 00 0c ba fe fe 40 00 00 00 00 00 00 00 00 00 00 00 00
00 00 00 00 00 00 00 00 00 00 00 58 fe fe 9f 05 00 00 00 00 00 00 00 00 00 00 00 00
00 00 00 00 00 00 00 00 00 00 00 58 fe fe 36 00 00 00 00 00 00 00 00 00 00 00 00 00
00 00 00 00 00 00 00 00 00 00 00 00 00 00 00 00 00 00 00 00 00 00 00 00 00 00 00 00
00 00 00 00 00 00 00 00 00 00 00 00 00 00 00 00 00 00 00 00 00 00 00 00 00 00 00 00
