00 00 00 00 00 00 00 00 00 00 00 00 00 00 00 00 00 00 00 00 00 00 00 00 00 00 00 00
00 00 00 00 00 00 00 00 00 00 00 00 00 00 00 00 00 00 00 00 00 00 00 00 00 00 00 00
00 00 00 00 00 00 00 00 00 00 00 00 00 00 00 00 00 00 00 00 00 00 00 00 00 00 00 00
00 00 00 00 00 00 00 00 00 00 00 00 00 00 00 00 00 00 00 00 00 00 00 00 00 00 00 00
00 00 00 00 00 00 00 00 00 00 00 00 00 00 00 00 00 00 00 00 00 00 00 00 00 00 00 00
00 00 00 00 00 00 00 00 00 00 00 06 71 a7 e4 c5 27 00 00 00 00 00 00 00 00 00 00 00
00 00 00 00 00 00 00 00 00 00 29 e1 fb 99 61 f9 9f 00 00 00 00 00 00 00 00 00 00 00
00 00 00 00 00 00 00 00 0b 92 f4 aa 29 00 00 8e e4 10 00 00 00 00 00 00 00 00 00 00
00 00 00 00 00 00 00 00 ab f6 98 07 00 00 00 47 fe 1a 00 00 00 00 00 00 00 00 00 00
00 00 00 00 00 00 00 5c f9 8e 00 00 00 00 00 47 fe 48 00 00 00 00 00 00 00 00 00 00
00 00 00 00 00 00 00 d5 e8 26 00 00 00 00 00 25 f6 8f 00 00 00 00 00 00 00 00 00 00
00 00 00 00 00 00 31 f8 d2 00 00 00 00 00 00 00 ed e1 4c 00 00 00 00 00 00 00 00 00
00 00 00 00 00 00 24 f3 f3 46 00 00 00 00 00 00 aa fe e4 12 00 00 00 00 00 00 00 00
00 00 00 00 00 00 00 83 fe c4 05 00 00 00 00 00 b6 fe fe 2c 00 00 00 00 00 00 00 00
00 00 00 00 00 00 00 23 f2 fe d1 15 00 00 00 19 f3 fe fe 2c 00 00 00 00 00 00 00 00
00 00 00 00 00 00 00 00 4b fe fe f2 4d 00 00 62 fe ff fe 2c 00 00 00 00 00 00 00 00
00 00 00 00 00 00 00 00 02 5e ef fe fd d7 9e d9 fe c7 fe 62 00 00 00 00 00 00 00 00
00 00 00 00 00 00 00 00 00 00 17 ab d7 fe fe ed 5a 5b fe b6 00 00 00 00 00 00 00 00
00 00 00 00 00 00 00 00 00 00 00 00 0a 1a 72 16 00 18 eb ee 1d 00 00 00 00 00 00 00
00 00 00 00 00 00 00 00 00 00 00 00 00 00 00 00 00 00 db fe 44 00 00 00 00 00 00 00
00 00 00 00 00 00 00 00 00 00 00 00 00 00 00 00 00 00 92 fe 8b 00 00 00 00 00 00 00
00 00 00 00 00 00 00 00 00 00 00 00 00 00 00 00 00 00 5d fe b3 00 00 00 00 00 00 00
00 00 00 00 00 00 00 00 00 00 00 00 00 00 00 00 00 00 2c fe e5 05 00 00 00 00 00 00
00 00 00 00 00 00 00 00 00 00 00 00 00 00 00 00 00 00 2c fe f4 26 00 00 00 00 00 00
00 00 00 00 00 00 00 00 00 00 00 00 00 00 00 00 00 00 0e e0 c5 00 00 00 00 00 00 00
00 00 00 00 00 00 00 00 00 00 00 00 00 00 00 00 00 00 00 00 00 00 00 00 00 00 00 00
00 00 00 00 00 00 00 00 00 00 00 00 00 00 00 00 00 00 00 00 00 00 00 00 00 00 00 00
00 00 00 00 00 00 00 00 00 00 00 00 00 00 00 00 00 00 00 00 00 00 00 00 00 00 00 00
