00 00 00 00 00 00 00 00 00 00 00 00 00 00 00 00 00 00 00 00 00 00 00 00 00 00 00 00
00 00 00 00 00 00 00 00 00 00 00 00 00 00 00 00 00 00 00 00 00 00 00 00 00 00 00 00
00 00 00 00 00 00 00 00 00 00 00 00 00 00 00 63 fd 91 00 00 00 00 00 00 00 00 00 00
00 00 00 00 00 00 00 00 00 00 00 00 00 00 00 b5 fc 90 00 00 00 00 00 00 00 00 00 00
00 00 00 00 00 00 00 00 00 00 00 00 00 00 9c e8 e7 29 00 00 00 00 00 00 00 00 00 00
00 00 00 00 00 00 00 00 00 00 00 00 00 01 d9 fc 6c 00 00 00 00 00 00 00 00 00 00 00
00 00 00 00 00 00 00 00 00 00 00 00 00 ab fc fc 6c 00 00 00 00 00 00 00 00 00 00 00
00 00 00 00 00 00 00 00 00 00 00 00 7d fd fc dc 0f 00 00 00 00 00 00 00 00 00 00 00
00 00 00 00 00 00 00 00 00 00 00 2f dd fd f1 66 00 00 00 00 00 00 00 00 00 00 00 00
00 00 00 00 00 00 00 00 00 00 00 b5 fc fd 61 00 00 00 00 00 00 00 00 00 00 00 00 00
00 00 00 00 00 00 00 00 00 00 49 fd fd d0 14 00 00 00 00 00 00 00 00 00 00 00 00 00
00 00 00 00 00 00 00 00 01 49 cf fc d2 68 00 00 00 00 00 00 00 00 00 00 00 00 00 00
00 00 00 00 00 00 00 00 15 fc fc fc 6c 00 00 00 00 00 49 b5 b5 15 00 00 00 00 00 00
00 00 00 00 00 00 00 00 90 fc fc e7 2e 00 00 00 00 3f ed fc fc 90 00 00 00 00 00 00
00 00 00 00 00 00 00 25 fd fd de 7d 00 00 00 00 3f ab fd fd fd 91 00 00 00 00 00 00
00 00 00 00 00 00 00 a1 fc fc b3 00 00 00 15 b0 ed fd e7 e7 fc cf 14 00 00 00 00 00
00 00 00 00 00 00 00 b5 fc fc 4c 00 00 00 b0 fc fc af 3d bf fc 7d 00 00 00 00 00 00
00 00 00 00 00 00 00 b5 fc fc 23 00 00 00 d9 fc fc cf af fc fc 00 00 00 00 00 00 00
00 00 00 00 00 00 00 b6 fd fd d3 5e 00 ab fd fd fd ff fd ed 3e 00 00 00 00 00 00 00
00 00 00 00 00 00 00 2e dd fc fc f7 d9 fd fc fc fc fd e7 47 00 00 00 00 00 00 00 00
00 00 00 00 00 00 00 00 29 d7 f7 fc fc fd fc fc e7 d9 99 00 00 00 00 00 00 00 00 00
00 00 00 00 00 00 00 00 00 00 5d 80 fc 6c e8 e7 2e 00 00 00 00 00 00 00 00 00 00 00
00 00 00 00 00 00 00 00 00 00 00 00 00 00 00 00 00 00 00 00 00 00 00 00 00 00 00 00
00 00 00 00 00 00 00 00 00 00 00 00 00 00 00 00 00 00 00 00 00 00 00 00 00 00 00 00
00 00 00 00 00 00 00 00 00 00 00 00 00 00 00 00 00 00 00 00 00 00 00 00 00 00 00 00
00 00 00 00 00 00 00 00 00 00 00 00 00 00 00 00 00 00 00 00 00 00 00 00 00 00 00 00
00 00 00 00 00 00 00 00 00 00 00 00 00 00 00 00 00 00 00 00 00 00 00 00 00 00 00 00
00 00 00 00 00 00 00 00 00 00 00 00 00 00 00 00 00 00 00 00 00 00 00 00 00 00 00 00
