00 00 00 00 00 00 00 00 00 00 00 00 00 00 00 00 00 00 00 00 00 00 00 00 00 00 00 00
00 00 00 00 00 00 00 00 00 00 00 00 00 00 00 00 00 00 00 00 00 00 00 00 00 00 00 00
00 00 00 00 00 00 00 00 00 00 00 00 00 00 00 00 00 00 00 00 00 00 00 00 00 00 00 00
00 00 00 00 00 00 00 00 00 00 00 00 00 00 00 00 00 00 00 00 00 00 00 00 00 00 00 00
00 00 00 00 00 00 00 00 00 00 00 00 00 00 00 00 00 00 00 00 00 00 00 00 00 00 00 00
00 00 00 00 00 00 00 00 00 00 00 00 00 00 00 00 00 00 00 00 00 00 00 00 00 00 00 00
00 00 00 00 00 00 00 00 00 00 00 00 00 00 00 00 00 00 00 00 00 00 00 00 00 00 00 00
00 00 00 00 00 00 00 00 00 00 05 49 73 a0 73 73 0a 00 00 00 00 00 00 00 00 00 00 00
00 00 00 00 00 00 00 00 1b 7e f4 fe fe fe fe fe c1 0f 00 00 00 00 00 00 00 00 00 00
00 00 00 00 00 00 19 82 e5 fe fe ef ad a6 86 ed fe 57 00 00 00 00 00 00 00 00 00 00
00 00 00 00 00 17 ce fe f8 d1 82 16 00 00 00 c9 fe b7 00 00 00 00 00 00 00 00 00 00
00 00 00 00 00 93 fe a3 27 00 00 00 00 00 00 86 fe c3 00 00 00 00 00 00 00 00 00 00
00 00 00 00 00 e6 e4 15 00 00 00 00 00 00 00 5d fe c3 00 00 00 00 00 00 00 00 00 00
00 00 00 00 00 82 aa 0e 00 00 00 00 00 00 00 92 fe c3 00 00 00 00 00 00 00 00 00 00
00 00 00 00 00 00 00 00 00 00 00 00 00 00 00 c9 fe ab 00 00 00 00 00 00 00 00 00 00
00 00 00 00 00 00 00 00 00 00 00 00 00 2e 74 f3 fe db c9 bd 5d 5d 2a 00 00 00 00 00
00 00 00 00 00 00 00 00 00 00 00 05 61 f7 fe fe fe fe fe fe fe fe f6 ef 92 00 00 00
00 00 00 00 00 00 00 00 00 00 03 90 fe fb e9 fe a8 57 57 57 73 c3 c3 77 57 00 00 00
00 00 00 00 00 00 00 00 00 00 35 fe dd 3d c6 fe 7d 00 00 00 00 00 00 00 00 00 00 00
00 00 00 00 00 00 00 00 00 00 78 fe a7 1c fe cd 0c 00 00 00 00 00 00 00 00 00 00 00
00 00 00 00 00 00 00 00 00 00 78 fe e3 d5 ff 58 00 00 00 00 00 00 00 00 00 00 00 00
00 00 00 00 00 00 00 00 00 00 4c fe fe f8 80 09 00 00 00 00 00 00 00 00 00 00 00 00
00 00 00 00 00 00 00 00 00 00 01 48 72 0d 00 00 00 00 00 00 00 00 00 00 00 00 00 00
00 00 00 00 00 00 00 00 00 00 00 00 00 00 00 00 00 00 00 00 00 00 00 00 00 00 00 00
00 00 00 00 00 00 00 00 00 00 00 00 00 00 00 00 00 00 00 00 00 00 00 00 00 00 00 00
00 00 00 00 00 00 00 00 00 00 00 00 00 00 00 00 00 00 00 00 00 00 00 00 00 00 00 00
00 00 00 00 00 00 00 00 00 00 00 00 00 00 00 00 00 00 00 00 00 00 00 00 00 00 00 00
00 00 00 00 00 00 00 00 00 00 00 00 00 00 00 00 00 00 00 00 00 00 00 00 00 00 00 00
