00 00 00 00 00 00 00 00 00 00 00 00 00 00 00 00 00 00 00 00 00 00 00 00 00 00 00 00
00 00 00 00 00 00 00 00 00 00 00 00 00 00 00 00 00 00 00 00 00 00 00 00 00 00 00 00
00 00 00 00 00 00 00 00 00 00 00 00 00 00 00 00 00 00 00 00 00 00 00 00 00 00 00 00
00 00 00 00 00 00 00 00 00 00 00 00 00 00 00 00 00 00 00 00 00 00 00 00 00 00 00 00
00 00 00 00 00 00 00 00 00 00 00 14 79 79 79 40 00 00 00 60 79 d3 fd 6b 00 00 00 00
00 00 00 00 00 00 00 00 00 79 f0 f2 fc fc fc f7 f0 79 db f9 fc eb 83 06 00 00 00 00
00 00 00 00 00 00 00 00 7a f7 fc fc c0 9e 59 fd fc fc de 9e 3c 16 00 00 00 00 00 00
00 00 00 00 00 00 00 50 f6 fc 88 27 0f 00 00 8c da 7b 1b 00 00 00 00 00 00 00 00 00
00 00 00 00 00 00 00 5e fc fc c6 00 00 00 00 19 1f 00 00 00 00 00 00 00 00 00 00 00
00 00 00 00 00 00 00 19 c3 fc ee 57 00 00 00 00 00 00 00 00 00 00 00 00 00 00 00 00
00 00 00 00 00 00 00 00 1a c3 fc ef 55 00 00 00 00 00 00 00 00 00 00 00 00 00 00 00
00 00 00 00 00 00 00 00 00 19 c4 fc f2 52 00 00 00 00 00 00 00 00 00 00 00 00 00 00
00 00 00 00 00 00 00 00 00 00 17 c7 fc f6 4d 00 00 00 00 00 00 00 00 00 00 00 00 00
00 00 00 00 00 00 00 00 00 00 00 13 cb fc fc 47 00 00 00 00 00 00 00 00 00 00 00 00
00 00 00 00 00 00 00 00 00 00 00 00 62 fd fd ff 4c 00 00 00 00 00 00 00 00 00 00 00
00 00 00 00 00 00 00 00 00 00 00 00 02 60 fc fd f7 19 00 00 00 00 00 00 00 00 00 00
00 00 00 00 00 00 00 00 00 00 00 00 00 02 61 cc fc b4 40 00 00 00 00 00 00 00 00 00
00 00 00 00 00 00 00 00 00 00 00 00 00 00 00 53 f8 fc c5 3b 00 00 00 00 00 00 00 00
00 00 00 00 00 00 00 00 39 55 23 00 00 00 00 00 6b f5 fc ee 34 00 00 00 00 00 00 00
00 00 00 00 00 00 00 62 f2 b9 00 00 00 00 00 00 00 6d f4 fc af 11 00 00 00 00 00 00
00 00 00 00 00 00 4a f4 fc a0 91 29 29 29 13 00 00 00 7a fc fc aa 00 00 00 00 00 00
00 00 00 00 00 00 27 de fc fc fc fc fc fc cb a1 a0 a0 bd fc fc d4 00 00 00 00 00 00
00 00 00 00 00 00 00 59 ee f6 ee ee f7 fc fc fd fc fc fc fc f9 82 00 00 00 00 00 00
00 00 00 00 00 00 00 00 00 3f 00 00 4c 77 77 fd fc fc fc 92 5e 00 00 00 00 00 00 00
00 00 00 00 00 00 00 00 00 00 00 00 00 00 00 00 00 00 00 00 00 00 00 00 00 00 00 00
00 00 00 00 00 00 00 00 00 00 00 00 00 00 00 00 00 00 00 00 00 00 00 00 00 00 00 00
00 00 00 00 00 00 00 00 00 00 00 00 00 00 00 00 00 00 00 00 00 00 00 00 00 00 00 00
00 00 00 00 00 00 00 00 00 00 00 00 00 00 00 00 00 00 00 00 00 00 00 00 00 00 00 00
