00 00 00 00 00 00 00 00 00 00 00 00 00 00 00 00 00 00 00 00 00 00 00 00 00 00 00 00
00 00 00 00 00 00 00 00 00 00 00 00 00 00 00 00 00 00 00 00 00 00 00 00 00 00 00 00
00 00 00 00 00 00 00 00 00 00 00 00 00 00 00 00 00 00 00 00 00 00 00 00 00 00 00 00
00 00 00 00 00 00 00 00 00 00 00 00 00 44 fe fe fe ff a9 46 00 00 00 00 00 00 00 00
00 00 00 00 00 00 00 00 00 00 0f 11 46 e6 fd fd fd fd fd c7 07 00 00 00 00 00 00 00
00 00 00 00 00 00 00 00 00 3c f0 fd fd fd fd fd fd fd fd fd a7 07 00 00 00 00 00 00
00 00 00 00 00 00 00 00 00 8b fd fd 3e a2 38 38 38 c2 fd fd fd 0f 00 00 00 00 00 00
00 00 00 00 00 00 00 00 00 8b 8d 81 04 00 00 00 00 2a fd fd fd 0f 00 00 00 00 00 00
00 00 00 00 00 00 00 00 00 16 04 00 00 00 00 00 00 2a fd fd fd 2f 00 00 00 00 00 00
00 00 00 00 00 00 00 00 00 00 00 00 00 00 00 00 00 2a fd fd fd b3 00 00 00 00 00 00
00 00 00 00 00 00 00 00 00 00 00 00 00 00 00 00 00 2a fd fd fd b3 00 00 00 00 00 00
00 00 00 00 00 00 00 00 00 00 00 00 00 00 00 00 00 2a fd fd fd 4e 00 00 00 00 00 00
00 00 00 00 00 00 00 00 00 00 00 00 00 00 00 00 00 c9 fd fd fd 0f 00 00 00 00 00 00
00 00 00 00 00 00 00 00 00 00 00 06 01 00 00 01 54 ee fd fb 94 05 00 00 00 00 00 00
00 00 00 00 00 00 0d 63 63 63 63 c2 67 60 00 19 fd fd fd c3 00 00 00 00 00 00 00 00
00 00 00 00 00 0b a1 fd fd fd ed fd fd fb bd c3 fd fd fd b3 00 00 00 00 00 00 00 00
00 00 00 00 53 ad fd fd e6 8a 31 8a fa fd fd fd fd fd fd 20 00 00 00 00 00 00 00 00
00 00 00 4a ef fd 5e 30 27 00 00 00 3c c9 fd fd fd fd fd 20 00 00 00 00 00 00 00 00
00 00 00 5b fd c5 1b 00 00 00 00 00 a7 fd fd fd fd fd fd 75 00 00 00 00 00 00 00 00
00 00 00 5b fd aa 3a 1e 00 00 35 9f fc fd fd d2 dd fd fd f6 5d 00 00 00 00 00 00 00
00 00 00 5b fd fd fd ca 94 94 f3 fd fd f8 6a 1b 30 e1 fd fd bf 09 00 00 00 00 00 00
00 00 00 5b fd fd fd fd fd fd fd fd b5 ad 00 00 00 9d fd fd d2 0b 00 00 00 00 00 00
00 00 00 20 ce fd fd fd fd fd d2 59 03 00 00 00 00 0f ae d7 25 00 00 00 00 00 00 00
00 00 00 00 00 00 00 00 00 00 00 00 00 00 00 00 00 00 00 00 00 00 00 00 00 00 00 00
00 00 00 00 00 00 00 00 00 00 00 00 00 00 00 00 00 00 00 00 00 00 00 00 00 00 00 00
00 00 00 00 00 00 00 00 00 00 00 00 00 00 00 00 00 00 00 00 00 00 00 00 00 00 00 00
00 00 00 00 00 00 00 00 00 00 00 00 00 00 00 00 00 00 00 00 00 00 00 00 00 00 00 00
00 00 00 00 00 00 00 00 00 00 00 00 00 00 00 00 00 00 00 00 00 00 00 00 00 00 00 00
