00 00 00 00 00 00 00 00 00 00 00 00 00 00 00 00 00 00 00 00 00 00 00 00 00 00 00 00
00 00 00 00 00 00 00 00 00 00 00 00 00 00 00 00 00 00 00 00 00 00 00 00 00 00 00 00
00 00 00 00 00 00 00 00 00 00 00 00 00 00 00 00 00 00 00 00 00 00 00 00 00 00 00 00
00 00 00 00 00 00 00 00 00 00 00 00 00 00 00 00 00 00 00 00 00 00 00 00 00 00 00 00
00 00 00 00 00 00 00 00 00 00 00 00 00 00 00 00 00 00 b7 ee 10 00 00 00 00 00 00 00
00 00 00 00 00 00 00 00 00 00 00 00 00 00 00 00 00 00 b6 fe 53 00 00 00 00 00 00 00
00 00 00 00 00 00 00 00 00 00 00 00 00 00 00 00 00 00 b6 ff 53 00 00 00 00 00 00 00
00 00 00 00 00 00 00 00 00 00 00 00 00 00 00 00 00 0b ce ef 16 00 00 00 00 00 00 00
00 00 00 00 00 00 00 00 00 00 00 00 00 00 00 00 00 55 fe ea 00 00 00 00 00 00 00 00
00 00 00 00 00 00 00 00 00 00 00 00 00 00 00 00 00 87 fe ea 00 00 00 00 00 00 00 00
00 00 00 00 00 00 00 00 00 00 c5 58 03 00 00 00 00 b9 fe b2 00 00 00 00 00 00 00 00
00 00 00 00 00 00 00 00 00 00 e0 fe 43 00 00 00 16 f3 eb 13 00 00 00 00 00 00 00 00
00 00 00 00 00 00 00 00 00 00 e0 fe 8f 00 00 00 85 fe b0 00 00 00 00 00 00 00 00 00
00 00 00 00 00 00 00 00 00 2d f3 fe 29 00 00 09 cd fe 71 00 00 00 00 00 00 00 00 00
00 00 00 00 00 00 00 00 00 72 fe e6 19 00 00 53 fe f2 2d 00 00 00 00 00 00 00 00 00
00 00 00 00 00 00 00 00 3c fd fe fd a3 92 92 d0 fe 89 12 00 00 00 00 00 00 00 00 00
00 00 00 00 00 00 00 40 fa fe fe fe fe fe fe fe fe f7 9f 00 00 00 00 00 00 00 00 00
00 00 00 00 00 00 00 54 fe f6 ae bb df b4 f8 fe fe fb 9a 00 00 00 00 00 00 00 00 00
00 00 00 00 00 00 00 18 49 34 00 00 00 26 f0 fe 75 40 00 00 00 00 00 00 00 00 00 00
00 00 00 00 00 00 00 00 00 00 00 00 00 35 fe fb 39 00 00 00 00 00 00 00 00 00 00 00
00 00 00 00 00 00 00 00 00 00 00 00 00 51 fe d5 00 00 00 00 00 00 00 00 00 00 00 00
00 00 00 00 00 00 00 00 00 00 00 00 01 a0 fe d0 00 00 00 00 00 00 00 00 00 00 00 00
00 00 00 00 00 00 00 00 00 00 00 00 48 fe fe 56 00 00 00 00 00 00 00 00 00 00 00 00
00 00 00 00 00 00 00 00 00 00 00 00 43 fe d6 03 00 00 00 00 00 00 00 00 00 00 00 00
00 00 00 00 00 00 00 00 00 00 00 00 00 00 00 00 00 00 00 00 00 00 00 00 00 00 00 00
00 00 00 00 00 00 00 00 00 00 00 00 00 00 00 00 00 00 00 00 00 00 00 00 00 00 00 00
00 00 00 00 00 00 00 00 00 00 00 00 00 00 00 00 00 00 00 00 00 00 00 00 00 00 00 00
00 00 00 00 00 00 00 00 00 00 00 00 00 00 00 00 00 00 00 00 00 00 00 00 00 00 00 00
