00 00 00 00 00 00 00 00 00 00 00 00 00 00 00 00 00 00 00 00 00 00 00 00 00 00 00 00
00 00 00 00 00 00 00 00 00 00 00 00 00 00 00 00 00 00 00 00 00 00 00 00 00 00 00 00
00 00 00 00 00 00 00 00 00 00 00 00 00 00 00 00 00 00 00 00 00 00 00 00 00 00 00 00
00 00 00 00 00 00 00 00 00 00 00 00 00 00 00 00 00 00 00 00 00 00 00 00 00 00 00 00
00 00 00 00 00 00 00 00 00 00 00 00 00 00 00 00 00 00 00 00 00 00 00 00 00 00 00 00
00 00 00 00 00 00 00 00 00 00 09 50 cf ff fe fe fe 61 50 50 2c 00 00 00 00 00 00 00
00 00 00 00 00 00 27 9e 9e 9e a8 fd fd fd fd fd fd fd fd fd d2 26 00 00 00 00 00 00
00 00 00 00 00 00 e2 fd fd fd fd fd fd fd fd fd fd fd fd fd fd f1 92 00 00 00 00 00
00 00 00 00 00 00 8b fd fd fd ee 71 d7 fd fd fd fd fd fd fd fd fd d2 2b 00 00 00 00
00 00 00 00 00 00 27 22 22 22 1e 00 1f 94 22 cc eb fd fd fd fd fd ec 40 00 00 00 00
00 00 00 00 00 00 5b 00 00 00 00 00 00 00 00 23 c7 fd fd fd fd f4 51 00 00 00 00 00
00 00 00 00 00 00 00 00 00 00 00 0b 21 ca ca d8 fd fd fd fd f1 59 00 00 00 00 00 00
00 00 00 00 00 00 00 00 00 00 0b a7 fd fd fd fd fd fd fd ee 52 00 00 00 00 00 00 00
00 00 00 00 00 00 00 00 00 00 1b fd fd fd fd fd fd fd fd 60 00 00 00 00 00 00 00 00
00 00 00 00 00 00 00 00 00 00 12 c9 fd fd fd fd fd fd fd e6 31 00 00 00 00 00 00 00
00 00 00 00 00 00 00 00 00 00 00 24 57 57 57 f8 fd fd fd fd 8a 00 00 00 00 00 00 00
00 00 00 00 00 00 00 00 00 00 00 00 00 00 00 07 98 fd fd fd fa 3b 00 00 00 00 00 00
00 00 00 00 00 00 00 00 00 00 00 00 00 00 00 00 3e ee fd fd fd 3c 00 00 00 00 00 00
00 00 00 00 00 00 00 00 00 00 00 00 00 00 00 00 20 e9 fd fd 96 06 00 00 00 00 00 00
00 00 00 00 00 00 00 00 00 00 00 00 00 00 00 25 cb fd fd fd 8a 00 00 00 00 00 00 00
00 00 00 00 42 d3 d3 d3 3b 24 24 15 1a 24 97 de fd fd fd fd 8a 00 00 00 00 00 00 00
00 00 00 00 50 fd fd fd fd fd fd c3 d7 fd fd fd fd fd fd 9d 4d 00 00 00 00 00 00 00
00 00 00 00 50 fd fd fd fd fd fd fd fd fd fd fd fd ed eb 28 00 00 00 00 00 00 00 00
00 00 00 00 31 9c f7 fd fd fd fd fd fd fd fd 9f 9c 10 00 00 00 00 00 00 00 00 00 00
00 00 00 00 00 00 74 fd fd fd fd fd 7e 4e 4e 03 00 00 00 00 00 00 00 00 00 00 00 00
00 00 00 00 00 00 00 00 00 00 00 00 00 00 00 00 00 00 00 00 00 00 00 00 00 00 00 00
00 00 00 00 00 00 00 00 00 00 00 00 00 00 00 00 00 00 00 00 00 00 00 00 00 00 00 00
00 00 00 00 00 00 00 00 00 00 00 00 00 00 00 00 00 00 00 00 00 00 00 00 00 00 00 00
