00 00 00 00 00 00 00 00 00 00 00 00 00 00 00 00 00 00 00 00 00 00 00 00 00 00 00 00
00 00 00 00 00 00 00 00 00 00 00 00 00 00 00 00 00 00 00 00 00 00 00 00 00 00 00 00
00 00 00 00 00 00 00 00 00 00 00 00 00 00 00 00 00 00 00 00 00 00 00 00 00 00 00 00
00 00 00 00 00 00 00 00 00 00 00 00 00 00 00 00 00 09 4c ff 90 00 00 00 00 00 00 00
00 00 00 00 00 00 00 00 00 00 00 00 00 00 00 00 00 72 fc fd 5c 00 00 00 00 00 00 00
00 00 00 00 00 00 00 00 00 00 00 00 00 00 00 00 53 f0 fc d7 43 00 00 00 00 00 00 00
00 00 00 00 00 00 00 00 00 00 00 00 00 00 00 11 d1 fc d2 15 00 00 00 00 00 00 00 00
00 00 00 00 00 00 00 00 00 00 00 00 00 00 0b c1 fc a8 0c 00 00 00 00 00 00 00 00 00
00 00 00 00 00 00 00 00 00 00 00 00 00 00 61 fd fd 62 00 00 00 00 00 00 00 00 00 00
00 00 00 00 00 00 00 00 00 00 00 00 00 16 fd fc bb 11 00 00 00 00 00 00 00 00 00 00
00 00 00 00 00 00 00 00 00 00 00 00 00 92 fd f0 32 00 00 00 00 00 00 00 00 00 00 00
00 00 00 00 00 00 00 00 00 00 00 00 77 f8 fd a4 00 00 00 00 00 00 00 00 00 00 00 00
00 00 00 00 00 00 00 00 00 00 00 20 e4 fc e8 08 00 00 00 00 00 00 00 00 00 00 00 00
00 00 00 00 00 00 00 00 00 00 05 8a fd f3 35 00 00 00 00 00 00 00 00 00 00 00 00 00
00 00 00 00 00 00 00 00 00 00 44 fc fc 89 00 00 00 00 00 00 00 00 00 00 00 00 00 00
00 00 00 00 00 00 00 00 00 31 e4 fc fc a8 b9 b8 b8 b8 b8 20 00 00 00 00 00 00 00 00
00 00 00 00 00 00 00 00 00 8a fc fc fc fc fd fc fc fc fc d2 00 00 00 00 00 00 00 00
00 00 00 00 00 00 00 00 00 f3 fc dd 2b 16 17 2b 36 6b fc fb 54 00 00 00 00 00 00 00
00 00 00 00 00 00 00 00 7f ff f9 3f 00 00 00 00 00 5d fd fc 54 00 00 00 00 00 00 00
00 00 00 00 00 00 00 00 e6 fd ce 00 00 00 00 00 00 72 fc d1 00 00 00 00 00 00 00 00
00 00 00 00 00 00 00 44 f6 fd 7b 00 00 00 00 00 53 f0 fc 20 00 00 00 00 00 00 00 00
00 00 00 00 00 00 00 5d fc f5 3a 00 00 00 00 3c d1 fc 74 00 00 00 00 00 00 00 00 00
00 00 00 00 00 00 00 c5 fc e6 00 00 00 35 7f f4 fc 74 02 00 00 00 00 00 00 00 00 00
00 00 00 00 00 00 00 00 00 00 00 00 00 00 00 00 00 00 00 00 00 00 00 00 00 00 00 00
00 00 00 00 00 00 00 00 00 00 00 00 00 00 00 00 00 00 00 00 00 00 00 00 00 00 00 00
00 00 00 00 00 00 00 00 00 00 00 00 00 00 00 00 00 00 00 00 00 00 00 00 00 00 00 00
00 00 00 00 00 00 00 00 00 00 00 00 00 00 00 00 00 00 00 00 00 00 00 00 00 00 00 00
00 00 00 00 00 00 00 00 00 00 00 00 00 00 00 00 00 00 00 00 00 00 00 00 00 00 00 00
