00 00 00 00 00 00 00 00 00 00 00 00 00 00 00 00 00 00 00 00 00 00 00 00 00 00 00 00
00 00 00 00 00 00 00 00 00 00 00 00 00 00 00 00 00 00 00 00 00 00 00 00 00 00 00 00
00 00 00 00 00 00 00 00 00 00 00 00 00 00 00 00 00 00 00 00 00 00 00 00 00 00 00 00
00 00 00 00 00 00 00 00 00 00 00 00 00 00 00 00 00 00 00 00 00 00 00 00 00 00 00 00
00 00 00 00 00 00 00 00 00 00 00 00 00 00 00 00 00 00 00 4a fe 24 00 00 00 00 00 00
00 00 00 00 00 00 00 00 00 00 00 00 00 00 00 00 00 00 00 49 fd 24 00 00 00 00 00 00
00 00 00 00 00 00 00 00 00 00 00 00 00 00 00 00 00 00 00 94 fd 6f 00 00 00 00 00 00
00 00 00 00 00 00 00 00 00 00 00 00 00 00 00 00 00 00 0c cd fd 85 00 00 00 00 00 00
00 00 00 00 00 00 00 00 00 00 00 00 00 00 00 00 00 00 3d fd fd 24 00 00 00 00 00 00
00 00 00 00 00 00 00 00 00 00 00 00 00 00 00 00 00 00 99 fd fd 24 00 00 00 00 00 00
00 00 00 00 00 00 00 00 00 64 ce 1d 00 00 00 00 00 00 b6 fd fd 24 00 00 00 00 00 00
00 00 00 00 00 00 00 00 00 c2 fd 24 00 00 00 00 00 00 b6 fd b4 05 00 00 00 00 00 00
00 00 00 00 00 00 00 00 00 c2 fd 24 00 00 00 00 00 2d f7 fd 3b 00 00 00 00 00 00 00
00 00 00 00 00 00 00 00 1e de fd 24 00 00 00 00 00 a4 fd b8 03 00 00 00 00 00 00 00
00 00 00 00 00 00 00 00 7d fe fe 96 85 4c 06 00 2b fe fe af 00 00 00 00 00 00 00 00
00 00 00 00 00 00 00 05 bc fd fd fd fd fd c6 4c a7 fd fd 48 00 00 00 00 00 00 00 00
00 00 00 00 00 00 06 88 fd fd e0 d9 d9 ea fe fd fd fd fd b4 00 00 00 00 00 00 00 00
00 00 00 00 00 00 76 fd fd cc 10 00 00 29 96 fd fd fd fd 64 00 00 00 00 00 00 00 00
00 00 00 00 00 00 80 fd ef 50 00 00 00 00 2a fd fd d5 6a 11 00 00 00 00 00 00 00 00
00 00 00 00 00 00 09 8c 50 00 00 00 00 00 a8 fd e1 14 00 00 00 00 00 00 00 00 00 00
00 00 00 00 00 00 00 00 00 00 00 00 00 00 fe fd b0 00 00 00 00 00 00 00 00 00 00 00
00 00 00 00 00 00 00 00 00 00 00 00 00 69 fe f4 3c 00 00 00 00 00 00 00 00 00 00 00
00 00 00 00 00 00 00 00 00 00 00 00 00 e7 fe b1 00 00 00 00 00 00 00 00 00 00 00 00
00 00 00 00 00 00 00 00 00 00 00 00 00 45 fe 6d 00 00 00 00 00 00 00 00 00 00 00 00
00 00 00 00 00 00 00 00 00 00 00 00 00 00 00 00 00 00 00 00 00 00 00 00 00 00 00 00
00 00 00 00 00 00 00 00 00 00 00 00 00 00 00 00 00 00 00 00 00 00 00 00 00 00 00 00
00 00 00 00 00 00 00 00 00 00 00 00 00 00 00 00 00 00 00 00 00 00 00 00 00 00 00 00
00 00 00 00 00 00 00 00 00 00 00 00 00 00 00 00 00 00 00 00 00 00 00 00 00 00 00 00
