00 00 00 00 00 00 00 00 00 00 00 00 00 00 00 00 00 00 00 00 00 00 00 00 00 00 00 00
00 00 00 00 00 00 00 00 00 00 00 00 00 00 00 00 00 00 00 00 00 00 00 00 00 00 00 00
00 00 00 00 00 00 00 00 00 00 00 00 00 00 00 00 00 00 00 00 00 00 00 00 00 00 00 00
00 00 00 00 00 00 00 00 00 00 00 00 00 00 00 00 00 00 00 00 00 00 00 00 00 00 00 00
00 00 00 00 00 00 00 00 00 00 00 00 00 00 00 00 00 00 00 00 00 00 00 00 00 00 00 00
00 00 00 00 00 00 00 00 00 00 00 00 00 00 00 00 00 00 00 00 00 00 00 00 00 00 00 00
00 00 00 00 00 00 00 00 00 00 12 08 00 00 00 00 00 00 00 1a 68 ff c8 08 00 00 00 00
00 00 00 00 00 00 00 00 00 20 f4 b7 00 00 00 00 00 00 13 8f a4 fd 99 00 00 00 00 00
00 00 00 00 00 00 00 00 56 f4 fd 95 00 00 00 00 00 00 1e ce b7 fd 99 00 00 00 00 00
00 00 00 00 00 00 00 36 f2 fd d8 1d 00 00 00 00 00 00 77 f1 ec fd 78 00 00 00 00 00
00 00 00 00 00 00 3d be fd fd 81 00 00 00 00 00 00 00 94 fd fd b9 07 00 00 00 00 00
00 00 00 00 00 0f ce fd fd 6e 0f 00 00 00 00 00 00 37 c0 fd fd 79 00 00 00 00 00 00
00 00 00 00 09 c6 fd fd 6f 02 01 12 7d 7d 7d a8 f3 f8 fd fd db 1b 00 00 00 00 00 00
00 00 00 00 55 fd fd fd 42 18 80 fd fd f8 e6 e6 fb fd fd f9 40 00 00 00 00 00 00 00
00 00 00 00 75 fd fd fd fd fd d2 e6 d4 6c 00 00 e7 fd fd ba 00 00 00 00 00 00 00 00
00 00 00 00 06 9c fd ed c2 90 4c 22 00 00 00 00 e7 fd e9 1b 00 00 00 00 00 00 00 00
00 00 00 00 00 09 3b 2a 00 00 00 00 00 00 00 00 e7 fd e0 00 00 00 00 00 00 00 00 00
00 00 00 00 00 00 00 00 00 00 00 00 00 00 00 7d fa fd 7d 00 00 00 00 00 00 00 00 00
00 00 00 00 00 00 00 00 00 00 00 00 00 00 47 fa fd be 0a 00 00 00 00 00 00 00 00 00
00 00 00 00 00 00 00 00 00 00 00 00 00 09 c4 fd fd 3f 00 00 00 00 00 00 00 00 00 00
00 00 00 00 00 00 00 00 00 00 00 00 00 b1 fd fd bb 02 00 00 00 00 00 00 00 00 00 00
00 00 00 00 00 00 00 00 00 00 00 00 00 b1 fd fd 77 00 00 00 00 00 00 00 00 00 00 00
00 00 00 00 00 00 00 00 00 00 00 00 1f e8 fd fd 17 00 00 00 00 00 00 00 00 00 00 00
00 00 00 00 00 00 00 00 00 00 00 00 2a fd fd fd 17 00 00 00 00 00 00 00 00 00 00 00
00 00 00 00 00 00 00 00 00 00 00 00 59 fd fd 7d 04 00 00 00 00 00 00 00 00 00 00 00
00 00 00 00 00 00 00 00 00 00 00 00 1e 87 9a 03 00 00 00 00 00 00 00 00 00 00 00 00
00 00 00 00 00 00 00 00 00 00 00 00 00 00 00 00 00 00 00 00 00 00 00 00 00 00 00 00
00 00 00 00 00 00 00 00 00 00 00 00 00 00 00 00 00 00 00 00 00 00 00 00 00 00 00 00
