00 00 00 00 00 00 00 00 00 00 00 00 00 00 00 00 00 00 00 00 00 00 00 00 00 00 00 00
00 00 00 00 00 00 00 00 00 00 00 00 00 00 00 00 00 00 00 00 00 00 00 00 00 00 00 00
00 00 00 00 00 00 00 00 00 00 00 00 00 00 00 00 00 00 00 00 00 00 00 00 00 00 00 00
00 00 00 00 00 00 00 00 00 00 00 00 00 35 9b b3 d2 9b 9b 6b 00 00 00 00 00 00 00 00
00 00 00 00 00 00 00 00 00 00 00 00 00 c2 fe fe fe fe fe f1 63 00 00 00 00 00 00 00
00 00 00 00 00 00 00 00 00 00 00 00 3e fd fe fe e1 cf de 9e 2a 00 00 00 00 00 00 00
00 00 00 00 00 00 00 00 00 00 00 00 60 fe fe ca 13 0a 12 00 00 00 00 00 00 00 00 00
00 00 00 00 00 00 00 00 00 00 00 00 60 fe fe 7e 00 00 00 00 00 00 00 00 00 00 00 00
00 00 00 00 00 00 00 00 00 00 00 00 60 fe fe 5f 00 00 00 00 00 00 00 00 00 00 00 00
00 00 00 00 00 00 00 00 00 00 00 00 60 fe fe 80 00 00 00 00 00 00 00 00 00 00 00 00
00 00 00 00 00 00 00 00 00 00 00 00 06 c3 fe cc 07 00 00 00 00 00 00 00 00 00 00 00
00 00 00 00 00 00 00 00 00 00 00 00 00 96 fe fe 4d 00 00 00 00 00 00 00 00 00 00 00
00 00 00 00 00 00 00 00 00 00 00 00 00 2a f5 fe fd 67 00 00 00 00 00 00 00 00 00 00
00 00 00 00 00 00 00 00 00 00 00 00 00 00 2c f9 fe f1 92 04 00 00 00 00 00 00 00 00
00 00 00 00 00 00 00 00 00 00 00 00 00 00 00 00 c0 fe fe e1 24 00 00 00 00 00 00 00
00 00 00 00 00 00 00 00 00 0e 05 00 00 00 00 00 12 4f e6 fe cc 00 00 00 00 00 00 00
00 00 00 00 00 00 00 06 8b f7 46 00 00 00 00 00 00 4b f5 fe db 00 00 00 00 00 00 00
00 00 00 00 00 00 00 46 fe fc 3f 00 00 00 00 00 02 b2 fe fe aa 00 00 00 00 00 00 00
00 00 00 00 00 00 00 bf fe ea 16 00 00 00 00 00 76 fe fe fe 78 00 00 00 00 00 00 00
00 00 00 00 00 00 00 a7 fe fe a7 29 24 24 26 87 ec fe fe c6 11 00 00 00 00 00 00 00
00 00 00 00 00 00 00 2e fe fe fe fe fe fe fe fe fe fe c8 13 00 00 00 00 00 00 00 00
00 00 00 00 00 00 00 09 6e cd ed fe fe fe fe fe fc 8e 11 00 00 00 00 00 00 00 00 00
00 00 00 00 00 00 00 00 00 07 21 7e fe fe fd 5c 34 00 00 00 00 00 00 00 00 00 00 00
00 00 00 00 00 00 00 00 00 00 00 00 00 00 00 00 00 00 00 00 00 00 00 00 00 00 00 00
00 00 00 00 00 00 00 00 00 00 00 00 00 00 00 00 00 00 00 00 00 00 00 00 00 00 00 00
00 00 00 00 00 00 00 00 00 00 00 00 00 00 00 00 00 00 00 00 00 00 00 00 00 00 00 00
00 00 00 00 00 00 00 00 00 00 00 00 00 00 00 00 00 00 00 00 00 00 00 00 00 00 00 00
00 00 00 00 00 00 00 00 00 00 00 00 00 00 00 00 00 00 00 00 00 00 00 00 00 00 00 00
