00 00 00 00 00 00 00 00 00 00 00 00 00 00 00 00 00 00 00 00 00 00 00 00 00 00 00 00
00 00 00 00 00 00 00 00 00 00 00 00 00 00 00 00 00 00 00 00 00 00 00 00 00 00 00 00
00 00 00 00 00 00 00 00 00 00 00 00 00 00 00 00 00 00 00 00 00 00 00 00 00 00 00 00
00 00 00 00 00 00 00 00 00 00 00 00 00 00 00 00 00 00 00 00 00 00 00 00 00 00 00 00
00 00 00 00 00 00 00 00 00 00 00 00 00 00 00 00 00 00 00 00 00 00 00 00 00 00 00 00
00 00 00 00 00 50 bd fe ff fe fe fe ae 65 1f 32 0c 00 00 00 00 00 00 00 00 00 00 00
00 00 00 00 50 f2 fd fd fd fd fd fd fd fd d8 e2 ce c8 c8 3a 00 00 00 00 00 00 00 00
00 00 00 00 65 fd fd fd fd fd fd fd fd fd fd fd fd fd fd e3 35 00 00 00 00 00 00 00
00 00 00 00 fb fd fd fd fd fd fd fd fd fd fd fd fd fd fd fd f9 b5 11 00 00 00 00 00
00 00 00 00 7a d6 d6 9e 3d 3d 71 d6 d6 fa fd fd fd fd fd fd fd fd 2d 00 00 00 00 00
00 00 00 00 00 00 00 00 00 00 00 00 00 69 73 73 ed fd fd fd fd fd 81 00 00 00 00 00
00 00 00 00 00 00 00 00 00 00 00 00 00 00 00 00 0d 18 a8 f1 fd fd c7 00 00 00 00 00
00 00 00 00 00 00 00 00 00 00 00 00 00 00 00 00 00 02 66 f3 fd fd 57 00 00 00 00 00
00 00 00 00 00 00 00 00 00 00 00 00 00 00 00 00 00 10 fd fd fd c5 16 00 00 00 00 00
00 00 00 00 00 00 00 00 00 00 00 00 00 00 00 00 16 b6 fd fd fb 65 00 00 00 00 00 00
00 00 00 00 00 00 00 00 00 00 00 00 00 00 03 63 c6 fd fd f7 81 00 00 00 00 00 00 00
00 00 00 00 00 00 00 00 00 00 00 00 00 00 63 fd fd fd fd bf 00 00 00 00 00 00 00 00
00 00 00 00 00 00 00 00 00 00 00 00 75 e0 f4 fd fd ef 1e 17 00 00 00 00 00 00 00 00
00 00 00 00 00 00 00 00 00 00 3a a9 d5 fd fd fd c5 4f 00 00 00 00 00 00 00 00 00 00
00 00 00 00 00 00 00 00 00 00 56 fd fd fd f2 89 10 00 00 00 00 00 00 00 00 00 00 00
00 00 00 00 00 00 00 00 00 00 d8 fd fd fd 8d 3e 08 00 00 00 00 00 00 00 00 00 00 00
00 00 00 00 00 00 00 00 00 05 ef fd fd fd fd fd ac a2 a2 a2 40 08 07 00 00 00 00 00
00 00 00 00 00 00 00 00 00 50 f7 fd fd fd fd fd fd fd fd fd fd fd c7 42 00 00 00 00
00 00 00 00 00 00 00 00 00 00 5f c7 e3 fd fd fd fd fd fd fd dc e6 c9 eb 00 00 00 00
00 00 00 00 00 00 00 00 00 00 00 00 34 63 63 ae fd fd fd 7a 27 39 16 63 00 00 00 00
00 00 00 00 00 00 00 00 00 00 00 00 00 00 00 00 00 00 00 00 00 00 00 00 00 00 00 00
00 00 00 00 00 00 00 00 00 00 00 00 00 00 00 00 00 00 00 00 00 00 00 00 00 00 00 00
00 00 00 00 00 00 00 00 00 00 00 00 00 00 00 00 00 00 00 00 00 00 00 00 00 00 00 00
