00 00 00 00 00 00 00 00 00 00 00 00 00 00 00 00 00 00 00 00 00 00 00 00 00 00 00 00
00 00 00 00 00 00 00 00 00 00 00 00 00 00 00 00 00 00 00 00 00 00 00 00 00 00 00 00
00 00 00 00 00 00 00 00 00 00 00 00 00 00 00 00 00 00 00 00 00 00 00 00 00 00 00 00
00 00 00 00 00 00 00 00 00 00 00 00 00 00 00 00 00 00 00 00 00 00 00 00 00 00 00 00
00 00 00 00 00 00 00 00 00 00 00 00 00 00 00 00 00 00 00 00 00 00 00 00 00 00 00 00
00 00 00 00 00 00 00 00 00 00 00 00 00 00 00 00 00 00 00 00 00 00 00 00 00 00 00 00
00 00 00 00 00 00 00 00 00 00 00 00 00 00 00 00 00 00 00 00 00 00 00 00 00 00 00 00
00 00 00 00 00 00 00 00 00 00 00 00 00 00 00 00 00 00 00 00 00 00 00 00 00 00 00 00
00 00 00 00 00 00 00 00 0b 77 ac fe fe ff fe e8 76 42 00 00 00 00 00 00 00 00 00 00
00 00 00 00 00 00 00 7a f6 fd f8 b7 b7 b7 b7 f8 fd fb 61 00 00 00 00 00 00 00 00 00
00 00 00 00 00 0f 80 fa be 41 10 00 00 00 00 10 42 e9 a0 00 00 00 00 00 00 00 00 00
00 00 00 00 00 3e fd d5 05 00 00 00 00 00 00 00 00 44 1c 00 00 00 00 00 00 00 00 00
00 00 00 00 00 1e e0 f7 a4 09 00 00 00 00 00 00 00 00 00 00 00 00 00 00 00 00 00 00
00 00 00 00 00 00 2a d4 fd d1 57 22 00 00 00 00 00 00 00 00 00 00 00 00 00 00 00 00
00 00 00 00 00 00 00 09 88 e5 fd fb c9 ae 1e 1b 03 00 00 15 07 00 00 00 00 00 00 00
00 00 00 00 00 00 00 00 00 07 61 94 d0 f1 fd fd c6 75 76 f0 3d 00 00 00 00 00 00 00
00 00 00 00 00 00 00 00 00 00 00 00 00 16 46 79 9c 9c ec fd 3d 00 00 00 00 00 00 00
00 00 00 00 00 00 00 00 00 00 00 00 00 00 00 00 00 00 d2 fd 3d 00 00 00 00 00 00 00
00 00 00 00 00 00 00 00 00 00 00 00 00 00 00 00 00 00 d3 fe 3d 00 00 00 00 00 00 00
00 00 00 00 00 00 00 00 00 00 00 00 00 00 00 00 00 00 d2 e3 02 00 00 00 00 00 00 00
00 00 00 00 00 00 00 00 00 00 00 00 00 00 00 00 00 00 d2 e2 00 00 00 00 00 00 00 00
00 00 00 00 00 00 00 00 00 00 00 00 00 00 00 00 00 00 d2 d0 00 00 00 00 00 00 00 00
00 00 00 00 00 00 00 00 00 00 00 00 00 00 00 00 00 26 f7 8b 00 00 00 00 00 00 00 00
00 00 00 00 00 00 00 00 00 00 00 00 00 00 00 00 00 75 fd 43 00 00 00 00 00 00 00 00
00 00 00 00 00 00 00 00 00 00 00 00 00 00 00 00 00 3e fd 34 00 00 00 00 00 00 00 00
00 00 00 00 00 00 00 00 00 00 00 00 00 00 00 00 00 2c fd 34 00 00 00 00 00 00 00 00
00 00 00 00 00 00 00 00 00 00 00 00 00 00 00 00 00 2c fd 56 00 00 00 00 00 00 00 00
00 00 00 00 00 00 00 00 00 00 00 00 00 00 00 00 00 0e df 6e 00 00 00 00 00 00 00 00
