00 00 00 00 00 00 00 00 00 00 00 00 00 00 00 00 00 00 00 00 00 00 00 00 00 00 00 00
00 00 00 00 00 00 00 00 00 00 00 00 00 00 00 00 00 00 00 00 00 00 00 00 00 00 00 00
00 00 00 00 00 00 00 00 00 00 00 00 00 00 00 00 00 00 00 00 00 00 00 00 00 00 00 00
00 00 00 00 00 00 00 00 00 00 00 00 00 00 37 cb fe fe dc 0d 00 00 00 00 00 00 00 00
00 00 00 00 00 00 00 00 00 00 00 00 00 51 f3 fd fd fe fd 60 00 00 00 00 00 00 00 00
00 00 00 00 00 00 00 00 00 00 00 03 7d ed fd fd fd fe fd 81 00 00 00 00 00 00 00 00
00 00 00 00 00 00 00 00 00 00 00 7d fd fe fd fd fd 67 45 0d 00 00 00 00 00 00 00 00
00 00 00 00 00 00 00 00 00 00 82 fe fe fe fe ef 19 00 00 00 00 00 00 00 00 00 00 00
00 00 00 00 00 00 00 00 00 40 fb fd fd fe d2 57 00 00 00 00 00 00 00 00 00 00 00 00
00 00 00 00 00 00 00 00 00 78 fd fd fd fe cb 37 00 00 00 00 00 00 00 00 00 00 00 00
00 00 00 00 00 00 00 00 44 fe fd fd fd fe e4 ee 19 00 00 00 00 00 00 00 00 00 00 00
00 00 00 00 00 00 00 00 5d fe fe fe fe fe fe fe 98 46 07 00 00 00 00 00 00 00 00 00
00 00 00 00 00 00 00 00 b0 fe fd fd fd fe fd fd fd fe 9d 00 00 00 00 00 00 00 00 00
00 00 00 00 00 00 00 3e f0 fe fd fd fd fe fd fd fd fe f4 50 00 00 00 00 00 00 00 00
00 00 00 00 00 00 00 52 fd fe fd fd fd fe fd fd fd fe fd ab 00 00 00 00 00 00 00 00
00 00 00 00 00 00 00 11 eb fe fe fe fe fe fe fe fe fe fe fe ba 1a 00 00 00 00 00 00
00 00 00 00 00 00 00 00 a7 fe fd fd fd fe fd db fd fe fd fd fd b0 00 00 00 00 00 00
00 00 00 00 00 00 00 00 5d fe fd fd fd fe fd dc fd fe fd fd fd d8 35 00 00 00 00 00
00 00 00 00 00 00 00 00 19 fe fd fd fd fe fd fd fd fe fd fd fd fe 73 00 00 00 00 00
00 00 00 00 00 00 00 00 00 e5 fe fe fe fe fe fe fe fe fe fe fe ff 5a 00 00 00 00 00
00 00 00 00 00 00 00 00 00 0f d8 fd fd fe fd fd fd fe fd fd fd be 02 00 00 00 00 00
00 00 00 00 00 00 00 00 00 00 19 60 e6 e6 fb fd fd fe fd f2 c4 43 00 00 00 00 00 00
00 00 00 00 00 00 00 00 00 00 00 00 00 00 81 fd fd c3 8f 26 00 00 00 00 00 00 00 00
00 00 00 00 00 00 00 00 00 00 00 00 00 00 00 00 00 00 00 00 00 00 00 00 00 00 00 00
00 00 00 00 00 00 00 00 00 00 00 00 00 00 00 00 00 00 00 00 00 00 00 00 00 00 00 00
00 00 00 00 00 00 00 00 00 00 00 00 00 00 00 00 00 00 00 00 00 00 00 00 00 00 00 00
00 00 00 00 00 00 00 00 00 00 00 00 00 00 00 00 00 00 00 00 00 00 00 00 00 00 00 00
00 00 00 00 00 00 00 00 00 00 00 00 00 00 00 00 00 00 00 00 00 00 00 00 00 00 00 00
