00 00 00 00 00 00 00 00 00 00 00 00 00 00 00 00 00 00 00 00 00 00 00 00 00 00 00 00
00 00 00 00 00 00 00 00 00 00 00 00 00 00 00 00 00 00 00 00 00 00 00 00 00 00 00 00
00 00 00 00 00 00 00 00 00 00 00 00 00 00 00 00 00 00 00 00 00 00 00 00 00 00 00 00
00 00 00 00 00 00 00 00 00 00 00 00 00 00 00 00 00 00 00 00 00 00 00 00 00 00 00 00
00 00 00 00 00 00 00 00 00 00 00 42 fe fe 3a 3c 3b 3b 32 00 00 00 00 00 00 00 00 00
00 00 00 00 00 00 00 00 00 00 49 e9 fd fd 94 fe fd fd e8 49 00 00 00 00 00 00 00 00
00 00 00 00 00 00 00 00 00 00 9c fd fd fd 75 ff fd fd fd df b0 a2 00 00 00 00 00 00
00 00 00 00 00 00 00 00 25 74 f6 fd b4 12 04 12 6d f1 fd fd fd ec 1c 00 00 00 00 00
00 00 00 00 00 00 00 00 eb fd fd f5 6b 00 00 00 00 6d aa fd fd fd ae 00 00 00 00 00
00 00 00 00 00 00 00 00 eb fd fd e9 00 00 00 00 00 00 0f 9c fd fd df 48 00 00 00 00
00 00 00 00 00 00 0a 9c fa fd fd 43 00 00 00 00 00 00 00 63 fd fd fd 7f 05 00 00 00
00 00 00 00 00 00 76 fd fd fd cc 1a 00 00 00 00 00 00 00 44 df fd fd fd 39 00 00 00
00 00 00 00 00 20 bf fd fd fd 61 00 00 00 00 00 00 00 00 00 9c fd fd fd 39 00 00 00
00 00 00 00 00 3b fd fd fd fd 61 00 00 00 00 00 00 00 00 00 24 e0 fd fd 39 00 00 00
00 00 00 00 00 3c fe ff fe 9c 00 00 00 00 00 00 00 00 00 00 25 e2 fe fe 3a 00 00 00
00 00 00 00 00 3b fd fd fd 9a 00 00 00 00 00 00 00 00 00 00 9c fd fd fd 39 00 00 00
00 00 00 00 00 3b fd fd fd 9a 00 00 00 00 00 00 00 00 00 00 9c fd fd fd 39 00 00 00
00 00 00 00 00 3b fd fd fd f6 5a 00 00 00 00 00 00 00 00 10 ab fd fd e7 31 00 00 00
00 00 00 00 00 3b fd fd fd fd 9c 5b 00 00 00 00 00 00 00 63 fd fd de 47 00 00 00 00
00 00 00 00 00 3b fd fd fd fd fd f5 6d 00 00 00 00 00 91 c2 fd fd ae 00 00 00 00 00
00 00 00 00 00 09 26 ae fb fd fd fd f1 d7 d7 d9 d7 d7 fa fd fd dd 1a 00 00 00 00 00
00 00 00 00 00 00 00 00 eb fd fd fd fd fd fd fe fd fd fd fd cc 1a 00 00 00 00 00 00
00 00 00 00 00 00 00 00 6c 74 c8 fd fd fd fd fe fd fd fd c7 2c 00 00 00 00 00 00 00
00 00 00 00 00 00 00 00 00 00 24 39 76 fd fd 3a 39 39 39 23 00 00 00 00 00 00 00 00
00 00 00 00 00 00 00 00 00 00 00 00 00 00 00 00 00 00 00 00 00 00 00 00 00 00 00 00
00 00 00 00 00 00 00 00 00 00 00 00 00 00 00 00 00 00 00 00 00 00 00 00 00 00 00 00
00 00 00 00 00 00 00 00 00 00 00 00 00 00 00 00 00 00 00 00 00 00 00 00 00 00 00 00
00 00 00 00 00 00 00 00 00 00 00 00 00 00 00 00 00 00 00 00 00 00 00 00 00 00 00 00
