00 00 00 00 00 00 00 00 00 00 00 00 00 00 00 00 00 00 00 00 00 00 00 00 00 00 00 00
00 00 00 00 00 00 00 00 00 00 00 00 00 00 00 00 00 00 00 00 00 00 00 00 00 00 00 00
00 00 00 00 00 00 00 00 00 00 00 00 00 00 00 00 00 00 00 00 00 00 00 00 00 00 00 00
00 00 00 00 00 00 00 00 00 00 00 00 00 00 00 00 00 00 00 00 00 00 00 00 00 00 00 00
00 00 00 00 00 00 00 00 00 00 00 00 00 00 00 00 00 00 00 00 00 00 00 00 00 00 00 00
00 00 00 00 00 0d ff ff a3 07 07 07 5f 82 82 82 82 82 82 13 00 00 00 00 00 00 00 00
00 00 00 00 00 0c f8 fd fd fd fd fd fd fd fd fd fd fd fd cb 0c 00 00 00 00 00 00 00
00 00 00 00 00 00 85 fd fb eb 98 c4 eb eb 8c 6f 96 eb eb 52 00 00 00 00 00 00 00 00
00 00 00 00 00 00 13 fd e1 16 00 00 00 00 00 00 00 00 00 00 00 00 00 00 00 00 00 00
00 00 00 00 00 00 08 bd fd ef 35 00 00 00 00 00 00 00 00 00 00 00 00 00 00 00 00 00
00 00 00 00 00 00 00 43 ef fd c0 46 00 00 00 00 00 00 00 00 00 00 00 00 00 00 00 00
00 00 00 00 00 00 00 00 44 ed fd ec a7 a7 a7 a7 a7 7e 1c 00 00 00 00 00 00 00 00 00
00 00 00 00 00 00 00 00 00 46 ec fd fd fd fd fd fd fd e0 7e 05 00 00 00 00 00 00 00
00 00 00 00 00 00 00 00 00 00 46 ec ba 4a 4a 4a 72 c5 f5 fd 87 04 00 00 00 00 00 00
00 00 00 00 00 00 00 00 00 00 00 2f 14 00 00 00 00 00 68 f6 fd 30 00 00 00 00 00 00
00 00 00 00 00 00 00 00 00 00 00 00 00 00 00 00 00 00 00 df fd e2 09 00 00 00 00 00
00 00 00 00 00 00 00 00 00 00 00 00 00 00 00 00 00 00 00 bb fd fd 0c 00 00 00 00 00
00 00 00 00 00 2c 51 22 00 00 00 00 00 00 00 00 00 00 00 14 ea fd 70 00 00 00 00 00
00 00 00 00 00 88 fd 93 00 00 00 00 00 00 00 00 00 00 00 00 e6 fd 87 00 00 00 00 00
00 00 00 00 00 5c fd fa bf 00 00 00 00 00 00 00 00 00 00 25 ee fd 1d 00 00 00 00 00
00 00 00 00 00 02 6c fd de 00 00 00 00 00 00 00 00 00 00 d1 fd d1 07 00 00 00 00 00
00 00 00 00 00 00 02 9f fa 87 00 00 00 00 00 00 00 25 d4 fa d1 16 00 00 00 00 00 00
00 00 00 00 00 00 00 0b 6c fb 9a 24 00 00 00 00 82 b5 fd fd 94 00 00 00 00 00 00 00
00 00 00 00 00 00 00 00 11 87 d5 f6 f2 b5 f2 f2 fb fd 98 1a 07 00 00 00 00 00 00 00
00 00 00 00 00 00 00 00 00 00 04 5b 9c fd fd fd 99 57 01 00 00 00 00 00 00 00 00 00
00 00 00 00 00 00 00 00 00 00 00 00 00 00 00 00 00 00 00 00 00 00 00 00 00 00 00 00
00 00 00 00 00 00 00 00 00 00 00 00 00 00 00 00 00 00 00 00 00 00 00 00 00 00 00 00
00 00 00 00 00 00 00 00 00 00 00 00 00 00 00 00 00 00 00 00 00 00 00 00 00 00 00 00
