00 00 00 00 00 00 00 00 00 00 00 00 00 00 00 00 00 00 00 00 00 00 00 00 00 00 00 00
00 00 00 00 00 00 00 00 00 00 00 00 00 00 00 00 00 00 00 00 00 00 00 00 00 00 00 00
00 00 00 00 00 00 00 00 00 00 00 00 00 00 00 00 00 00 00 00 00 00 00 00 00 00 00 00
00 00 00 00 00 00 00 00 00 00 00 00 00 00 00 00 00 00 00 00 00 00 00 00 00 00 00 00
00 00 00 00 00 00 00 00 00 00 00 00 00 00 00 00 00 00 00 00 00 00 00 00 00 00 00 00
00 00 00 00 00 00 00 00 00 00 00 00 00 00 00 00 00 00 00 00 00 00 00 00 00 00 00 00
00 00 00 00 00 00 00 00 00 00 00 00 00 00 00 00 00 00 00 00 00 00 00 00 00 00 00 00
00 00 00 00 00 00 00 00 00 00 00 00 00 07 69 ff 8e 75 07 00 00 00 00 00 00 00 00 00
00 00 00 00 00 00 00 00 00 00 00 00 20 97 fd cb c6 eb 96 07 00 00 00 00 00 00 00 00
00 00 00 00 00 00 00 00 00 00 00 4c e6 fd 95 06 00 aa fd 1c 00 00 00 00 00 00 00 00
00 00 00 00 00 00 00 00 00 00 59 ee fe 98 06 00 0d cf fd 1c 00 00 00 00 00 00 00 00
00 00 00 00 00 00 00 00 00 46 fe f2 66 00 00 00 69 fe d9 10 00 00 00 00 00 00 00 00
00 00 00 00 00 00 00 00 13 e2 fd 41 00 00 00 33 fe fd fd 1c 00 00 00 00 00 00 00 00
00 00 00 00 00 00 00 00 75 fd e1 13 00 00 69 f7 fe fd fd 1c 00 00 00 00 00 00 00 00
00 00 00 00 00 00 00 00 8d fd a8 00 40 8a f7 cb 99 fd d7 10 00 00 00 00 00 00 00 00
00 00 00 00 00 00 00 00 0d c3 fe fe f0 c9 4c 00 cd fe 6b 00 00 00 00 00 00 00 00 00
00 00 00 00 00 00 00 00 00 13 54 54 26 00 00 1a fe d7 13 00 00 00 00 00 00 00 00 00
00 00 00 00 00 00 00 00 00 00 00 00 00 00 00 c9 fe 9f 00 00 00 00 00 00 00 00 00 00
00 00 00 00 00 00 00 00 00 00 00 00 00 00 4c fa b3 09 00 00 00 00 00 00 00 00 00 00
00 00 00 00 00 00 00 00 00 00 00 00 00 20 e6 fe 66 00 00 00 00 00 00 00 00 00 00 00
00 00 00 00 00 00 00 00 00 00 00 00 00 84 fd 98 00 00 00 00 00 00 00 00 00 00 00 00
00 00 00 00 00 00 00 00 00 00 00 00 17 eb fd 1c 00 00 00 00 00 00 00 00 00 00 00 00
00 00 00 00 00 00 00 00 00 00 00 00 81 fd b1 03 00 00 00 00 00 00 00 00 00 00 00 00
00 00 00 00 00 00 00 00 00 00 00 00 cd f8 32 00 00 00 00 00 00 00 00 00 00 00 00 00
00 00 00 00 00 00 00 00 00 00 00 00 fe c5 00 00 00 00 00 00 00 00 00 00 00 00 00 00
00 00 00 00 00 00 00 00 00 00 00 00 fe 6d 00 00 00 00 00 00 00 00 00 00 00 00 00 00
00 00 00 00 00 00 00 00 00 00 00 00 b3 09 00 00 00 00 00 00 00 00 00 00 00 00 00 00
00 00 00 00 00 00 00 00 00 00 00 00 00 00 00 00 00 00 00 00 00 00 00 00 00 00 00 00
