00 00 00 00 00 00 00 00 00 00 00 00 00 00 00 00 00 00 00 00 00 00 00 00 00 00 00 00
00 00 00 00 00 00 00 00 00 00 00 00 00 00 00 00 00 00 00 00 00 00 00 00 00 00 00 00
00 00 00 00 00 00 00 00 00 00 00 00 00 00 00 00 00 00 00 00 00 00 00 00 00 00 00 00
00 00 00 00 00 00 00 00 00 00 00 38 f7 79 00 00 00 00 00 00 00 00 00 00 00 00 00 00
00 00 00 00 00 00 00 00 00 00 00 18 f2 f5 7a 00 00 00 00 00 00 00 00 00 00 00 00 00
00 00 00 00 00 00 00 00 00 00 00 00 e7 fd fd 68 0c 00 00 00 00 00 00 00 00 00 00 00
00 00 00 00 00 00 00 00 00 00 00 00 5a fd fd fe dd 78 78 55 00 00 00 00 00 00 00 00
00 00 00 00 00 00 00 00 00 43 4b 24 0b 38 de fe fd fd fd f5 cf 24 00 00 00 00 00 00
00 00 00 00 00 00 00 00 56 f5 f9 69 00 00 2c e0 e6 fd fd fd fd d6 0a 00 00 00 00 00
00 00 00 00 00 00 00 08 bf fd 8f 00 00 00 00 00 1d 77 77 9e fd fd 5e 00 00 00 00 00
00 00 00 00 00 00 00 0f fd e2 30 00 00 00 00 00 00 00 00 04 b7 fd f8 38 00 00 00 00
00 00 00 00 00 00 00 2a fd b2 00 00 00 00 00 00 00 00 00 00 b3 fd b8 0e 00 00 00 00
00 00 00 00 00 00 00 a4 fd b2 00 00 00 00 00 00 00 00 00 00 b3 fd a3 00 00 00 00 00
00 00 00 00 00 00 3d fe fe b3 00 00 00 00 00 00 00 00 00 4c fe fe a4 00 00 00 00 00
00 00 00 00 00 00 3c fd fd b2 00 00 00 00 00 00 00 00 1d ce fd fd 28 00 00 00 00 00
00 00 00 00 00 00 3c fd fd b2 00 00 00 00 00 00 00 00 78 fd fd f5 0d 00 00 00 00 00
00 00 00 00 00 00 3c fd fd b2 00 00 00 00 00 00 00 00 78 fd ef 3f 00 00 00 00 00 00
00 00 00 00 00 00 3c fd fd b2 00 00 00 00 00 00 00 0e ee fd b3 00 00 00 00 00 00 00
00 00 00 00 00 00 12 be fd e7 46 00 00 00 00 00 2b b8 fd fd 4a 00 00 00 00 00 00 00
00 00 00 00 00 00 00 56 fd fd ef 86 08 00 00 38 a3 fd fd d5 23 00 00 00 00 00 00 00
00 00 00 00 00 00 00 10 fd fd fd fd f0 ef ef f7 fd fd d2 1b 00 00 00 00 00 00 00 00
00 00 00 00 00 00 00 04 3b cc fd fd fd fd fd fe fd fa 6e 00 00 00 00 00 00 00 00 00
00 00 00 00 00 00 00 00 00 1f 7a fd fd fd fd ff d9 62 00 00 00 00 00 00 00 00 00 00
00 00 00 00 00 00 00 00 00 00 00 00 00 00 00 00 00 00 00 00 00 00 00 00 00 00 00 00
00 00 00 00 00 00 00 00 00 00 00 00 00 00 00 00 00 00 00 00 00 00 00 00 00 00 00 00
00 00 00 00 00 00 00 00 00 00 00 00 00 00 00 00 00 00 00 00 00 00 00 00 00 00 00 00
00 00 00 00 00 00 00 00 00 00 00 00 00 00 00 00 00 00 00 00 00 00 00 00 00 00 00 00
00 00 00 00 00 00 00 00 00 00 00 00 00 00 00 00 00 00 00 00 00 00 00 00 00 00 00 00
