00 00 00 00 00 00 00 00 00 00 00 00 00 00 00 00 00 00 00 00 00 00 00 00 00 00 00 00
00 00 00 00 00 00 00 00 00 00 00 00 00 00 00 00 00 00 00 00 00 00 00 00 00 00 00 00
00 00 00 00 00 00 00 00 00 00 00 00 00 00 00 00 00 00 00 00 00 00 00 00 00 00 00 00
00 00 00 00 00 00 00 00 00 00 00 00 00 00 00 00 00 00 00 00 00 00 00 00 00 00 00 00
00 00 00 00 00 00 00 00 00 00 00 00 00 00 00 00 00 00 00 00 4b fe b1 00 00 00 00 00
00 00 00 00 00 00 00 00 00 00 00 00 00 00 00 00 00 00 00 18 cc fd 93 00 00 00 00 00
00 00 00 00 00 00 00 00 00 00 00 00 00 00 00 00 00 00 00 10 ec fd 9d 00 00 00 00 00
00 00 00 00 00 00 00 00 00 00 00 00 00 00 00 00 00 00 00 2f f3 e6 24 00 00 00 00 00
00 00 00 00 00 00 00 00 00 00 00 00 00 00 00 00 00 00 00 32 f4 e4 1d 00 00 00 00 00
00 00 00 00 00 00 00 00 00 00 09 83 17 00 00 00 00 00 19 c7 f9 50 00 00 00 00 00 00
00 00 00 00 00 00 00 00 00 00 71 ea 2a 00 00 00 00 00 64 f9 f3 09 00 00 00 00 00 00
00 00 00 00 00 00 00 00 00 37 ca fd 6d 00 00 00 00 0e b0 fd af 00 00 00 00 00 00 00
00 00 00 00 00 00 00 00 00 59 fd f0 2e 00 00 00 00 39 fd fd 32 00 00 00 00 00 00 00
00 00 00 00 00 00 00 00 49 d1 f9 77 00 00 00 00 00 b5 fd a6 0c 00 00 00 00 00 00 00
00 00 00 00 00 00 00 1c d8 fe f3 00 00 00 00 00 39 fa ff 67 00 00 00 00 00 00 00 00
00 00 00 00 00 12 43 d5 fd fd fa b1 60 43 3b 00 b1 fd d7 11 00 00 00 00 00 00 00 00
00 00 00 00 00 43 fd fd fd fd fd fd fd fd f9 d2 f6 fd dc 16 00 00 00 00 00 00 00 00
00 00 00 00 00 6e bc 70 0a 31 79 66 5d 79 bb fd fd e8 61 03 00 00 00 00 00 00 00 00
00 00 00 00 00 00 00 00 00 00 00 00 00 00 3a fd fd 61 00 00 00 00 00 00 00 00 00 00
00 00 00 00 00 00 00 00 00 00 00 00 00 27 b6 e6 7a 03 00 00 00 00 00 00 00 00 00 00
00 00 00 00 00 00 00 00 00 00 00 00 04 76 fe d3 13 00 00 00 00 00 00 00 00 00 00 00
00 00 00 00 00 00 00 00 00 00 00 00 40 ef e5 40 00 00 00 00 00 00 00 00 00 00 00 00
00 00 00 00 00 00 00 00 00 00 00 00 bc fd c1 00 00 00 00 00 00 00 00 00 00 00 00 00
00 00 00 00 00 00 00 00 00 00 00 14 d9 fd 7d 00 00 00 00 00 00 00 00 00 00 00 00 00
00 00 00 00 00 00 00 00 00 00 00 00 00 00 00 00 00 00 00 00 00 00 00 00 00 00 00 00
00 00 00 00 00 00 00 00 00 00 00 00 00 00 00 00 00 00 00 00 00 00 00 00 00 00 00 00
00 00 00 00 00 00 00 00 00 00 00 00 00 00 00 00 00 00 00 00 00 00 00 00 00 00 00 00
00 00 00 00 00 00 00 00 00 00 00 00 00 00 00 00 00 00 00 00 00 00 00 00 00 00 00 00
