00 00 00 00 00 00 00 00 00 00 00 00 00 00 00 00 00 00 00 00 00 00 00 00 00 00 00 00
00 00 00 00 00 00 00 00 00 00 00 00 00 00 00 00 00 00 00 00 00 00 00 00 00 00 00 00
00 00 00 00 00 00 00 00 00 00 00 00 00 00 00 9b fd ad 0c 00 00 00 00 00 00 00 00 00
00 00 00 00 00 00 00 00 00 00 00 00 10 48 be fd cf 3e 08 00 00 00 00 00 00 00 00 00
00 00 00 00 00 00 00 00 00 00 00 00 7f fb fb fd 8d 00 00 00 00 00 00 00 00 00 00 00
00 00 00 00 00 00 00 00 00 00 00 a7 ec fb fb 81 1b 00 00 00 00 00 00 00 00 00 00 00
00 00 00 00 00 00 00 00 00 00 3c e4 fb fb 98 00 00 00 00 00 00 00 00 00 00 00 00 00
00 00 00 00 00 00 00 00 00 00 c3 fd fd bd 00 00 00 00 00 00 00 00 00 00 00 00 00 00
00 00 00 00 00 00 00 00 00 64 d6 fb ac 33 00 00 00 00 00 00 00 00 00 00 00 00 00 00
00 00 00 00 00 00 00 00 00 50 fd fb fb 1f 00 00 00 00 00 00 00 00 00 00 00 00 00 00
00 00 00 00 00 00 00 00 28 d9 fd e7 3e 04 00 00 00 00 10 a2 40 38 00 00 00 00 00 00
00 00 00 00 00 00 00 00 8b d9 fd 84 2f 00 00 00 00 50 b5 fb fd dc 00 00 00 00 00 00
00 00 00 00 00 00 00 00 df fd c3 18 00 00 00 9b fd fd fd fd ff e9 30 00 00 00 00 00
00 00 00 00 00 00 00 10 e1 fb fd 3e 00 00 14 fd fb fb f3 dc e9 fb 7e 00 00 00 00 00
00 00 00 00 00 00 00 7f fb fb cd 1f 00 70 cd fd eb 7e 5e 00 60 fb 7e 00 00 00 00 00
00 00 00 00 00 00 1c ec fb fb 13 44 dd f8 fb e5 42 00 10 40 ea df 0f 00 00 00 00 00
00 00 00 00 00 00 0c ad fb fb 64 be fb fb fb da 27 00 40 fb fd f0 4f 00 00 00 00 00
00 00 00 00 00 00 14 ce fd fd 9b fd fd fd fd 00 bf fd fd fd ff 3f 00 00 00 00 00 00
00 00 00 00 00 00 00 7f fb fb fd fb fb fb fb bf ec fb fb e7 a1 10 00 00 00 00 00 00
00 00 00 00 00 00 00 3f 9c fb fd fb fb fb fb fd fb fb db 2f 00 00 00 00 00 00 00 00
00 00 00 00 00 00 00 00 30 bc fd fb fb fb d3 bd a8 1f 17 00 00 00 00 00 00 00 00 00
00 00 00 00 00 00 00 00 00 00 5f 72 fb fb 5e 00 00 00 00 00 00 00 00 00 00 00 00 00
00 00 00 00 00 00 00 00 00 00 00 00 00 00 00 00 00 00 00 00 00 00 00 00 00 00 00 00
00 00 00 00 00 00 00 00 00 00 00 00 00 00 00 00 00 00 00 00 00 00 00 00 00 00 00 00
00 00 00 00 00 00 00 00 00 00 00 00 00 00 00 00 00 00 00 00 00 00 00 00 00 00 00 00
00 00 00 00 00 00 00 00 00 00 00 00 00 00 00 00 00 00 00 00 00 00 00 00 00 00 00 00
00 00 00 00 00 00 00 00 00 00 00 00 00 00 00 00 00 00 00 00 00 00 00 00 00 00 00 00
00 00 00 00 00 00 00 00 00 00 00 00 00 00 00 00 00 00 00 00 00 00 00 00 00 00 00 00
