00 00 00 00 00 00 00 00 00 00 00 00 00 00 00 00 00 00 00 00 00 00 00 00 00 00 00 00
00 00 00 00 00 00 00 00 00 00 00 00 00 00 00 00 00 00 00 00 00 00 00 00 00 00 00 00
00 00 00 00 00 00 00 00 00 00 00 00 00 00 00 00 00 00 00 00 00 00 00 00 00 00 00 00
00 00 00 00 00 00 00 00 00 00 00 00 00 00 00 00 00 00 00 00 00 00 00 00 00 00 00 00
00 00 00 00 00 00 00 00 00 00 00 00 00 00 00 00 00 00 00 00 00 00 00 00 00 00 00 00
00 00 00 00 00 00 00 00 00 00 00 00 00 00 00 00 00 00 00 00 00 00 00 00 00 00 00 00
00 00 00 00 00 00 00 00 00 00 00 00 00 00 00 00 00 00 30 76 19 00 00 00 00 00 00 00
00 00 00 00 6d ea c1 4c 00 00 00 00 00 00 00 00 00 00 68 fd cc 1d 00 00 00 00 00 00
00 00 00 00 76 fd fd f4 6e 00 00 00 00 00 00 00 00 00 68 fd fd be 00 00 00 00 00 00
00 00 00 00 76 fd fd fd db 00 00 00 00 00 00 00 00 00 68 fd fd f3 49 00 00 00 00 00
00 00 00 00 76 fd fd fd db 00 00 00 00 00 00 00 00 00 68 fd fd fd 60 00 00 00 00 00
00 00 00 00 7d fd fd fd d3 00 00 00 00 00 00 00 00 00 68 fd fd fd 60 00 00 00 00 00
00 00 00 00 fe fd fd fd 52 00 00 00 00 00 00 00 00 41 b4 fd fd fd 60 00 00 00 00 00
00 00 00 00 fe fd fd e5 2e 00 00 00 00 00 15 7e f8 fa fd fd fd fd 60 00 00 00 00 00
00 00 00 00 ce fd fd f7 e3 91 5a 5a d5 e3 e8 fd fd fd fd fd fd fd 60 00 00 00 00 00
00 00 00 00 76 fd fd fd fd fd fd fd fd fd fd fd fd fd fd fd fd fd 60 00 00 00 00 00
00 00 00 00 5f f9 fd fd fd fd fd fd fd fd fd f8 cd 89 44 e5 fd fd 60 00 00 00 00 00
00 00 00 00 00 85 f9 fd fd fd fd fd fd f6 e2 7f 00 00 00 dc fd fd 60 00 00 00 00 00
00 00 00 00 00 00 5c 8a f6 ef 6d 6d 6d 50 00 00 00 00 00 dc fd fd 60 00 00 00 00 00
00 00 00 00 00 00 00 00 00 00 00 00 00 00 00 00 00 00 00 dc fd fd 60 00 00 00 00 00
00 00 00 00 00 00 00 00 00 00 00 00 00 00 00 00 00 00 00 dc fd fd 60 00 00 00 00 00
00 00 00 00 00 00 00 00 00 00 00 00 00 00 00 00 00 00 00 65 fd fd 60 00 00 00 00 00
00 00 00 00 00 00 00 00 00 00 00 00 00 00 00 00 00 00 00 12 d3 fd 60 00 00 00 00 00
00 00 00 00 00 00 00 00 00 00 00 00 00 00 00 00 00 00 00 00 67 fd cf b3 00 00 00 00
00 00 00 00 00 00 00 00 00 00 00 00 00 00 00 00 00 00 00 00 18 76 e8 9e 00 00 00 00
00 00 00 00 00 00 00 00 00 00 00 00 00 00 00 00 00 00 00 00 00 00 00 00 00 00 00 00
00 00 00 00 00 00 00 00 00 00 00 00 00 00 00 00 00 00 00 00 00 00 00 00 00 00 00 00
00 00 00 00 00 00 00 00 00 00 00 00 00 00 00 00 00 00 00 00 00 00 00 00 00 00 00 00
