00 00 00 00 00 00 00 00 00 00 00 00 00 00 00 00 00 00 00 00 00 00 00 00 00 00 00 00
00 00 00 00 00 00 00 00 00 00 00 00 00 00 00 00 00 00 00 00 00 00 00 00 00 00 00 00
00 00 00 00 00 00 00 00 00 00 00 00 00 00 00 00 00 00 00 00 00 00 00 00 00 00 00 00
00 00 00 00 00 00 00 00 00 00 00 00 00 00 00 00 00 00 00 00 00 00 00 00 00 00 00 00
00 00 00 00 00 00 00 00 00 00 00 29 fe fe 9d 22 22 da ff ce 22 12 00 00 00 00 00 00
00 00 00 00 00 00 00 00 00 00 35 ee fc fc fc fc fc fc fc fc fc a2 1a 00 00 00 00 00
00 00 00 00 00 00 00 00 00 42 dc fc fc fc d1 99 df fc fc fc fc fc 62 00 00 00 00 00
00 00 00 00 00 00 00 00 00 a6 fc fc fc fc 8d 00 55 e6 fc fc fc fc 62 00 00 00 00 00
00 00 00 00 00 00 00 00 00 a6 fc fc fc fc 8d 00 00 49 66 fc fc fc 62 00 00 00 00 00
00 00 00 00 00 00 00 00 00 a6 fc fc fc bf 1e 00 00 00 05 61 fc fc dc 33 00 00 00 00
00 00 00 00 00 00 00 00 7b f5 fc fc ca 0e 00 00 00 00 00 38 fc fc fc 41 00 00 00 00
00 00 00 00 00 00 00 12 9a fc fc f1 00 00 00 00 00 00 00 38 fc fc fc 41 00 00 00 00
00 00 00 00 00 00 15 92 fc fc fc f1 00 00 00 00 00 00 00 38 fc fc fc 41 00 00 00 00
00 00 00 00 00 00 43 fc fc fc fc f1 00 00 00 00 00 00 00 38 fc fc fc 41 00 00 00 00
00 00 00 00 00 00 43 fc fc fc fc 74 00 00 00 00 00 00 00 38 fc fc fc 41 00 00 00 00
00 00 00 00 00 00 43 fc fc fc fc 14 00 00 00 00 00 00 00 38 fc fc fc 41 00 00 00 00
00 00 00 00 00 00 43 fc fc fc 57 04 00 00 00 00 00 00 00 38 fc fc 7c 0b 00 00 00 00
00 00 00 00 00 00 43 fc fc fc 36 00 00 00 00 00 00 13 ec f5 fc fc 62 00 00 00 00 00
00 00 00 00 00 00 43 fc fc fc 61 05 00 00 00 00 27 db fc fc fc fc 62 00 00 00 00 00
00 00 00 00 00 00 43 fc fc fc fc 66 59 59 59 59 cb fc fc fc fc d1 40 00 00 00 00 00
00 00 00 00 00 00 43 fc fc fc fc fc fc fc fc fc fc fc fc e2 82 44 00 00 00 00 00 00
00 00 00 00 00 00 43 fc fc fc fc fc fc fc fc fc fc fc ef 4d 00 00 00 00 00 00 00 00
00 00 00 00 00 00 11 41 a3 fc fc fc fc fc fc fc fc 60 3b 00 00 00 00 00 00 00 00 00
00 00 00 00 00 00 00 00 11 b0 fc fc fc fc 9b 20 20 06 00 00 00 00 00 00 00 00 00 00
00 00 00 00 00 00 00 00 00 00 00 00 00 00 00 00 00 00 00 00 00 00 00 00 00 00 00 00
00 00 00 00 00 00 00 00 00 00 00 00 00 00 00 00 00 00 00 00 00 00 00 00 00 00 00 00
00 00 00 00 00 00 00 00 00 00 00 00 00 00 00 00 00 00 00 00 00 00 00 00 00 00 00 00
00 00 00 00 00 00 00 00 00 00 00 00 00 00 00 00 00 00 00 00 00 00 00 00 00 00 00 00
