00 00 00 00 00 00 00 00 00 00 00 00 00 00 00 00 00 00 00 00 00 00 00 00 00 00 00 00
00 00 00 00 00 00 00 00 00 00 00 00 00 00 00 00 00 00 00 00 00 00 00 00 00 00 00 00
00 00 00 00 00 00 00 00 00 00 00 00 00 00 00 00 00 00 00 00 00 00 00 00 00 00 00 00
00 00 00 00 00 00 00 00 00 00 00 00 00 00 00 00 00 00 00 00 00 00 00 00 00 00 00 00
00 00 00 00 00 00 00 00 00 00 00 00 00 00 00 00 00 00 00 00 00 00 00 00 00 00 00 00
00 00 00 00 00 00 00 00 00 00 00 00 00 00 00 00 00 00 00 00 00 00 00 00 00 00 00 00
00 00 00 00 00 00 00 00 00 00 03 37 00 00 00 12 43 43 43 99 b1 9e 12 00 00 00 00 00
00 00 00 00 00 00 00 00 00 00 92 f6 d2 d2 d3 dd fd fd fd fd fd fd 42 00 00 00 00 00
00 00 00 00 00 00 00 00 05 c4 fd fd fd fd e8 e7 e7 e7 e7 c0 79 36 03 00 00 00 00 00
00 00 00 00 00 00 00 05 93 fd fd c8 69 5f 00 00 00 00 00 00 00 00 00 00 00 00 00 00
00 00 00 00 00 00 00 17 fd fd fd dc d8 ce 89 59 59 04 00 00 00 00 00 00 00 00 00 00
00 00 00 00 00 00 00 17 fd fd fd fd fd fd fe fd fd df 32 08 00 00 00 00 00 00 00 00
00 00 00 00 00 00 00 09 63 b9 cc 63 63 63 64 b0 d1 fc fd b4 2b 00 00 00 00 00 00 00
00 00 00 00 00 00 00 00 00 00 00 00 00 00 00 00 00 79 e3 fd fb 79 14 00 00 00 00 00
00 00 00 00 00 00 00 00 00 00 00 00 00 00 00 00 00 00 16 78 f4 fd 93 0f 00 00 00 00
00 00 00 00 00 00 00 00 00 00 00 00 00 00 00 00 00 00 00 00 3b f2 fe 60 00 00 00 00
00 00 00 00 52 b1 1f 00 00 00 00 00 00 00 00 00 00 00 00 00 00 4e fd ac 00 00 00 00
00 00 00 00 fe fd ae 04 00 00 00 00 00 00 00 00 00 00 00 00 00 2d fd fd 00 00 00 00
00 00 00 00 87 f7 fd b0 12 00 00 00 00 00 00 00 00 00 00 00 01 70 fd fd 00 00 00 00
00 00 00 00 00 5b dc fd ea 50 05 00 00 00 00 00 00 00 00 14 71 fd fd b5 00 00 00 00
00 00 00 00 00 00 41 d3 fd fd cc 83 59 0c 00 00 00 56 a1 da fd fd bc 2d 00 00 00 00
00 00 00 00 00 00 00 15 cc f6 fd fd fd eb b9 e8 e8 fd fd fd ee 71 06 00 00 00 00 00
00 00 00 00 00 00 00 00 00 23 97 d1 df fd ff fd fd fa d1 aa 09 00 00 00 00 00 00 00
00 00 00 00 00 00 00 00 00 00 00 00 14 42 73 42 42 3c 00 00 00 00 00 00 00 00 00 00
00 00 00 00 00 00 00 00 00 00 00 00 00 00 00 00 00 00 00 00 00 00 00 00 00 00 00 00
00 00 00 00 00 00 00 00 00 00 00 00 00 00 00 00 00 00 00 00 00 00 00 00 00 00 00 00
00 00 00 00 00 00 00 00 00 00 00 00 00 00 00 00 00 00 00 00 00 00 00 00 00 00 00 00
00 00 00 00 00 00 00 00 00 00 00 00 00 00 00 00 00 00 00 00 00 00 00 00 00 00 00 00
