00 00 00 00 00 00 00 00 00 00 00 00 00 00 00 00 00 00 00 00 00 00 00 00 00 00 00 00
00 00 00 00 00 00 00 00 00 00 00 00 00 00 00 00 00 00 00 00 00 00 00 00 00 00 00 00
00 00 00 00 00 00 00 00 00 00 00 00 00 00 00 00 00 00 00 00 00 00 00 00 00 00 00 00
00 00 00 00 00 00 00 00 00 00 00 00 00 00 00 00 00 00 00 00 00 00 00 00 00 00 00 00
00 00 00 00 00 00 00 00 00 00 00 00 00 00 00 00 00 00 00 00 00 00 00 00 00 00 00 00
00 00 00 00 00 00 00 00 00 00 00 00 00 00 00 00 00 00 00 00 00 00 00 00 00 00 00 00
00 00 00 00 00 00 00 00 00 00 00 00 00 00 00 00 00 00 00 00 00 00 00 00 00 00 00 00
00 00 00 00 00 0b 13 5f 8f 8f 8f 8f 8f 8f 8f 8f 21 00 00 00 00 00 00 00 00 00 00 00
00 00 00 5a 95 d0 fd fd fd fd fd fd fd fd fd fd d9 16 00 00 00 00 00 00 00 00 00 00
00 00 00 ff fd fb de de a1 8c 63 63 63 63 8f fd fd 71 00 00 00 00 00 00 00 00 00 00
00 00 00 d9 d2 56 00 00 00 00 00 00 00 1d a1 fd fd 52 00 00 00 00 00 00 00 00 00 00
00 00 00 00 00 00 00 00 00 00 00 00 21 cb fd fd ae 0d 00 00 00 00 00 00 00 00 00 00
00 00 00 00 00 00 00 00 00 00 0a 4e e8 fd fd fd 2b 00 00 00 00 00 00 00 00 00 00 00
00 00 00 00 00 00 00 00 00 00 8a fd fd fd fd fd c0 b4 b4 80 20 00 00 00 00 00 00 00
00 00 00 00 00 00 00 00 00 00 ae fd fd fd fd fd fd fd fd fd a9 03 00 00 00 00 00 00
00 00 00 00 00 00 00 00 00 00 2a 3d 3d 3d 3d 53 b0 4f 6e f7 fd c3 04 00 00 00 00 00
00 00 00 00 00 00 00 00 00 00 00 00 00 00 3b c0 1e 00 00 32 cb fd 2a 00 00 00 00 00
00 00 00 00 00 00 00 00 00 00 00 00 00 38 c3 39 00 00 00 00 70 fd e5 00 00 00 00 00
00 00 00 00 00 00 00 00 00 00 00 00 00 ac cc 11 00 00 00 00 3a f8 fd 00 00 00 00 00
00 00 00 00 00 00 00 00 00 00 00 00 00 c0 fd b8 3e 00 00 55 a4 fd fd 00 00 00 00 00
00 00 00 00 00 00 00 00 00 00 00 00 00 90 fd fd f3 df df fa fd fd 60 00 00 00 00 00
00 00 00 00 00 00 00 00 00 00 00 00 00 07 98 fd fd fd fd fd fd 98 03 00 00 00 00 00
00 00 00 00 00 00 00 00 00 00 00 00 00 00 06 12 7a 8d 8d 8d 57 01 00 00 00 00 00 00
00 00 00 00 00 00 00 00 00 00 00 00 00 00 00 00 00 00 00 00 00 00 00 00 00 00 00 00
00 00 00 00 00 00 00 00 00 00 00 00 00 00 00 00 00 00 00 00 00 00 00 00 00 00 00 00
00 00 00 00 00 00 00 00 00 00 00 00 00 00 00 00 00 00 00 00 00 00 00 00 00 00 00 00
00 00 00 00 00 00 00 00 00 00 00 00 00 00 00 00 00 00 00 00 00 00 00 00 00 00 00 00
00 00 00 00 00 00 00 00 00 00 00 00 00 00 00 00 00 00 00 00 00 00 00 00 00 00 00 00
