00 00 00 00 00 00 00 00 00 00 00 00 00 00 00 00 00 00 00 00 00 00 00 00 00 00 00 00
00 00 00 00 00 00 00 00 00 00 00 00 00 00 00 00 00 00 00 00 00 00 00 00 00 00 00 00
00 00 00 00 00 00 00 00 00 00 00 00 00 00 00 00 00 00 00 00 00 00 00 00 00 00 00 00
00 00 00 00 00 00 00 00 00 00 00 00 00 00 00 00 00 00 00 00 00 00 00 00 00 00 00 00
00 00 00 00 00 00 00 00 00 00 00 00 13 a4 fd ff fd 76 3b 24 00 00 00 00 00 00 00 00
00 00 00 00 00 00 00 00 00 00 00 00 4e fb fb fd fb fb fb c7 2d 00 00 00 00 00 00 00
00 00 00 00 00 00 00 00 00 00 00 0e c6 fb fb fd fb fb fb fb cc 1a 00 00 00 00 00 00
00 00 00 00 00 00 00 00 00 00 00 05 75 fb fb f3 d4 ef fb fb fb da 00 00 00 00 00 00
00 00 00 00 00 00 00 00 00 00 00 5f fb fb fb 78 00 af fb fb fb e7 00 00 00 00 00 00
00 00 00 00 00 00 00 00 00 00 61 ed fb fb fb 00 00 43 f0 fb fb f3 6c 00 00 00 00 00
00 00 00 00 00 00 00 00 00 08 a3 fb fb f0 51 00 00 00 44 fb fb fb b3 09 00 00 00 00
00 00 00 00 00 00 00 00 0d 91 fb fb e2 50 00 00 00 00 27 fb fb fb fb 73 00 00 00 00
00 00 00 00 00 00 00 00 90 fb fb fb ad 00 00 00 00 00 12 a7 fb fb fb 73 00 00 00 00
00 00 00 00 00 00 00 00 e9 fb fb fb ad 00 00 00 00 00 00 62 fb fb fb 73 00 00 00 00
00 00 00 00 00 00 00 b0 fd fd d8 b3 00 00 00 00 00 00 00 63 fd fd fd 74 00 00 00 00
00 00 00 00 00 00 37 d2 fb fb 60 00 00 00 00 00 00 00 00 62 fb fb d6 3e 00 00 00 00
00 00 00 00 00 00 75 fb fb fb 60 00 00 00 00 00 00 00 1c cc fb ed 35 00 00 00 00 00
00 00 00 00 00 37 f1 fb fb a0 07 00 00 00 00 00 00 1c de fb fb e7 00 00 00 00 00 00
00 00 00 00 00 3b fb fb fb 99 00 00 00 00 00 17 62 cc fb fb fb 9c 00 00 00 00 00 00
00 00 00 00 00 3b fb fb fb 99 00 00 00 55 9b b3 fb fb fb fb 9a 0f 00 00 00 00 00 00
00 00 00 00 00 3b fb fb fb ec d6 d6 d6 ea fb fd fb fb f8 9c 0f 00 00 00 00 00 00 00
00 00 00 00 00 29 d1 fb fb fb fb fb fb fb fb fd fb c4 92 00 00 00 00 00 00 00 00 00
00 00 00 00 00 00 36 73 f1 fb fb fb fb fb fb fd bb 23 00 00 00 00 00 00 00 00 00 00
00 00 00 00 00 00 00 00 53 fb fb fb fb fb 65 39 1f 00 00 00 00 00 00 00 00 00 00 00
00 00 00 00 00 00 00 00 00 00 00 00 00 00 00 00 00 00 00 00 00 00 00 00 00 00 00 00
00 00 00 00 00 00 00 00 00 00 00 00 00 00 00 00 00 00 00 00 00 00 00 00 00 00 00 00
00 00 00 00 00 00 00 00 00 00 00 00 00 00 00 00 00 00 00 00 00 00 00 00 00 00 00 00
00 00 00 00 00 00 00 00 00 00 00 00 00 00 00 00 00 00 00 00 00 00 00 00 00 00 00 00
