00 00 00 00 00 00 00 00 00 00 00 00 00 00 00 00 00 00 00 00 00 00 00 00 00 00 00 00
00 00 00 00 00 00 00 00 00 00 00 00 00 00 00 00 00 00 00 00 00 00 00 00 00 00 00 00
00 00 00 00 00 00 00 00 00 00 00 00 00 00 00 00 00 00 00 00 00 00 00 00 00 00 00 00
00 00 00 00 00 00 00 00 00 00 00 00 00 00 00 00 00 00 00 00 00 00 00 00 00 00 00 00
00 00 00 00 00 00 00 00 00 00 00 00 00 00 00 00 00 00 00 00 00 00 00 00 00 00 00 00
00 00 00 00 00 00 00 00 00 00 00 00 00 00 00 00 8a ee d9 44 00 00 00 00 00 00 00 00
00 00 00 00 00 00 00 00 00 00 00 00 00 00 00 96 fe fe fe e8 00 00 00 00 00 00 00 00
00 00 00 00 00 00 00 00 00 00 00 00 00 00 3f e0 fe 91 fe f0 16 00 00 00 00 00 00 00
00 00 00 00 00 00 00 00 00 00 00 00 0f a0 fd fe fe bb fe b4 00 00 00 00 00 00 00 00
00 00 00 00 00 00 00 00 00 00 00 00 b8 fe b8 cf fe fe f8 33 00 00 00 00 00 00 00 00
00 00 00 00 00 00 00 00 00 00 00 7b fc ce 11 2f fe fe 80 00 00 00 00 00 00 00 00 00
00 00 00 00 00 00 00 00 00 00 00 e5 fe 2b 00 a5 fe 9f 06 00 00 00 00 00 00 00 00 00
00 00 00 00 00 00 00 00 00 00 00 e5 ed 17 2a eb da 18 00 00 00 00 00 00 00 00 00 00
00 00 00 00 00 00 00 00 00 00 00 d5 fe 69 d4 f7 32 00 00 00 00 00 00 00 00 00 00 00
00 00 00 00 00 00 00 00 00 00 00 3c f9 fe fe 80 00 00 00 00 00 00 00 00 00 00 00 00
00 00 00 00 00 00 00 00 00 00 00 00 8b fe fe a3 08 00 00 00 00 00 00 00 00 00 00 00
00 00 00 00 00 00 00 00 00 00 00 00 a4 fe f3 fe 59 00 00 00 00 00 00 00 00 00 00 00
00 00 00 00 00 00 00 00 00 00 00 38 f9 b1 31 eb ca 00 00 00 00 00 00 00 00 00 00 00
00 00 00 00 00 00 00 00 00 00 07 d5 f9 32 00 d4 f7 29 00 00 00 00 00 00 00 00 00 00
00 00 00 00 00 00 00 00 00 00 45 fe 9e 00 00 d4 fe 34 00 00 00 00 00 00 00 00 00 00
00 00 00 00 00 00 00 00 00 00 d4 fe 1e 00 00 d4 fe 34 00 00 00 00 00 00 00 00 00 00
00 00 00 00 00 00 00 00 00 04 eb d5 08 00 25 f3 f1 20 00 00 00 00 00 00 00 00 00 00
00 00 00 00 00 00 00 00 00 13 f0 c8 04 05 c1 fe 7e 00 00 00 00 00 00 00 00 00 00 00
00 00 00 00 00 00 00 00 00 00 e8 fe d4 da fe c3 0f 00 00 00 00 00 00 00 00 00 00 00
00 00 00 00 00 00 00 00 00 00 44 d8 fe fe a6 0e 00 00 00 00 00 00 00 00 00 00 00 00
00 00 00 00 00 00 00 00 00 00 00 00 00 00 00 00 00 00 00 00 00 00 00 00 00 00 00 00
00 00 00 00 00 00 00 00 00 00 00 00 00 00 00 00 00 00 00 00 00 00 00 00 00 00 00 00
00 00 00 00 00 00 00 00 00 00 00 00 00 00 00 00 00 00 00 00 00 00 00 00 00 00 00 00
