00 00 00 00 00 00 00 00 00 00 00 00 00 00 00 00 00 00 00 00 00 00 00 00 00 00 00 00
00 00 00 00 00 00 00 00 00 00 00 00 00 00 00 00 00 00 00 00 00 00 00 00 00 00 00 00
00 00 00 00 00 00 00 00 00 00 00 00 00 00 00 00 00 00 00 00 00 00 00 00 00 00 00 00
00 00 00 00 00 00 00 00 00 00 00 00 00 00 00 00 00 00 00 00 00 00 00 00 00 00 00 00
00 00 00 00 00 00 00 00 00 00 32 85 ff fe fe fe fe b4 5b 2c 00 00 00 00 00 00 00 00
00 00 00 00 00 00 00 00 00 04 93 fd fd fd fd fd fd fd fd d7 b4 55 01 00 00 00 00 00
00 00 00 00 00 00 00 00 00 32 fd fd fd fd b4 92 9c fd fd fd fd fd 0f 00 00 00 00 00
00 00 00 00 00 00 00 00 00 0b 92 b1 38 38 12 00 06 38 38 8d f9 fd 0f 00 00 00 00 00
00 00 00 00 00 00 00 00 00 00 00 00 00 00 00 00 00 00 00 00 de fd 0f 00 00 00 00 00
00 00 00 00 00 00 00 00 00 00 00 00 00 00 00 00 00 00 00 00 de fd 0f 00 00 00 00 00
00 00 00 00 00 00 00 00 00 00 00 00 00 00 00 00 00 00 00 49 ef fd 0f 00 00 00 00 00
00 00 00 00 00 00 00 00 00 00 00 00 00 00 00 00 00 00 51 f2 fd fd 0f 00 00 00 00 00
00 00 00 00 00 00 00 00 00 00 00 00 00 00 00 00 00 48 eb fd fd fd 0f 00 00 00 00 00
00 00 00 00 00 00 00 00 00 00 00 00 00 00 00 00 3e a0 fd fd 8f 07 01 00 00 00 00 00
00 00 00 00 00 00 00 00 00 07 64 ac ac ac ac ac e8 fd fc f5 1f 00 00 00 00 00 00 00
00 00 00 00 00 00 00 00 31 e5 fd fd fd fd fd fd fd fd 94 00 00 00 00 00 00 00 00 00
00 00 00 00 00 00 0b 2f dc fd fd fd fd fd fd fd fd fd 40 00 00 00 00 00 00 00 00 00
00 00 00 00 00 00 6b fd fd fd fd fd fd fd fd fd fd fd e6 74 0f 00 00 00 00 00 00 00
00 00 00 00 00 1e 82 fd fd fd fd fd fd fd e1 d4 d8 fd fd fd ae 12 00 00 00 00 00 00
00 00 00 00 30 da fd fd fd fd fd fd fd d2 27 00 0c 7a e4 fd fd b6 08 00 00 00 00 00
00 00 00 00 5b fd fd fd fd fd dd 99 20 16 00 00 00 00 a8 fd fd fd 35 00 00 00 00 00
00 00 00 00 26 73 fd 89 6a 6a 30 00 00 00 00 00 00 00 12 6a eb fd b3 00 00 00 00 00
00 00 00 00 00 01 0f 04 00 00 00 00 00 00 00 00 00 00 00 00 de fd 19 00 00 00 00 00
00 00 00 00 00 00 00 00 00 00 00 00 00 00 00 00 00 00 00 00 4e b8 0f 00 00 00 00 00
00 00 00 00 00 00 00 00 00 00 00 00 00 00 00 00 00 00 00 00 00 00 00 00 00 00 00 00
00 00 00 00 00 00 00 00 00 00 00 00 00 00 00 00 00 00 00 00 00 00 00 00 00 00 00 00
00 00 00 00 00 00 00 00 00 00 00 00 00 00 00 00 00 00 00 00 00 00 00 00 00 00 00 00
00 00 00 00 00 00 00 00 00 00 00 00 00 00 00 00 00 00 00 00 00 00 00 00 00 00 00 00
