00 00 00 00 00 00 00 00 00 00 00 00 00 00 00 00 00 00 00 00 00 00 00 00 00 00 00 00
00 00 00 00 00 00 00 00 00 00 00 00 00 00 00 00 00 00 00 00 00 00 00 00 00 00 00 00
00 00 00 00 00 00 00 00 00 00 00 00 00 00 00 00 7b ff 59 00 00 00 00 00 00 00 00 00
00 00 00 00 00 00 00 00 00 00 00 00 00 00 00 10 e6 fd e2 00 00 00 00 00 00 00 00 00
00 00 00 00 00 00 00 00 00 00 00 00 00 00 00 49 fd fd e2 00 00 00 00 00 00 00 00 00
00 00 00 00 00 00 00 00 00 00 00 00 00 00 10 f1 fd fd 8f 00 00 00 00 00 00 00 00 00
00 00 00 00 00 00 00 00 00 00 00 00 00 12 be fd fd b4 03 00 00 00 00 00 00 00 00 00
00 00 00 00 00 00 00 00 00 00 00 00 00 3b fd fd fb 68 00 00 00 00 00 00 00 00 00 00
00 00 00 00 00 00 00 00 00 00 00 00 1f db fd fd 7f 00 00 00 00 00 00 00 00 00 00 00
00 00 00 00 00 00 00 00 00 00 00 00 7d fd fd c8 14 00 00 00 00 00 00 00 00 00 00 00
00 00 00 00 00 00 00 00 00 00 00 60 ea fd fd 19 00 00 00 00 00 00 00 00 00 00 00 00
00 00 00 00 00 00 00 00 00 00 0b cf fd f2 72 06 00 00 00 00 00 00 00 00 00 00 00 00
00 00 00 00 00 00 00 00 00 04 a9 fd fd c7 00 00 00 00 00 00 00 00 00 00 00 00 00 00
00 00 00 00 00 00 00 00 00 43 fd fd fc 5a 08 7c 82 82 82 39 04 00 00 00 00 00 00 00
00 00 00 00 00 00 00 00 00 bf fd fd a5 27 b0 fd fd fd fd fd 44 00 00 00 00 00 00 00
00 00 00 00 00 00 00 00 43 f9 fd fd 2a a2 fd fd e6 c1 fd fd 96 00 00 00 00 00 00 00
00 00 00 00 00 00 00 00 5d fd fd 71 01 a2 fd fd 61 73 fd fd 96 00 00 00 00 00 00 00
00 00 00 00 00 00 00 0c ce fd fd 3b 00 86 fd fd db fd fd ed 42 00 00 00 00 00 00 00
00 00 00 00 00 00 00 58 fd fd fd 3b 00 4c e7 fd fd fd f2 71 00 00 00 00 00 00 00 00
00 00 00 00 00 00 00 8a fd fd fd fa f9 fc fd fd fd f1 69 00 00 00 00 00 00 00 00 00
00 00 00 00 00 00 00 0d b2 fd fd fd fd fd fd f7 9d 2f 00 00 00 00 00 00 00 00 00 00
00 00 00 00 00 00 00 00 2f c4 fd fd fd e6 3c 22 00 00 00 00 00 00 00 00 00 00 00 00
00 00 00 00 00 00 00 00 00 00 00 00 00 00 00 00 00 00 00 00 00 00 00 00 00 00 00 00
00 00 00 00 00 00 00 00 00 00 00 00 00 00 00 00 00 00 00 00 00 00 00 00 00 00 00 00
00 00 00 00 00 00 00 00 00 00 00 00 00 00 00 00 00 00 00 00 00 00 00 00 00 00 00 00
00 00 00 00 00 00 00 00 00 00 00 00 00 00 00 00 00 00 00 00 00 00 00 00 00 00 00 00
00 00 00 00 00 00 00 00 00 00 00 00 00 00 00 00 00 00 00 00 00 00 00 00 00 00 00 00
00 00 00 00 00 00 00 00 00 00 00 00 00 00 00 00 00 00 00 00 00 00 00 00 00 00 00 00
