00 00 00 00 00 00 00 00 00 00 00 00 00 00 00 00 00 00 00 00 00 00 00 00 00 00 00 00
00 00 00 00 00 00 00 00 00 00 00 00 00 00 00 00 00 00 00 00 00 00 00 00 00 00 00 00
00 00 00 00 00 00 00 00 00 00 00 00 00 00 00 00 00 00 00 00 00 00 00 00 00 00 00 00
00 00 00 00 00 00 00 00 00 00 00 00 00 00 00 00 00 00 00 00 00 00 00 00 00 00 00 00
00 00 00 00 00 00 00 00 00 00 00 00 00 00 00 00 00 00 00 00 00 00 00 00 00 00 00 00
00 00 00 00 00 00 00 00 00 00 00 00 00 00 00 00 00 00 00 00 00 00 00 00 00 00 00 00
00 00 00 00 00 00 00 00 00 00 00 00 13 3e e8 ff e5 92 16 00 00 00 00 00 00 00 00 00
00 00 00 00 00 00 00 00 00 00 00 1a d1 fd fd fd fd fd cd 19 00 00 00 00 00 00 00 00
00 00 00 00 00 00 00 00 00 00 47 d0 fd e1 37 85 a5 fc fd 51 00 00 00 00 00 00 00 00
00 00 00 00 00 00 00 00 00 02 ad fd db 00 00 00 00 ce ed 21 00 00 00 00 00 00 00 00
00 00 00 00 00 00 00 00 00 7f fd e2 2a 00 00 00 2d f1 eb 1a 00 00 00 00 00 00 00 00
00 00 00 00 00 00 00 00 27 f0 fb 72 00 00 00 00 6f fd ec 2b 00 00 00 00 00 00 00 00
00 00 00 00 00 00 00 00 52 fd cd 00 00 00 00 23 dd fd 34 00 00 00 00 00 00 00 00 00
00 00 00 00 00 00 00 00 36 f5 f2 70 08 00 00 a7 fd dc 07 00 00 00 00 00 00 00 00 00
00 00 00 00 00 00 00 00 00 a7 fd fd ea e9 e9 fc e0 22 00 00 00 00 00 00 00 00 00 00
00 00 00 00 00 00 00 00 00 04 9e f1 fd fd fd fd c2 00 00 00 00 00 00 00 00 00 00 00
00 00 00 00 00 00 00 00 00 00 00 29 36 61 fd fd 9a 00 00 00 00 00 00 00 00 00 00 00
00 00 00 00 00 00 00 00 00 00 00 00 09 cb fd f2 2a 00 00 00 00 00 00 00 00 00 00 00
00 00 00 00 00 00 00 00 00 00 00 00 11 fd fd a0 00 00 00 00 00 00 00 00 00 00 00 00
00 00 00 00 00 00 00 00 00 00 00 00 3b fd fd 7c 00 00 00 00 00 00 00 00 00 00 00 00
00 00 00 00 00 00 00 00 00 00 00 00 88 fd f4 12 00 00 00 00 00 00 00 00 00 00 00 00
00 00 00 00 00 00 00 00 00 00 00 3c f7 fd a1 00 00 00 00 00 00 00 00 00 00 00 00 00
00 00 00 00 00 00 00 00 00 00 00 57 fd fd 48 00 00 00 00 00 00 00 00 00 00 00 00 00
00 00 00 00 00 00 00 00 00 00 00 93 fd f6 2f 00 00 00 00 00 00 00 00 00 00 00 00 00
00 00 00 00 00 00 00 00 00 00 00 a5 fd c7 00 00 00 00 00 00 00 00 00 00 00 00 00 00
00 00 00 00 00 00 00 00 00 00 00 57 fd c7 00 00 00 00 00 00 00 00 00 00 00 00 00 00
00 00 00 00 00 00 00 00 00 00 00 00 00 00 00 00 00 00 00 00 00 00 00 00 00 00 00 00
00 00 00 00 00 00 00 00 00 00 00 00 00 00 00 00 00 00 00 00 00 00 00 00 00 00 00 00
