00 00 00 00 00 00 00 00 00 00 00 00 00 00 00 00 00 00 00 00 00 00 00 00 00 00 00 00
00 00 00 00 00 00 00 00 00 00 00 00 00 00 00 00 00 00 00 00 00 00 00 00 00 00 00 00
00 00 00 00 00 00 00 00 00 00 00 00 00 00 00 00 00 00 00 00 00 00 00 00 00 00 00 00
00 00 00 00 00 00 00 00 00 00 00 00 00 00 00 00 00 00 00 00 00 00 00 00 00 00 00 00
00 00 00 00 00 00 00 00 00 00 00 00 00 00 00 00 00 00 00 00 00 00 00 00 00 00 00 00
00 00 00 00 00 00 00 00 00 59 b7 13 00 00 00 00 00 00 00 00 00 00 00 00 00 00 00 00
00 00 00 00 00 00 00 00 00 82 fe 70 00 00 00 00 00 00 00 00 00 00 00 00 00 00 00 00
00 00 00 00 00 00 00 00 00 82 fe 23 00 00 00 00 00 00 00 00 55 72 06 00 00 00 00 00
00 00 00 00 00 00 00 00 00 58 fe 1f 00 00 00 00 00 00 00 1a ee fe 24 00 00 00 00 00
00 00 00 00 00 00 00 00 00 82 fe 1f 00 00 00 00 00 00 00 4f fe b5 03 00 00 00 00 00
00 00 00 00 00 00 00 00 00 a0 ff 1f 00 00 00 00 00 00 00 6d fe 53 00 00 00 00 00 00
00 00 00 00 00 00 00 00 28 f4 b8 04 00 00 00 00 00 00 00 b6 ec 0a 00 00 00 00 00 00
00 00 00 00 00 00 00 00 6e f8 3b 00 00 00 00 00 00 00 15 e6 ea 00 00 00 00 00 00 00
00 00 00 00 00 00 00 01 bd e4 00 05 06 06 03 00 00 00 06 c2 bd 00 00 00 00 00 00 00
00 00 00 00 00 00 00 3a fe ea 7e f3 fe fe ad 0b 00 00 14 e3 81 00 00 00 00 00 00 00
00 00 00 00 00 00 00 8d fe fe fe fe fe fe fe d6 2d 00 73 fe 81 00 00 00 00 00 00 00
00 00 00 00 00 00 00 8d fe fa b7 67 05 07 ac f6 fc 87 9b fe 3e 00 00 00 00 00 00 00
00 00 00 00 00 00 00 32 a6 6b 00 00 00 00 00 32 b3 fe fe fe ea 00 00 00 00 00 00 00
00 00 00 00 00 00 00 00 00 00 00 00 00 00 00 00 03 c4 fe c8 18 00 00 00 00 00 00 00
00 00 00 00 00 00 00 00 00 00 00 00 00 00 00 00 0d d4 f5 32 00 00 00 00 00 00 00 00
00 00 00 00 00 00 00 00 00 00 00 00 00 00 00 00 bb fe 79 00 00 00 00 00 00 00 00 00
00 00 00 00 00 00 00 00 00 00 00 00 00 00 00 1b fb c2 05 00 00 00 00 00 00 00 00 00
00 00 00 00 00 00 00 00 00 00 00 00 00 00 00 68 fe 4d 00 00 00 00 00 00 00 00 00 00
00 00 00 00 00 00 00 00 00 00 00 00 00 00 0c d7 f5 30 00 00 00 00 00 00 00 00 00 00
00 00 00 00 00 00 00 00 00 00 00 00 00 00 0a aa 55 00 00 00 00 00 00 00 00 00 00 00
00 00 00 00 00 00 00 00 00 00 00 00 00 00 00 00 00 00 00 00 00 00 00 00 00 00 00 00
00 00 00 00 00 00 00 00 00 00 00 00 00 00 00 00 00 00 00 00 00 00 00 00 00 00 00 00
00 00 00 00 00 00 00 00 00 00 00 00 00 00 00 00 00 00 00 00 00 00 00 00 00 00 00 00
