00 00 00 00 00 00 00 00 00 00 00 00 00 00 00 00 00 00 00 00 00 00 00 00 00 00 00 00
00 00 00 00 00 00 00 00 00 00 00 00 00 00 00 00 00 00 00 00 00 00 00 00 00 00 00 00
00 00 00 00 00 00 00 00 00 00 00 00 00 00 00 00 00 00 00 00 00 00 00 00 00 00 00 00
00 00 00 00 00 00 00 00 00 00 00 00 00 00 00 00 00 00 00 00 00 00 00 00 00 00 00 00
00 00 00 00 00 00 00 00 00 00 00 00 00 00 00 00 00 00 00 00 00 00 00 00 00 00 00 00
00 00 00 00 00 00 00 00 00 00 00 00 00 2a 9a b4 ff b0 76 76 10 00 00 00 00 00 00 00
00 00 00 00 00 00 00 00 00 00 00 00 00 8e fd fd fd fd fd fd ec 67 00 00 00 00 00 00
00 00 00 00 00 00 00 00 00 00 00 00 00 e3 fd fd cc b1 b1 b1 f3 bf 00 00 00 00 00 00
00 00 00 00 00 00 00 00 00 00 00 00 00 e3 fd d8 16 00 00 17 e3 ee 60 15 00 00 00 00
00 00 00 00 00 00 00 00 00 00 00 00 00 e3 fd cd 00 00 11 7c fd fd fd aa 00 00 00 00
00 00 00 00 00 00 00 00 00 00 00 00 00 e3 fd ea 3e 12 c9 fd fd fd fb 5a 00 00 00 00
00 00 00 00 00 00 00 00 00 00 00 00 00 e3 fd fd fd fd fd fd fd dd 67 00 00 00 00 00
00 00 00 00 00 00 00 00 00 00 00 00 00 e3 fd fd fd fd fd d0 18 05 00 00 00 00 00 00
00 00 00 00 00 00 00 00 00 00 00 00 27 ec fd fd fd fb 61 10 00 00 00 00 00 00 00 00
00 00 00 00 00 00 00 00 00 00 04 45 e0 fd fd f0 a9 2e 00 00 00 00 00 00 00 00 00 00
00 00 00 00 00 00 00 00 00 21 86 fd fd fd fd 69 00 00 00 00 00 00 00 00 00 00 00 00
00 00 00 00 00 00 00 00 33 e1 fd fd fd fd fd 44 00 00 00 00 00 00 00 00 00 00 00 00
00 00 00 00 00 00 00 30 e3 fd fd fa ae fd fd 44 00 00 00 00 00 00 00 00 00 00 00 00
00 00 00 00 00 00 00 d5 fd fd b3 3f 6f fd fd 44 00 00 00 00 00 00 00 00 00 00 00 00
00 00 00 00 00 00 5c fb c9 0d 05 00 a6 fd fd 44 00 00 00 00 00 00 00 00 00 00 00 00
00 00 00 00 00 27 de fd c6 00 00 00 f8 fd e7 2e 00 00 00 00 00 00 00 00 00 00 00 00
00 00 00 00 00 36 f3 fd 7c 00 26 85 fc fd 96 00 00 00 00 00 00 00 00 00 00 00 00 00
00 00 00 00 00 76 fd fd ed b3 df fd fd be 0e 00 00 00 00 00 00 00 00 00 00 00 00 00
00 00 00 00 00 2c e6 fd fd fd fd fd f4 4c 00 00 00 00 00 00 00 00 00 00 00 00 00 00
00 00 00 00 00 00 2d e7 fd fd fd b6 42 00 00 00 00 00 00 00 00 00 00 00 00 00 00 00
00 00 00 00 00 00 00 00 00 00 00 00 00 00 00 00 00 00 00 00 00 00 00 00 00 00 00 00
00 00 00 00 00 00 00 00 00 00 00 00 00 00 00 00 00 00 00 00 00 00 00 00 00 00 00 00
00 00 00 00 00 00 00 00 00 00 00 00 00 00 00 00 00 00 00 00 00 00 00 00 00 00 00 00
