00 00 00 00 00 00 00 00 00 00 00 00 00 00 00 00 00 00 00 00 00 00 00 00 00 00 00 00
00 00 00 00 00 00 00 00 00 00 00 00 00 00 00 00 00 00 00 00 00 00 00 00 00 00 00 00
00 00 00 00 00 00 00 00 00 00 00 00 00 00 00 00 00 00 00 00 00 00 00 00 00 00 00 00
00 00 00 00 00 00 00 00 00 00 00 00 00 00 00 26 de fd fd ff ce 58 00 00 00 00 00 00
00 00 00 00 00 00 00 00 00 00 00 33 e1 e1 a3 8c fc fc fc fd fc d6 4c 00 00 00 00 00
00 00 00 00 00 00 00 00 00 00 00 a6 fc fc fd c9 c3 b4 37 77 f6 fc df 00 00 00 00 00
00 00 00 00 00 00 00 00 00 00 00 b5 fc ec 54 09 00 00 00 00 e1 fc df 00 00 00 00 00
00 00 00 00 00 00 00 00 00 00 00 19 70 32 00 00 00 00 00 00 e1 fc df 00 00 00 00 00
00 00 00 00 00 00 00 00 00 00 00 00 00 00 00 00 00 00 00 00 e2 fd e1 00 00 00 00 00
00 00 00 00 00 00 00 00 00 00 00 00 00 00 00 00 00 00 00 93 f9 fc 63 00 00 00 00 00
00 00 00 00 00 00 00 00 00 00 00 00 00 00 00 00 00 00 6f fd fc d0 13 00 00 00 00 00
00 00 00 00 00 00 00 00 00 00 00 00 00 00 00 00 00 04 99 fd fc b4 00 00 00 00 00 00
00 00 00 00 00 00 00 00 00 00 00 00 00 00 00 00 00 6b fc fd fc 37 00 00 00 00 00 00
00 00 00 00 00 00 00 00 00 00 00 00 00 00 00 00 39 fd fd ff 6a 00 00 00 00 00 00 00
00 00 00 00 00 00 00 0a a3 e2 e1 e1 e1 92 55 55 c8 fc fc 98 03 00 00 00 00 00 00 00
00 00 00 00 00 00 0d 9c fc fd e9 d0 fc fc fd fc fc fc dc 1f 00 00 00 00 00 00 00 00
00 00 00 00 00 0a 9c fc fc f0 47 13 63 ef fd fc fc e9 25 00 00 00 00 00 00 00 00 00
00 00 00 00 00 a3 fc fc ad 3f 00 20 8c cb fd fc fc df 00 00 00 00 00 00 00 00 00 00
00 00 00 00 00 e2 fd f0 3f 00 00 78 fd fd ff fd fd fd 70 00 00 00 00 00 00 00 00 00
00 00 00 00 26 ea fc df 00 00 7b f6 fc fc d7 c3 fc fc ed a3 09 00 00 00 00 00 00 00
00 00 00 00 71 fc fc f6 c5 c6 f6 fc f5 76 1f 13 d1 fc dc 85 06 00 00 00 00 00 00 00
00 00 00 00 65 f9 fc fc fc fd fc e6 79 00 00 00 42 54 25 00 00 00 00 00 00 00 00 00
00 00 00 00 00 64 8e fc fc be 70 19 00 00 00 00 00 00 00 00 00 00 00 00 00 00 00 00
00 00 00 00 00 00 00 00 00 00 00 00 00 00 00 00 00 00 00 00 00 00 00 00 00 00 00 00
00 00 00 00 00 00 00 00 00 00 00 00 00 00 00 00 00 00 00 00 00 00 00 00 00 00 00 00
00 00 00 00 00 00 00 00 00 00 00 00 00 00 00 00 00 00 00 00 00 00 00 00 00 00 00 00
00 00 00 00 00 00 00 00 00 00 00 00 00 00 00 00 00 00 00 00 00 00 00 00 00 00 00 00
00 00 00 00 00 00 00 00 00 00 00 00 00 00 00 00 00 00 00 00 00 00 00 00 00 00 00 00
