00 00 00 00 00 00 00 00 00 00 00 00 00 00 00 00 00 00 00 00 00 00 00 00 00 00 00 00
00 00 00 00 00 00 00 00 00 00 00 00 00 00 00 00 00 00 00 00 00 00 00 00 00 00 00 00
00 00 00 00 00 00 00 00 00 00 00 00 00 00 00 00 00 00 00 00 00 00 00 00 00 00 00 00
00 00 00 00 00 00 00 00 00 00 00 00 00 00 00 00 00 00 00 00 00 00 00 00 00 00 00 00
00 00 00 00 00 00 00 00 00 00 00 00 00 00 00 00 00 00 00 00 00 00 00 00 00 00 00 00
00 00 00 00 00 00 00 00 00 00 00 00 00 00 00 00 00 00 00 00 00 00 00 00 00 00 00 00
00 00 00 00 00 00 00 00 00 00 00 00 00 00 0d 6e bf f4 ff f1 6f 00 00 00 00 00 00 00
00 00 00 00 00 00 00 00 00 00 00 00 04 37 e0 fd f0 ea ed fd ce 00 00 00 00 00 00 00
00 00 00 00 00 00 00 00 00 00 00 00 69 fd fd b0 34 25 2c b6 ce 00 00 00 00 00 00 00
00 00 00 00 00 00 00 00 00 00 00 26 e1 f2 9a 0f 00 00 09 e3 ce 00 00 00 00 00 00 00
00 00 00 00 00 00 00 00 00 00 26 e1 fd aa 00 00 00 28 cf fd ce 00 00 00 00 00 00 00
00 00 00 00 00 00 00 00 00 26 e0 fd b6 0b 00 00 00 a2 fd fd 9c 00 00 00 00 00 00 00
00 00 00 00 00 00 00 00 00 93 fd fa 39 00 00 05 5f fc fd a7 04 00 00 00 00 00 00 00
00 00 00 00 00 00 00 00 00 cf fd c0 00 04 6b e4 fd fd ec 2f 00 00 00 00 00 00 00 00
00 00 00 00 00 00 00 00 00 84 fd fb a0 af fd fd fd fd 31 00 00 00 00 00 00 00 00 00
00 00 00 00 00 00 00 00 00 45 c2 fb fd fd e2 fd fd fd 05 00 00 00 00 00 00 00 00 00
00 00 00 00 00 00 00 00 00 00 00 38 3b 3b 31 e2 fd a6 02 00 00 00 00 00 00 00 00 00
00 00 00 00 00 00 00 00 00 00 00 00 00 23 de fd da 21 00 00 00 00 00 00 00 00 00 00
00 00 00 00 00 00 00 00 00 00 00 00 00 95 fd fd 6b 00 00 00 00 00 00 00 00 00 00 00
00 00 00 00 00 00 00 00 00 00 00 00 55 fc fd 99 14 00 00 00 00 00 00 00 00 00 00 00
00 00 00 00 00 00 00 00 00 00 00 12 cf fd f6 34 00 00 00 00 00 00 00 00 00 00 00 00
00 00 00 00 00 00 00 00 00 00 00 ca fd f6 67 00 00 00 00 00 00 00 00 00 00 00 00 00
00 00 00 00 00 00 00 00 00 00 1c f5 fd b5 00 00 00 00 00 00 00 00 00 00 00 00 00 00
00 00 00 00 00 00 00 00 00 1e d2 fd cf 40 00 00 00 00 00 00 00 00 00 00 00 00 00 00
00 00 00 00 00 00 00 00 00 59 fd fd 70 00 00 00 00 00 00 00 00 00 00 00 00 00 00 00
00 00 00 00 00 00 00 00 00 59 fd c0 08 00 00 00 00 00 00 00 00 00 00 00 00 00 00 00
00 00 00 00 00 00 00 00 00 00 00 00 00 00 00 00 00 00 00 00 00 00 00 00 00 00 00 00
00 00 00 00 00 00 00 00 00 00 00 00 00 00 00 00 00 00 00 00 00 00 00 00 00 00 00 00
