00 00 00 00 00 00 00 00 00 00 00 00 00 00 00 00 00 00 00 00 00 00 00 00 00 00 00 00
00 00 00 00 00 00 00 00 00 00 00 00 00 00 00 00 00 00 00 00 00 00 00 00 00 00 00 00
00 00 00 00 00 00 00 00 00 00 00 00 00 00 00 00 00 00 00 00 00 00 00 00 00 00 00 00
00 00 00 00 00 00 00 00 00 00 00 00 00 00 00 00 00 00 00 00 00 00 00 00 00 00 00 00
00 00 00 00 00 00 00 00 00 00 00 00 00 00 00 00 00 00 00 00 00 00 00 00 00 00 00 00
00 00 00 00 00 00 00 00 00 00 0b 33 33 84 d6 fd ea 33 00 00 00 00 00 00 00 00 00 00
00 00 00 00 00 00 00 00 00 52 d5 fc fd fc fd fc fd 97 00 00 00 00 00 00 00 00 00 00
00 00 00 00 00 00 00 15 ad fd ff fd e0 a2 66 3d 00 00 00 00 00 00 00 00 00 00 00 00
00 00 00 00 00 00 00 b7 fd fc e9 97 14 00 00 00 00 00 00 00 00 00 00 00 00 00 00 00
00 00 00 00 00 00 1f e9 ff fd 3e 00 00 00 00 00 00 00 00 00 00 00 00 00 00 00 00 00
00 00 00 00 00 00 0a d4 fd fc df 7a 00 00 00 00 00 00 00 00 00 00 00 00 00 00 00 00
00 00 00 00 00 00 00 29 d6 fd fe fd c1 33 00 00 00 00 1f 33 33 33 33 1f 00 00 00 00
00 00 00 00 00 00 00 00 0a 5b fd fc fd e8 b7 66 7b cb e9 fc fd fc fd e8 7b 00 00 00
00 00 00 00 00 00 00 00 00 00 15 b7 ea fd fe fd fe fd fe fd fe e9 ff fd ff 32 00 00
00 00 00 00 00 00 00 00 00 00 00 00 33 e8 fd fc fd fc c0 6f 32 1e 32 d4 d5 0a 00 00
00 00 00 00 00 00 00 00 00 00 00 00 71 fd fe fd fe fd 15 00 00 00 00 00 29 00 00 00
00 00 00 00 00 00 00 00 00 00 00 29 e9 fc fd d4 fd fc 66 00 00 00 00 00 00 00 00 00
00 00 00 00 00 00 00 00 00 00 1f e9 fe e9 52 66 fe fd 66 00 00 00 00 00 00 00 00 00
00 00 00 00 00 00 00 00 00 00 5c fc fd 97 00 66 fd fc 66 00 00 00 00 00 00 00 00 00
00 00 00 00 00 00 00 00 00 00 d6 fd fe 97 00 a3 fe fd 66 00 00 00 00 00 00 00 00 00
00 00 00 00 00 00 00 00 00 00 d5 fc fd 97 29 f3 fd fc 66 00 00 00 00 00 00 00 00 00
00 00 00 00 00 00 00 00 00 00 34 fd ff ac d6 fd ff ac 00 00 00 00 00 00 00 00 00 00
00 00 00 00 00 00 00 00 00 00 1f e8 fd fc fd fc fd 32 00 00 00 00 00 00 00 00 00 00
00 00 00 00 00 00 00 00 00 00 00 cc ff fd ff fd 8e 14 00 00 00 00 00 00 00 00 00 00
00 00 00 00 00 00 00 00 00 00 00 28 ac fc e9 6f 00 00 00 00 00 00 00 00 00 00 00 00
00 00 00 00 00 00 00 00 00 00 00 00 00 00 00 00 00 00 00 00 00 00 00 00 00 00 00 00
00 00 00 00 00 00 00 00 00 00 00 00 00 00 00 00 00 00 00 00 00 00 00 00 00 00 00 00
00 00 00 00 00 00 00 00 00 00 00 00 00 00 00 00 00 00 00 00 00 00 00 00 00 00 00 00
