00 00 00 00 00 00 00 00 00 00 00 00 00 00 00 00 00 00 00 00 00 00 00 00 00 00 00 00
00 00 00 00 00 00 00 00 00 00 00 00 00 00 00 00 00 00 00 00 00 00 00 00 00 00 00 00
00 00 00 00 00 00 00 00 00 00 00 00 00 00 00 9f ff 05 00 00 00 00 00 00 00 00 00 00
00 00 00 00 00 00 00 00 00 00 00 00 00 00 40 ed fd 05 00 00 00 00 00 00 00 00 00 00
00 00 00 00 00 00 00 00 00 00 00 00 00 0d cf fd e6 04 00 00 00 00 00 00 00 00 00 00
00 00 00 00 00 00 00 00 00 00 00 00 0c a9 fd fd 6c 00 00 00 00 00 00 00 00 00 00 00
00 00 00 00 00 00 00 00 00 00 00 00 2a fd fd b0 05 00 00 00 00 00 00 00 00 00 00 00
00 00 00 00 00 00 00 00 00 00 00 3c ba fd dd 25 00 00 00 00 00 00 00 00 00 00 00 00
00 00 00 00 00 00 00 00 00 00 03 c5 fd fc 3e 00 00 00 00 00 00 00 00 00 00 00 00 00
00 00 00 00 00 00 00 00 00 00 54 fd f9 79 00 00 00 00 00 00 00 00 00 00 00 00 00 00
00 00 00 00 00 00 00 00 00 12 f4 fd c0 00 00 00 00 00 00 00 00 00 00 00 00 00 00 00
00 00 00 00 00 00 00 00 00 86 fd f8 48 00 00 00 00 00 00 00 00 00 00 00 00 00 00 00
00 00 00 00 00 00 00 00 45 f7 fd 8a 00 00 00 00 00 04 84 3f 00 00 00 00 00 00 00 00
00 00 00 00 00 00 00 00 bc fd fb 46 00 00 00 00 00 9b fd e0 47 00 00 00 00 00 00 00
00 00 00 00 00 00 00 41 f9 fd c3 00 00 00 00 2b 71 fb fd fd d9 18 00 00 00 00 00 00
00 00 00 00 00 00 00 bb fd f8 0d 00 00 00 04 d5 fd fd fd fd fd 35 00 00 00 00 00 00
00 00 00 00 00 00 07 c5 fd 93 00 00 00 07 99 fd fd 6d c0 fd fd 35 00 00 00 00 00 00
00 00 00 00 00 00 2c f1 fd 93 00 00 08 97 fd fd b4 36 d9 fd d3 13 00 00 00 00 00 00
00 00 00 00 00 00 00 bd fd e0 45 00 2a fd fd fd de fc fd fd 67 00 00 00 00 00 00 00
00 00 00 00 00 00 00 96 fd fd fc c9 d2 fd fd fd fd fd fd b1 0f 00 00 00 00 00 00 00
00 00 00 00 00 00 00 0a a6 fd fd fd fd fd fd fd fd f9 54 0c 00 00 00 00 00 00 00 00
00 00 00 00 00 00 00 00 30 87 89 c6 fd fd fd fd c9 13 00 00 00 00 00 00 00 00 00 00
00 00 00 00 00 00 00 00 00 00 00 00 00 00 00 00 00 00 00 00 00 00 00 00 00 00 00 00
00 00 00 00 00 00 00 00 00 00 00 00 00 00 00 00 00 00 00 00 00 00 00 00 00 00 00 00
00 00 00 00 00 00 00 00 00 00 00 00 00 00 00 00 00 00 00 00 00 00 00 00 00 00 00 00
00 00 00 00 00 00 00 00 00 00 00 00 00 00 00 00 00 00 00 00 00 00 00 00 00 00 00 00
00 00 00 00 00 00 00 00 00 00 00 00 00 00 00 00 00 00 00 00 00 00 00 00 00 00 00 00
00 00 00 00 00 00 00 00 00 00 00 00 00 00 00 00 00 00 00 00 00 00 00 00 00 00 00 00
