00 00 00 00 00 00 00 00 00 00 00 00 00 00 00 00 00 00 00 00 00 00 00 00 00 00 00 00
00 00 00 00 00 00 00 00 00 00 00 00 00 00 00 00 00 00 00 00 00 00 00 00 00 00 00 00
00 00 00 00 00 00 00 00 00 00 00 00 00 00 00 00 00 00 00 00 00 00 00 00 00 00 00 00
00 00 00 00 00 00 00 00 00 00 00 00 00 00 00 00 00 00 00 00 00 00 00 00 00 00 00 00
00 00 00 00 00 00 00 00 00 00 00 00 00 00 00 00 00 00 00 00 00 00 00 00 00 00 00 00
00 00 00 00 00 00 00 00 00 00 00 00 00 00 15 76 c8 ff 8a 00 00 00 00 00 00 00 00 00
00 00 00 00 00 00 00 00 00 00 00 00 11 50 e7 fe fe fe c7 00 00 00 00 00 00 00 00 00
00 00 00 00 00 00 00 00 00 00 00 40 e2 fe fe ca ca fe 95 00 00 00 00 00 00 00 00 00
00 00 00 00 00 00 00 00 00 39 94 fb fe cd 80 07 84 fe 98 00 00 00 00 00 00 00 00 00
00 00 00 00 00 00 00 3c bf fd fb c5 4e 07 00 33 f7 d9 18 00 00 00 00 00 00 00 00 00
00 00 00 00 00 00 00 69 8e a7 4f 00 00 00 00 b1 fe 6c 00 00 00 00 00 00 00 00 00 00
00 00 00 00 00 00 00 28 00 00 00 00 00 00 87 fd b7 03 00 00 00 00 00 00 00 00 00 00
00 00 00 00 00 00 00 00 00 00 00 00 00 3c f1 e0 2a 00 00 00 00 00 00 00 00 00 00 00
00 00 00 00 00 00 00 00 00 00 00 00 00 b6 fe 4f 00 00 00 00 00 00 00 00 00 00 00 00
00 00 00 00 00 00 00 00 00 00 00 00 7c fb bd 06 00 00 00 00 00 00 00 00 00 00 00 00
00 00 00 00 00 00 00 00 00 00 00 2c f9 f0 2b 00 00 05 07 07 05 00 00 00 00 00 00 00
00 00 00 00 00 00 00 00 00 00 11 e7 fe 49 00 2c 77 c5 d1 ce c8 2d 00 00 00 00 00 00
00 00 00 00 00 00 00 00 00 00 81 fe b1 7f ce f6 fe f0 d2 e4 fe e5 20 00 00 00 00 00
00 00 00 00 00 00 00 00 00 32 f6 fe fe fe f7 bd 46 25 00 16 8f fd d3 26 00 00 00 00
00 00 00 00 00 00 00 00 00 b5 fe fe ef 8a 1a 00 00 00 00 00 00 b0 fe 88 08 00 00 00
00 00 00 00 00 00 00 00 62 fd fa b6 16 00 00 00 00 00 00 00 00 04 88 fe 5e 00 00 00
00 00 00 00 00 00 00 3d ef fc 75 00 00 00 00 00 00 00 00 00 00 00 02 90 e4 18 00 00
00 00 00 00 00 00 11 c3 fe 6d 00 00 00 00 00 00 00 00 00 00 00 00 00 00 00 00 00 00
00 00 00 00 00 00 94 fe 9f 01 00 00 00 00 00 00 00 00 00 00 00 00 00 00 00 00 00 00
00 00 00 00 00 00 9e c3 11 00 00 00 00 00 00 00 00 00 00 00 00 00 00 00 00 00 00 00
00 00 00 00 00 00 00 00 00 00 00 00 00 00 00 00 00 00 00 00 00 00 00 00 00 00 00 00
00 00 00 00 00 00 00 00 00 00 00 00 00 00 00 00 00 00 00 00 00 00 00 00 00 00 00 00
00 00 00 00 00 00 00 00 00 00 00 00 00 00 00 00 00 00 00 00 00 00 00 00 00 00 00 00
