00 00 00 00 00 00 00 00 00 00 00 00 00 00 00 00 00 00 00 00 00 00 00 00 00 00 00 00
00 00 00 00 00 00 00 00 00 00 00 00 00 00 00 00 00 00 00 00 00 00 00 00 00 00 00 00
00 00 00 00 00 00 00 00 00 00 00 00 00 00 00 00 00 00 00 00 00 00 00 00 00 00 00 00
00 00 00 00 00 00 00 00 00 00 00 00 00 00 00 00 00 00 00 00 00 00 00 00 00 00 00 00
00 00 00 00 00 00 00 00 00 00 00 00 00 00 00 00 00 00 00 00 00 00 00 00 00 00 00 00
00 00 00 00 00 00 00 00 00 00 00 00 00 00 1e 5b 9a ff fe 7a 5b 5b 26 00 00 00 00 00
00 00 00 00 00 00 00 00 00 00 00 00 05 11 c8 fd fd fd fd fd fd fd d3 0b 00 00 00 00
00 00 00 00 00 00 00 00 00 00 00 00 87 fd fd fd fd fd fd fd fd e5 92 09 00 00 00 00
00 00 00 00 00 00 00 00 00 00 07 7c f8 fd fd e6 9c 38 38 38 38 2c 00 00 00 00 00 00
00 00 00 00 00 00 00 00 00 00 32 fd fd fd d5 2a 00 00 00 00 00 00 00 00 00 00 00 00
00 00 00 00 00 00 00 00 07 32 c3 fd fd de 1f 00 00 00 00 00 00 00 00 00 00 00 00 00
00 00 00 00 00 00 00 00 21 fd fd fd d9 2c 00 00 00 00 00 00 00 00 00 00 00 00 00 00
00 00 00 00 00 00 00 00 4c fd fd fd cc 42 2d 00 00 00 00 00 00 00 00 00 00 00 00 00
00 00 00 00 00 00 00 42 e7 fd fd fd fd fd dd 9c 9c 9c 56 00 00 00 00 00 00 00 00 00
00 00 00 00 00 00 11 f9 fd fd fd fd fd fd fd fd fd fd fa dc 28 00 00 00 00 00 00 00
00 00 00 00 00 00 11 fd fd fd fd fd fd fd fd fd fd fd fd fd 7a 00 00 00 00 00 00 00
00 00 00 00 00 00 11 fd fd fd ea 9a 9a 9a 9a 9a c1 fd fd fd 7a 00 00 00 00 00 00 00
00 00 00 00 00 00 05 41 41 41 34 00 00 00 00 00 63 fd fd fd 7a 00 00 00 00 00 00 00
00 00 00 00 00 00 00 00 00 00 00 00 00 00 00 4f a9 fd fd ea 43 00 00 00 00 00 00 00
00 00 00 00 00 00 00 00 00 15 22 00 00 00 5e ee fd fd ea 47 00 00 00 00 00 00 00 00
00 00 00 00 00 00 00 00 12 be cb 00 00 52 fa fd fd fd 8a 00 00 00 00 00 00 00 00 00
00 00 00 00 00 00 00 00 21 fd f7 83 65 f1 fd fd fd c2 12 00 00 00 00 00 00 00 00 00
00 00 00 00 00 00 00 00 0e b1 fd fd fd fd fd fd c3 1b 00 00 00 00 00 00 00 00 00 00
00 00 00 00 00 00 00 00 00 58 c1 fd fd fd fd c5 0a 00 00 00 00 00 00 00 00 00 00 00
00 00 00 00 00 00 00 00 00 00 12 b3 fd fd 5e 1d 00 00 00 00 00 00 00 00 00 00 00 00
00 00 00 00 00 00 00 00 00 00 00 00 00 00 00 00 00 00 00 00 00 00 00 00 00 00 00 00
00 00 00 00 00 00 00 00 00 00 00 00 00 00 00 00 00 00 00 00 00 00 00 00 00 00 00 00
00 00 00 00 00 00 00 00 00 00 00 00 00 00 00 00 00 00 00 00 00 00 00 00 00 00 00 00
