00 00 00 00 00 00 00 00 00 00 00 00 00 00 00 00 00 00 00 00 00 00 00 00 00 00 00 00
00 00 00 00 00 00 00 00 00 00 00 00 00 00 00 00 00 00 00 00 00 00 00 00 00 00 00 00
00 00 00 00 00 00 00 00 00 00 00 00 00 00 00 00 00 00 00 00 00 00 00 00 00 00 00 00
00 00 00 00 00 00 00 00 00 00 00 00 00 00 00 00 00 00 00 00 00 00 00 00 00 00 00 00
00 00 00 00 00 00 00 00 00 00 00 00 00 00 00 00 00 00 00 00 00 00 00 00 00 00 00 00
00 00 00 00 00 00 00 00 00 00 00 00 00 00 00 00 00 00 00 00 00 00 00 00 00 00 00 00
00 00 00 00 00 00 00 00 00 00 00 00 00 00 00 00 00 00 00 00 00 00 00 00 00 00 00 00
00 00 00 00 00 00 00 00 00 00 00 00 00 37 61 b2 fe fe ff b8 0c 00 00 00 00 00 00 00
00 00 00 00 00 00 03 0b 4f 6e 8f d1 d1 fd fd fd f9 f3 fc fd 14 00 00 00 00 00 00 00
00 00 00 00 00 03 98 fd fd fd fd fd fd d7 bc a5 31 12 e8 fd 14 00 00 00 00 00 00 00
00 00 00 00 00 59 fd fd f0 8f 85 28 22 0e 00 00 08 c4 fd b8 03 00 00 00 00 00 00 00
00 00 00 00 00 04 8f 83 19 00 00 00 00 00 00 00 2d fd fd 6a 00 00 00 00 00 00 00 00
00 00 00 00 00 00 00 00 00 00 00 00 00 00 00 00 7f fd e5 25 00 00 00 00 00 00 00 00
00 00 00 00 00 00 00 00 00 00 00 00 00 00 00 15 e4 fd 60 00 00 00 00 00 00 00 00 00
00 00 00 00 00 00 00 00 00 00 00 00 00 00 00 3c fd fd 1d 00 00 00 00 00 00 00 00 00
00 00 00 00 00 00 00 2d 86 54 20 5f 5f 5f 5f ab fd fd 72 5f 5f 5f 29 00 00 00 00 00
00 00 00 00 00 00 00 c6 fd fd fb fd fd fd fd fd fd fd fd fd fd fd 6d 00 00 00 00 00
00 00 00 00 00 00 00 47 94 94 94 cc f8 f8 fb fd fd fa f8 d1 c3 94 19 00 00 00 00 00
00 00 00 00 00 00 00 00 00 00 00 00 00 00 69 fd f4 20 00 00 00 00 00 00 00 00 00 00
00 00 00 00 00 00 00 00 00 00 00 00 00 00 96 fd e9 00 00 00 00 00 00 00 00 00 00 00
00 00 00 00 00 00 00 00 00 00 00 00 00 22 ed fd 49 00 00 00 00 00 00 00 00 00 00 00
00 00 00 00 00 00 00 00 00 00 00 00 00 64 fd e0 14 00 00 00 00 00 00 00 00 00 00 00
00 00 00 00 00 00 00 00 00 00 00 00 00 95 fd c1 00 00 00 00 00 00 00 00 00 00 00 00
00 00 00 00 00 00 00 00 00 00 00 00 0e f3 fd 59 00 00 00 00 00 00 00 00 00 00 00 00
00 00 00 00 00 00 00 00 00 00 00 00 5f fd f8 00 00 00 00 00 00 00 00 00 00 00 00 00
00 00 00 00 00 00 00 00 00 00 00 00 bf fd bf 00 00 00 00 00 00 00 00 00 00 00 00 00
00 00 00 00 00 00 00 00 00 00 00 00 4f fc 94 00 00 00 00 00 00 00 00 00 00 00 00 00
00 00 00 00 00 00 00 00 00 00 00 00 00 00 00 00 00 00 00 00 00 00 00 00 00 00 00 00
