00 00 00 00 00 00 00 00 00 00 00 00 00 00 00 00 00 00 00 00 00 00 00 00 00 00 00 00
00 00 00 00 00 00 00 00 00 00 00 00 00 00 00 00 00 00 00 00 00 00 00 00 00 00 00 00
00 00 00 00 00 00 00 00 00 00 00 00 00 00 00 84 ff e1 0c 00 00 00 00 00 00 00 00 00
00 00 00 00 00 00 00 00 00 00 00 00 00 03 80 f6 b7 80 2e 00 00 00 00 00 00 00 00 00
00 00 00 00 00 00 00 00 00 00 00 00 00 5b fe 86 00 00 00 00 00 00 00 00 00 00 00 00
00 00 00 00 00 00 00 00 00 00 00 00 36 eb cc 07 00 00 00 00 00 00 00 00 00 00 00 00
00 00 00 00 00 00 00 00 00 00 00 00 9e fc 78 00 00 00 00 00 00 00 00 00 00 00 00 00
00 00 00 00 00 00 00 00 00 00 00 3f fb a5 00 00 00 00 00 00 00 00 00 00 00 00 00 00
00 00 00 00 00 00 00 00 00 00 00 6b fe 8a 00 00 00 00 00 00 00 00 00 00 00 00 00 00
00 00 00 00 00 00 00 00 00 00 00 b6 e5 28 00 00 00 00 00 00 00 00 00 00 00 00 00 00
00 00 00 00 00 00 00 00 00 00 11 e8 85 00 00 00 00 00 00 00 00 00 00 00 00 00 00 00
00 00 00 00 00 00 00 00 00 00 85 fe 69 00 00 00 00 00 00 00 00 00 00 00 00 00 00 00
00 00 00 00 00 00 00 00 00 00 d8 fe 1b 00 00 00 00 00 00 00 00 00 00 00 00 00 00 00
00 00 00 00 00 00 00 00 00 12 e3 c2 03 00 00 00 00 00 00 1e 00 00 00 00 00 00 00 00
00 00 00 00 00 00 00 00 00 3a fe 73 00 00 00 00 19 8b 9b f2 eb 80 00 00 00 00 00 00
00 00 00 00 00 00 00 00 00 3a fe 4b 00 00 00 53 e0 fb 9b 98 fe d3 00 00 00 00 00 00
00 00 00 00 00 00 00 00 00 3a fe 68 00 00 52 f9 d9 3c 00 25 fe 78 00 00 00 00 00 00
00 00 00 00 00 00 00 00 00 3a fe 48 00 12 f7 9f 0e 00 07 c9 fe 45 00 00 00 00 00 00
00 00 00 00 00 00 00 00 00 23 ef 93 01 05 9b 48 00 04 c1 fd 7a 06 00 00 00 00 00 00
00 00 00 00 00 00 00 00 00 00 d8 fe 61 00 00 0d 49 e1 fe 79 00 00 00 00 00 00 00 00
00 00 00 00 00 00 00 00 00 00 4f f4 f8 e2 e2 e7 fe f3 73 06 00 00 00 00 00 00 00 00
00 00 00 00 00 00 00 00 00 00 00 72 b1 fe fe eb 98 2b 00 00 00 00 00 00 00 00 00 00
00 00 00 00 00 00 00 00 00 00 00 00 00 00 00 00 00 00 00 00 00 00 00 00 00 00 00 00
00 00 00 00 00 00 00 00 00 00 00 00 00 00 00 00 00 00 00 00 00 00 00 00 00 00 00 00
00 00 00 00 00 00 00 00 00 00 00 00 00 00 00 00 00 00 00 00 00 00 00 00 00 00 00 00
00 00 00 00 00 00 00 00 00 00 00 00 00 00 00 00 00 00 00 00 00 00 00 00 00 00 00 00
00 00 00 00 00 00 00 00 00 00 00 00 00 00 00 00 00 00 00 00 00 00 00 00 00 00 00 00
00 00 00 00 00 00 00 00 00 00 00 00 00 00 00 00 00 00 00 00 00 00 00 00 00 00 00 00
