00 00 00 00 00 00 00 00 00 00 00 00 00 00 00 00 00 00 00 00 00 00 00 00 00 00 00 00
00 00 00 00 00 00 00 00 00 00 00 00 00 00 00 00 00 00 00 00 00 00 00 00 00 00 00 00
00 00 00 00 00 00 00 00 00 00 00 00 00 00 00 00 00 00 00 00 00 00 00 00 00 00 00 00
00 00 00 00 00 00 00 00 00 00 00 00 00 00 00 00 00 00 00 00 00 00 00 00 00 00 00 00
00 00 00 00 00 00 00 00 00 00 00 00 39 ff fd c6 55 00 00 00 00 00 00 00 00 00 00 00
00 00 00 00 00 00 00 00 00 00 00 00 a8 fd fb fd fb a9 38 00 00 00 00 00 00 00 00 00
00 00 00 00 00 00 00 00 00 00 00 56 fd fe fd fe fd fe fd 39 00 00 00 00 00 00 00 00
00 00 00 00 00 00 00 00 00 00 00 c5 fb fd fb fd fb fd fb e1 38 00 00 00 00 00 00 00
00 00 00 00 00 00 00 00 00 00 a9 ff fd e2 38 00 72 fe fd fe 54 00 00 00 00 00 00 00
00 00 00 00 00 00 00 00 00 39 e0 fd fb 38 00 00 00 8b fb fd 53 00 00 00 00 00 00 00
00 00 00 00 00 00 00 00 00 8d fd ff 54 00 00 00 00 39 e1 fe c4 00 00 00 00 00 00 00
00 00 00 00 00 00 00 00 00 fd fb fd 53 00 00 00 00 00 a8 fd 53 00 00 00 00 00 00 00
00 00 00 00 00 00 00 00 a9 fe fd a9 00 00 00 00 00 00 a9 fe fd a9 00 00 00 00 00 00
00 00 00 00 00 00 00 00 a8 fd fb 38 00 00 00 00 00 00 a8 fd fb 38 00 00 00 00 00 00
00 00 00 00 00 00 00 00 a9 fe 54 00 00 00 00 00 00 00 00 fe fd 00 00 00 00 00 00 00
00 00 00 00 00 00 00 00 a8 fd 53 00 00 00 00 00 00 00 00 fd fb 00 00 00 00 00 00 00
00 00 00 00 00 00 00 1d c5 fe 54 00 00 00 00 00 00 00 a9 fe c4 00 00 00 00 00 00 00
00 00 00 00 00 00 00 55 fb fd 53 00 00 00 00 00 00 39 e0 fd 53 00 00 00 00 00 00 00
00 00 00 00 00 00 00 39 e1 fe 8b 00 00 00 00 00 39 8d fd fe 54 00 00 00 00 00 00 00
00 00 00 00 00 00 00 00 a8 fd fb a9 38 00 72 a9 e0 fd fb fd 53 00 00 00 00 00 00 00
00 00 00 00 00 00 00 00 a9 fe fd fe fd fe fd fe fd fe fd e2 38 00 00 00 00 00 00 00
00 00 00 00 00 00 00 00 38 fd fb fd fb fd fb fd fb fd fb 38 00 00 00 00 00 00 00 00
00 00 00 00 00 00 00 00 00 a9 e1 fe fd fe fd fe fd e2 38 00 00 00 00 00 00 00 00 00
00 00 00 00 00 00 00 00 00 00 38 fd fb fd fb 54 53 38 00 00 00 00 00 00 00 00 00 00
00 00 00 00 00 00 00 00 00 00 00 00 00 00 00 00 00 00 00 00 00 00 00 00 00 00 00 00
00 00 00 00 00 00 00 00 00 00 00 00 00 00 00 00 00 00 00 00 00 00 00 00 00 00 00 00
00 00 00 00 00 00 00 00 00 00 00 00 00 00 00 00 00 00 00 00 00 00 00 00 00 00 00 00
00 00 00 00 00 00 00 00 00 00 00 00 00 00 00 00 00 00 00 00 00 00 00 00 00 00 00 00
