00 00 00 00 00 00 00 00 00 00 00 00 00 00 00 00 00 00 00 00 00 00 00 00 00 00 00 00
00 00 00 00 00 00 00 00 00 00 00 00 00 00 00 00 00 00 00 00 00 00 00 00 00 00 00 00
00 00 00 00 00 00 00 00 00 00 00 00 00 00 00 00 00 00 00 00 00 00 00 00 00 00 00 00
00 00 00 00 00 00 00 00 00 00 00 00 00 00 00 00 00 00 00 00 54 ff f8 00 00 00 00 00
00 00 00 00 00 00 00 00 00 00 00 00 00 00 00 00 00 00 00 00 96 fd ba 00 00 00 00 00
00 00 00 00 00 00 00 00 00 00 00 00 00 00 00 00 00 00 00 00 96 f1 06 00 00 00 00 00
00 00 00 00 00 00 00 00 00 00 00 00 00 00 00 00 00 00 00 4f f6 f0 00 00 00 00 00 00
00 00 00 00 00 00 00 00 00 00 00 00 00 00 00 00 00 00 1e f4 fd f0 00 00 00 00 00 00
00 00 00 00 00 00 00 00 00 00 00 00 00 00 00 00 00 00 21 fd fd 7f 00 00 00 00 00 00
00 00 00 00 00 00 00 00 00 00 1d c0 9a 00 00 00 00 00 4d fd f7 4a 00 00 00 00 00 00
00 00 00 00 00 00 00 00 00 00 7e fd b5 00 00 00 00 0d bf fd c1 00 00 00 00 00 00 00
00 00 00 00 00 00 00 00 1c 78 f6 e7 3f 00 00 00 00 8f fd fd 68 00 00 00 00 00 00 00
00 00 00 00 00 00 00 1b cd fd e7 3f 00 00 00 00 2e bf fd c7 18 00 00 00 00 00 00 00
00 00 00 00 00 00 1a 8b fd fd 8a 00 00 00 00 00 b0 fd f6 4b 00 00 00 00 00 00 00 00
00 00 00 00 00 00 51 f4 fd fd 53 25 00 00 00 0b c0 fd ed 32 00 00 00 00 00 00 00 00
00 00 00 00 00 2d f4 fd fd fd fd e5 b0 b0 b0 c0 fd fd d6 32 00 00 00 00 00 00 00 00
00 00 00 00 00 b5 fd fd fd e9 fd fd fd fd fd fd fd f7 8f 00 00 00 00 00 00 00 00 00
00 00 00 00 00 59 93 dd 68 2c 5b 5b 80 dd f5 fd fd c5 00 00 00 00 00 00 00 00 00 00
00 00 00 00 00 00 00 00 00 00 00 00 00 15 c4 fd eb 4c 00 00 00 00 00 00 00 00 00 00
00 00 00 00 00 00 00 00 00 00 00 00 00 c4 fd fd 9a 00 00 00 00 00 00 00 00 00 00 00
00 00 00 00 00 00 00 00 00 00 00 00 29 e4 fd fd 85 00 00 00 00 00 00 00 00 00 00 00
00 00 00 00 00 00 00 00 00 00 00 00 48 fd fd fd 4e 00 00 00 00 00 00 00 00 00 00 00
00 00 00 00 00 00 00 00 00 00 00 00 48 fd fd e2 26 00 00 00 00 00 00 00 00 00 00 00
00 00 00 00 00 00 00 00 00 00 00 00 00 00 00 00 00 00 00 00 00 00 00 00 00 00 00 00
00 00 00 00 00 00 00 00 00 00 00 00 00 00 00 00 00 00 00 00 00 00 00 00 00 00 00 00
00 00 00 00 00 00 00 00 00 00 00 00 00 00 00 00 00 00 00 00 00 00 00 00 00 00 00 00
00 00 00 00 00 00 00 00 00 00 00 00 00 00 00 00 00 00 00 00 00 00 00 00 00 00 00 00
00 00 00 00 00 00 00 00 00 00 00 00 00 00 00 00 00 00 00 00 00 00 00 00 00 00 00 00
