00 00 00 00 00 00 00 00 00 00 00 00 00 00 00 00 00 00 00 00 00 00 00 00 00 00 00 00
00 00 00 00 00 00 00 00 00 00 00 00 00 00 00 00 00 00 00 00 00 00 00 00 00 00 00 00
00 00 00 00 00 00 00 00 00 00 00 00 00 00 00 00 00 00 00 00 00 00 00 00 00 00 00 00
00 00 00 00 00 00 00 00 00 00 00 00 00 00 00 00 00 00 00 00 00 00 00 00 00 00 00 00
00 00 00 00 00 00 00 00 00 00 00 00 00 5c fe fe fe ff fe fe a8 36 00 00 00 00 00 00
00 00 00 00 00 00 00 00 00 00 00 00 2d f6 fd fd fd fd fd fd fd a8 00 00 00 00 00 00
00 00 00 00 00 00 00 00 00 00 00 26 c9 fd fd d8 7a 28 d0 fd fd 89 00 00 00 00 00 00
00 00 00 00 00 00 00 00 00 00 00 00 47 b7 3d 1f 00 12 d3 fd f9 5b 00 00 00 00 00 00
00 00 00 00 00 00 00 00 00 00 00 00 00 00 00 00 0f 6a fd f8 c9 00 00 00 00 00 00 00
00 00 00 00 00 00 00 00 00 00 00 00 00 00 01 0e 38 eb fd ea 34 00 00 00 00 00 00 00
00 00 00 00 00 00 00 00 00 00 00 00 00 00 04 ba fd fd fd d4 00 00 00 00 00 00 00 00
00 00 00 00 00 00 00 00 00 00 00 00 51 c8 f8 fa fd d9 23 05 00 00 00 00 00 00 00 00
00 00 00 00 00 00 00 00 00 00 00 3e f6 fd fd fd fd 61 00 00 00 00 00 00 00 00 00 00
00 00 00 00 00 00 00 00 00 00 00 33 eb fd fd fd fd c1 0f 00 00 00 00 00 00 00 00 00
00 00 00 00 00 00 00 00 00 00 00 00 32 44 44 86 e1 fd 9a 00 00 00 00 00 00 00 00 00
00 00 00 00 00 00 00 00 00 00 00 00 00 00 00 00 68 fd bf 00 00 00 00 00 00 00 00 00
00 00 00 00 00 00 00 00 00 00 00 00 00 00 00 04 6c fd e2 2b 00 00 00 00 00 00 00 00
00 00 00 00 00 00 00 00 00 00 00 00 00 00 04 bb fd fd 9b 27 00 00 00 00 00 00 00 00
00 00 00 28 68 19 00 00 00 00 00 00 00 0c b6 fd fd db 20 00 00 00 00 00 00 00 00 00
00 00 27 de fd 3d 00 00 00 00 00 00 3d b0 fd fd db 29 00 00 00 00 00 00 00 00 00 00
00 00 76 fd fd 6c 1d 19 00 00 16 64 ef fd fd fd 2a 00 00 00 00 00 00 00 00 00 00 00
00 00 c0 fd fd fd d5 d1 b3 b3 cd fd fd f9 d0 4b 04 00 00 00 00 00 00 00 00 00 00 00
00 00 2c de e8 f8 fd fd fd fd fd fd d4 55 00 00 00 00 00 00 00 00 00 00 00 00 00 00
00 00 00 00 00 59 74 74 74 74 74 74 1f 00 00 00 00 00 00 00 00 00 00 00 00 00 00 00
00 00 00 00 00 00 00 00 00 00 00 00 00 00 00 00 00 00 00 00 00 00 00 00 00 00 00 00
00 00 00 00 00 00 00 00 00 00 00 00 00 00 00 00 00 00 00 00 00 00 00 00 00 00 00 00
00 00 00 00 00 00 00 00 00 00 00 00 00 00 00 00 00 00 00 00 00 00 00 00 00 00 00 00
00 00 00 00 00 00 00 00 00 00 00 00 00 00 00 00 00 00 00 00 00 00 00 00 00 00 00 00
