00 00 00 00 00 00 00 00 00 00 00 00 00 00 00 00 00 00 00 00 00 00 00 00 00 00 00 00
00 00 00 00 00 00 00 00 00 00 00 00 00 00 00 00 00 00 00 00 00 00 00 00 00 00 00 00
00 00 00 00 00 00 00 00 00 00 00 00 00 00 00 00 00 00 00 00 00 00 00 00 00 00 00 00
00 00 00 00 00 00 00 00 00 00 00 00 00 00 00 00 00 00 00 00 00 00 00 00 00 00 00 00
00 00 00 00 00 00 00 00 00 00 00 00 00 00 0c 69 e0 ff f7 16 00 00 00 00 00 00 00 00
00 00 00 00 00 00 00 00 00 00 00 00 00 00 83 fe fe f3 fc 4c 00 00 00 00 00 00 00 00
00 00 00 00 00 00 00 00 00 00 00 00 00 83 e1 fe e0 30 88 00 00 00 00 00 00 00 00 00
00 00 00 00 00 00 00 00 00 00 00 0d 6d fc fe fe fe c5 4c 00 00 00 00 00 00 00 00 00
00 00 00 00 00 00 00 00 00 00 09 b5 fe fe f0 e5 ed fe fc 98 15 00 00 00 00 00 00 00
00 00 00 00 00 00 00 00 00 09 8f fe fe e2 24 00 16 8a fe fe bc 00 00 00 00 00 00 00
00 00 00 00 00 00 00 00 0d b5 fe fe fa 40 00 00 00 02 35 ec fc 83 00 00 00 00 00 00
00 00 00 00 00 00 00 00 66 fe fe fe 6f 00 00 00 00 00 00 38 f3 fb 2a 00 00 00 00 00
00 00 00 00 00 00 00 1e ba fe fe ce 1d 00 00 00 00 00 00 00 c7 fe 5b 00 00 00 00 00
00 00 00 00 00 00 00 5c fe fe ed 0d 00 00 00 00 00 00 00 00 86 fe 5b 00 00 00 00 00
00 00 00 00 00 00 00 85 fe fe 7e 00 00 00 00 00 00 00 00 00 86 fa 11 00 00 00 00 00
00 00 00 00 00 00 00 bb fe ed 17 00 00 00 00 00 00 00 00 00 c8 b7 00 00 00 00 00 00
00 00 00 00 00 00 00 bb fe d5 00 00 00 00 00 00 00 00 02 86 fc 65 00 00 00 00 00 00
00 00 00 00 00 00 00 b7 fe 85 00 00 00 00 00 00 00 00 0e fe ea 22 00 00 00 00 00 00
00 00 00 00 00 00 00 5c fe a1 00 00 00 00 00 00 00 54 cc fe 38 00 00 00 00 00 00 00
00 00 00 00 00 00 00 5c fe e5 00 00 00 00 00 00 55 fc fc bc 0b 00 00 00 00 00 00 00
00 00 00 00 00 00 00 38 fc e5 00 00 00 00 03 35 eb fd a6 00 00 00 00 00 00 00 00 00
00 00 00 00 00 00 00 00 e0 f5 82 44 44 86 d6 fe fe 9f 00 00 00 00 00 00 00 00 00 00
00 00 00 00 00 00 00 00 8d fe fe fe fe fe fe e9 5f 03 00 00 00 00 00 00 00 00 00 00
00 00 00 00 00 00 00 00 0e 98 fe fe fe ba 9d 35 00 00 00 00 00 00 00 00 00 00 00 00
00 00 00 00 00 00 00 00 00 00 00 00 00 00 00 00 00 00 00 00 00 00 00 00 00 00 00 00
00 00 00 00 00 00 00 00 00 00 00 00 00 00 00 00 00 00 00 00 00 00 00 00 00 00 00 00
00 00 00 00 00 00 00 00 00 00 00 00 00 00 00 00 00 00 00 00 00 00 00 00 00 00 00 00
00 00 00 00 00 00 00 00 00 00 00 00 00 00 00 00 00 00 00 00 00 00 00 00 00 00 00 00
