00 00 00 00 00 00 00 00 00 00 00 00 00 00 00 00 00 00 00 00 00 00 00 00 00 00 00 00
00 00 00 00 00 00 00 00 00 00 00 00 00 00 00 00 00 00 00 00 00 00 00 00 00 00 00 00
00 00 00 00 00 00 00 00 00 00 00 00 00 00 00 00 00 00 00 00 00 00 00 00 00 00 00 00
00 00 00 00 00 00 00 00 00 00 00 00 00 00 00 00 00 00 00 00 00 00 00 00 00 00 00 00
00 00 00 00 00 00 00 00 00 00 00 00 00 00 00 00 00 00 00 00 00 00 00 00 00 00 00 00
00 00 00 00 00 00 00 00 00 00 00 00 00 00 00 00 00 00 00 00 00 00 00 00 00 00 00 00
00 00 00 00 00 00 00 00 00 00 00 09 38 73 9d e8 9b 59 07 00 00 00 00 00 00 00 00 00
00 00 00 00 00 00 00 00 00 06 54 d4 fb f4 cb a8 cd f4 d6 42 00 00 00 00 00 00 00 00
00 00 00 00 00 00 00 00 00 c3 fe cb 38 00 00 00 00 00 c8 ae 00 00 00 00 00 00 00 00
00 00 00 00 00 00 00 12 bd f1 80 10 00 00 00 00 00 00 7e d4 41 00 00 00 00 00 00 00
00 00 00 00 00 00 00 96 fe 38 00 00 00 00 00 00 00 00 c2 fe be 00 00 00 00 00 00 00
00 00 00 00 00 00 3c fb 87 03 00 00 00 00 00 00 00 58 f0 f5 42 00 00 00 00 00 00 00
00 00 00 00 00 00 42 fe 50 00 00 00 00 00 00 00 2d e8 fe ae 00 00 00 00 00 00 00 00
00 00 00 00 00 00 42 fe 50 00 00 00 00 00 01 40 e7 fe fe ae 00 00 00 00 00 00 00 00
00 00 00 00 00 00 42 fe 50 00 00 00 00 00 51 fe a8 be fe ae 00 00 00 00 00 00 00 00
00 00 00 00 00 00 02 c9 de 22 00 1c 58 d1 fd 8d 11 aa fe 74 00 00 00 00 00 00 00 00
00 00 00 00 00 00 00 77 fe e5 cd e8 fd e6 6c 00 00 aa fe 4b 00 00 00 00 00 00 00 00
00 00 00 00 00 00 00 08 a3 c2 da b2 3c 00 00 00 00 aa fe 4b 00 00 00 00 00 00 00 00
00 00 00 00 00 00 00 00 00 00 10 00 00 00 00 00 00 aa fe 4b 00 00 00 00 00 00 00 00
00 00 00 00 00 00 00 00 00 00 00 00 00 00 00 00 0b e3 fe 4b 00 00 00 00 00 00 00 00
00 00 00 00 00 00 00 00 00 00 00 00 00 00 00 00 10 fe e8 09 00 00 00 00 00 00 00 00
00 00 00 00 00 00 00 00 00 00 00 00 00 00 00 00 57 fe c6 00 00 00 00 00 00 00 00 00
00 00 00 00 00 00 00 00 00 00 00 00 00 00 00 00 a8 fe 81 00 00 00 00 00 00 00 00 00
00 00 00 00 00 00 00 00 00 00 00 00 00 00 00 00 d7 fe 81 00 00 00 00 00 00 00 00 00
00 00 00 00 00 00 00 00 00 00 00 00 00 00 00 00 d7 fe 49 00 00 00 00 00 00 00 00 00
00 00 00 00 00 00 00 00 00 00 00 00 00 00 00 00 d7 fe 45 00 00 00 00 00 00 00 00 00
00 00 00 00 00 00 00 00 00 00 00 00 00 00 00 00 00 00 00 00 00 00 00 00 00 00 00 00
00 00 00 00 00 00 00 00 00 00 00 00 00 00 00 00 00 00 00 00 00 00 00 00 00 00 00 00
