00 00 00 00 00 00 00 00 00 00 00 00 00 00 00 00 00 00 00 00 00 00 00 00 00 00 00 00
00 00 00 00 00 00 00 00 00 00 00 00 00 00 00 00 00 00 00 00 00 00 00 00 00 00 00 00
00 00 00 00 00 00 00 00 00 00 00 00 00 00 00 00 00 00 00 00 00 00 00 00 00 00 00 00
00 00 00 00 00 00 00 00 00 00 00 00 00 00 00 00 00 00 00 00 00 00 00 00 00 00 00 00
00 00 00 00 00 00 00 00 00 00 00 00 00 59 60 fe fe fe ff fe d9 5b 06 00 00 00 00 00
00 00 00 00 00 00 00 00 00 00 00 3a b4 fb fd fd fd fd f0 f5 fd fd 1a 00 00 00 00 00
00 00 00 00 00 00 00 00 00 00 00 e6 fd fd b4 bc ad 92 1c 4d f0 fd b3 00 00 00 00 00
00 00 00 00 00 00 00 00 00 00 00 67 fd dd 47 16 0f 00 00 00 de fd ed 46 00 00 00 00
00 00 00 00 00 00 00 00 00 00 00 22 81 04 00 00 00 00 00 41 ed fd fd 59 00 00 00 00
00 00 00 00 00 00 00 00 00 00 00 00 00 00 00 00 00 00 09 9b fd fd be 0e 00 00 00 00
00 00 00 00 00 00 00 00 00 00 00 00 00 00 00 00 00 00 83 fd fd fd 59 00 00 00 00 00
00 00 00 00 00 00 00 00 00 00 00 00 00 00 00 00 00 00 cd fd fd fd 0f 00 00 00 00 00
00 00 00 00 00 00 00 00 00 00 00 00 00 00 00 00 00 48 eb fd fd a2 06 00 00 00 00 00
00 00 00 00 00 00 00 00 00 00 00 00 00 00 00 00 b8 f9 fd fd 8f 03 00 00 00 00 00 00
00 00 00 00 00 00 00 00 05 09 09 09 09 74 79 ac e8 fd fd f9 1f 00 00 00 00 00 00 00
00 00 00 00 00 00 00 0d ae fd fd fd fd fd fd fd fd fd ad 4b 00 00 00 00 00 00 00 00
00 00 00 00 00 00 0b a1 fd fd fd fd fd fd fd fd fd fd 30 00 00 00 00 00 00 00 00 00
00 00 00 00 00 08 ad fd fd fd bd a8 fd fd fd fd fd fd 30 00 00 00 00 00 00 00 00 00
00 00 00 00 0f a1 fd fd fd fd e3 da fd fd fd fd fd fd 4b 00 00 00 00 00 00 00 00 00
00 00 00 00 5b fd fd fd fd fd fd fd fd fd a3 ad fd fd e9 40 00 00 00 00 00 00 00 00
00 00 00 00 5b fd fd fd fd fd fd ee c3 8e 0a 63 fd fd fd 7a 00 00 00 00 00 00 00 00
00 00 00 00 26 d3 fd fd fd fd ab 4e 00 00 00 63 fd fd fd 7a 00 00 00 00 00 00 00 00
00 00 00 00 00 16 b3 b3 64 0f 07 00 00 00 00 63 fd fd f1 57 00 00 00 00 00 00 00 00
00 00 00 00 00 00 00 00 00 00 00 00 00 00 00 63 fd fd d4 00 00 00 00 00 00 00 00 00
00 00 00 00 00 00 00 00 00 00 00 00 00 00 00 00 00 00 00 00 00 00 00 00 00 00 00 00
00 00 00 00 00 00 00 00 00 00 00 00 00 00 00 00 00 00 00 00 00 00 00 00 00 00 00 00
00 00 00 00 00 00 00 00 00 00 00 00 00 00 00 00 00 00 00 00 00 00 00 00 00 00 00 00
00 00 00 00 00 00 00 00 00 00 00 00 00 00 00 00 00 00 00 00 00 00 00 00 00 00 00 00
