00 00 00 00 00 00 00 00 00 00 00 00 00 00 00 00 00 00 00 00 00 00 00 00 00 00 00 00
00 00 00 00 00 00 00 00 00 00 00 00 00 00 00 00 00 00 00 00 00 00 00 00 00 00 00 00
00 00 00 00 00 00 00 00 00 00 00 00 00 00 00 00 00 00 00 00 00 00 00 00 00 00 00 00
00 00 00 00 00 00 00 00 00 00 00 00 00 00 00 00 00 00 00 00 00 00 00 00 00 00 00 00
00 00 00 00 00 00 00 00 0e 50 50 99 fa 50 50 3a 00 00 00 00 00 00 00 00 00 00 00 00
00 00 00 00 00 00 00 00 9a fe fe fe fe fe fe e4 42 00 00 00 00 00 00 00 00 00 00 00
00 00 00 00 00 00 00 00 b2 fe fe fe fe fe fe fe f5 18 00 00 00 00 00 00 00 00 00 00
00 00 00 00 00 00 00 00 14 72 72 72 72 72 ce fe fe 7c 00 00 00 00 00 00 00 00 00 00
00 00 00 00 00 00 00 00 00 00 00 00 02 6a f3 fe fe ab 00 00 00 00 00 00 00 00 00 00
00 00 00 00 00 00 00 00 00 00 00 00 5f fe fe fe fe 19 00 00 00 00 00 00 00 00 00 00
00 00 00 00 00 00 00 00 00 00 00 00 a7 fe fe fe fe a6 00 00 00 00 00 00 00 00 00 00
00 00 00 00 00 00 00 00 00 00 00 00 06 b9 fe fe fe e0 33 00 00 00 00 00 00 00 00 00
00 00 00 00 00 00 00 00 00 00 00 00 00 18 46 46 46 e6 db 26 00 00 00 00 00 00 00 00
00 00 00 00 00 00 00 00 00 00 00 00 00 00 00 00 00 36 fe db 00 00 00 00 00 00 00 00
00 00 00 00 00 00 00 00 00 00 00 00 00 00 00 00 00 36 fe db 00 00 00 00 00 00 00 00
00 00 00 00 00 00 00 00 00 00 00 00 00 00 00 00 00 36 fe fe 88 00 00 00 00 00 00 00
00 00 00 00 00 00 00 00 00 00 00 00 00 00 00 00 00 36 fe fe cf 24 00 00 00 00 00 00
00 00 00 00 00 00 00 00 00 00 00 00 00 00 00 00 00 5b fe fe e7 30 00 00 00 00 00 00
00 00 00 00 00 00 00 00 00 00 00 00 00 00 00 00 4f f3 fe fe 8b 00 00 00 00 00 00 00
00 00 00 00 00 00 00 00 00 00 00 00 00 00 00 3c ed fe fe e1 18 00 00 00 00 00 00 00
00 00 00 00 00 00 1c 34 00 00 00 00 00 28 74 99 fe fe fe 8b 00 00 00 00 00 00 00 00
00 00 00 00 00 00 3e dd c2 c2 c2 c2 c2 d7 fe fe fe d6 3d 0b 00 00 00 00 00 00 00 00
00 00 00 00 00 00 27 d3 fe fe fe fe fe fe fe fe fe 86 00 00 00 00 00 00 00 00 00 00
00 00 00 00 00 00 00 2c e7 fe fe fe fe fe fe cd 4e 08 00 00 00 00 00 00 00 00 00 00
00 00 00 00 00 00 00 00 00 00 00 00 00 00 00 00 00 00 00 00 00 00 00 00 00 00 00 00
00 00 00 00 00 00 00 00 00 00 00 00 00 00 00 00 00 00 00 00 00 00 00 00 00 00 00 00
00 00 00 00 00 00 00 00 00 00 00 00 00 00 00 00 00 00 00 00 00 00 00 00 00 00 00 00
00 00 00 00 00 00 00 00 00 00 00 00 00 00 00 00 00 00 00 00 00 00 00 00 00 00 00 00
