00 00 00 00 00 00 00 00 00 00 00 00 00 00 00 00 00 00 00 00 00 00 00 00 00 00 00 00
00 00 00 00 00 00 00 00 00 00 00 00 00 00 00 00 00 00 00 00 00 00 00 00 00 00 00 00
00 00 00 00 00 00 00 00 00 00 00 00 00 00 00 00 00 00 00 00 00 00 00 00 00 00 00 00
00 00 00 00 00 00 00 00 00 00 00 00 00 00 00 00 44 ab ff 9c 65 12 00 00 00 00 00 00
00 00 00 00 00 00 00 00 00 00 00 00 2b 9a 7e b7 ec fd fd fd fd a7 00 00 00 00 00 00
00 00 00 00 00 00 00 00 00 00 00 4d f4 fd fd fd fd fd fd fd fd c7 00 00 00 00 00 00
00 00 00 00 00 00 00 00 00 00 1f fa fd fd 84 07 07 07 2c dc fd fc 61 00 00 00 00 00
00 00 00 00 00 00 00 00 00 00 1b d6 ee d6 6f 00 00 00 00 a2 fd f5 54 00 00 00 00 00
00 00 00 00 00 00 00 00 00 00 00 00 46 00 00 00 00 00 00 a2 fd c7 00 00 00 00 00 00
00 00 00 00 00 00 00 00 00 00 00 00 00 00 00 00 00 00 6f f8 fd c7 00 00 00 00 00 00
00 00 00 00 00 00 00 00 00 00 00 00 00 00 00 00 00 00 d8 fd fd 57 00 00 00 00 00 00
00 00 00 00 00 00 00 00 00 00 00 00 00 00 00 00 00 3d eb fd c5 16 00 00 00 00 00 00
00 00 00 00 00 00 00 00 00 00 00 00 00 00 00 00 3e f1 fd fb 65 00 00 00 00 00 00 00
00 00 00 00 00 00 00 00 00 00 00 00 00 00 00 07 b1 fd fd f5 00 00 00 00 00 00 00 00
00 00 00 00 00 00 00 00 00 75 7c 7c 7c 7c 7c 9f fd fd fd aa 00 00 00 00 00 00 00 00
00 00 00 00 00 00 00 aa e0 fb f4 b7 f7 fd fd fd fd fd c6 0b 00 00 00 00 00 00 00 00
00 00 00 00 00 09 a6 e9 fd bb 4a 00 89 fd fd fd fd fd bf 00 00 00 00 00 00 00 00 00
00 00 00 00 16 c3 fd eb 89 08 0f 74 f1 fd fd fd fd fd db 2a 00 00 00 00 00 00 00 00
00 00 00 19 bf fd e6 45 22 cf dc fd fd fd df bf e9 fd fd df 00 00 00 00 00 00 00 00
00 00 00 65 fd fd a3 7e d4 fd fd fd fb e7 2f 00 47 f9 fd f5 05 00 00 00 00 00 00 00
00 00 00 65 fd fd fd fd fd fd fd fd 6f 00 00 00 00 74 fd fd bf 14 00 00 00 00 00 00
00 00 00 50 d1 fd fd fd fd ca b4 2d 04 00 00 00 00 74 fd fd fd 2d 00 00 00 00 00 00
00 00 00 00 13 63 63 63 63 06 00 00 00 00 00 00 00 74 fd fd bb 12 00 00 00 00 00 00
00 00 00 00 00 00 00 00 00 00 00 00 00 00 00 00 00 00 00 00 00 00 00 00 00 00 00 00
00 00 00 00 00 00 00 00 00 00 00 00 00 00 00 00 00 00 00 00 00 00 00 00 00 00 00 00
00 00 00 00 00 00 00 00 00 00 00 00 00 00 00 00 00 00 00 00 00 00 00 00 00 00 00 00
00 00 00 00 00 00 00 00 00 00 00 00 00 00 00 00 00 00 00 00 00 00 00 00 00 00 00 00
00 00 00 00 00 00 00 00 00 00 00 00 00 00 00 00 00 00 00 00 00 00 00 00 00 00 00 00
