00 00 00 00 00 00 00 00 00 00 00 00 00 00 00 00 00 00 00 00 00 00 00 00 00 00 00 00
00 00 00 00 00 00 00 00 00 00 00 00 00 00 00 00 00 00 00 00 00 00 00 00 00 00 00 00
00 00 00 00 00 00 00 00 00 00 00 00 00 00 00 00 00 00 00 00 00 00 00 00 00 00 00 00
00 00 00 00 00 00 00 00 00 00 00 00 00 00 00 00 00 00 00 00 00 00 00 00 00 00 00 00
00 00 00 00 00 00 00 00 00 00 00 00 00 00 00 00 00 00 00 00 00 00 00 00 00 00 00 00
00 00 00 00 00 00 00 00 00 00 00 00 00 00 00 00 00 00 00 00 00 00 00 00 00 00 00 00
00 00 00 00 00 00 00 00 00 00 00 00 00 00 00 00 00 00 00 00 04 06 71 73 16 00 00 00
00 00 00 00 00 00 00 00 00 00 00 00 00 03 2c 2c 03 00 3b 98 de fe fe fe bd 00 00 00
00 00 00 00 00 00 00 00 00 00 00 00 00 b3 fe b9 04 1a c8 fe fe fe fe 9b 25 00 00 00
00 00 00 00 00 00 00 00 00 00 00 18 9d fc e5 28 00 00 97 80 1b 1b 1b 13 00 00 00 00
00 00 00 00 00 00 00 00 00 00 05 9e fe f4 4d 00 00 00 00 00 00 00 00 00 00 00 00 00
00 00 00 00 00 00 00 00 00 42 b8 e8 bb 40 00 00 00 00 00 00 00 00 00 00 00 00 00 00
00 00 00 00 00 00 00 00 16 de fe fe ef ea d3 56 11 06 00 00 00 00 00 00 00 00 00 00
00 00 00 00 00 00 00 00 23 f1 fc c8 c8 c8 d4 fe fe 7b 0b 00 00 00 00 00 00 00 00 00
00 00 00 00 00 00 00 00 00 28 34 00 00 00 0c 5d d1 fe 58 00 00 00 00 00 00 00 00 00
00 00 00 00 00 1d 24 00 00 00 00 00 00 00 00 00 42 da 6f 00 00 00 00 00 00 00 00 00
00 00 00 00 00 ac c0 15 00 00 00 00 00 00 00 00 0d da c6 05 00 00 00 00 00 00 00 00
00 00 00 00 00 41 ba d2 52 00 00 00 00 00 00 00 16 fe c2 04 00 00 00 00 00 00 00 00
00 00 00 00 00 11 a4 fc 7e 13 00 00 00 00 06 6b f6 ec 33 01 00 00 00 00 00 00 00 00
00 00 00 00 00 00 3b cd fe e5 ae 6b 42 77 bf fe fe 57 00 00 00 00 00 00 00 00 00 00
00 00 00 00 00 00 00 16 97 b8 fe fe fe fe fe fe 38 0f 00 00 00 00 00 00 00 00 00 00
00 00 00 00 00 00 00 00 00 02 67 72 72 72 2c 05 01 00 00 00 00 00 00 00 00 00 00 00
00 00 00 00 00 00 00 00 00 00 00 00 00 00 00 00 00 00 00 00 00 00 00 00 00 00 00 00
00 00 00 00 00 00 00 00 00 00 00 00 00 00 00 00 00 00 00 00 00 00 00 00 00 00 00 00
00 00 00 00 00 00 00 00 00 00 00 00 00 00 00 00 00 00 00 00 00 00 00 00 00 00 00 00
00 00 00 00 00 00 00 00 00 00 00 00 00 00 00 00 00 00 00 00 00 00 00 00 00 00 00 00
00 00 00 00 00 00 00 00 00 00 00 00 00 00 00 00 00 00 00 00 00 00 00 00 00 00 00 00
00 00 00 00 00 00 00 00 00 00 00 00 00 00 00 00 00 00 00 00 00 00 00 00 00 00 00 00
