00 00 00 00 00 00 00 00 00 00 00 00 00 00 00 00 00 00 00 00 00 00 00 00 00 00 00 00
00 00 00 00 00 00 00 00 00 00 00 00 00 00 00 00 00 00 00 00 00 00 00 00 00 00 00 00
00 00 00 00 00 00 00 00 00 00 00 00 00 00 00 00 00 00 00 00 00 00 00 00 00 00 00 00
00 00 00 00 00 00 00 00 00 00 00 00 00 00 00 00 00 00 00 00 00 00 00 00 00 00 00 00
00 00 00 00 00 00 00 00 00 00 00 00 00 00 00 00 00 00 00 2d e5 fd e2 26 00 00 00 00
00 00 00 00 00 00 00 00 00 00 00 00 00 00 00 00 00 33 a9 e1 e9 60 26 00 00 00 00 00
00 00 00 00 00 00 00 00 00 00 3c c5 6e 55 55 6e c5 f6 fd d0 25 00 00 00 00 00 00 00
00 00 00 00 00 00 00 00 00 00 f1 fc fc fc fd fc fc fc 80 16 00 00 00 00 00 00 00 00
00 00 00 00 00 00 00 00 0a b3 ff fd f4 e1 72 26 00 00 00 00 00 00 00 00 00 00 00 00
00 00 00 00 00 00 00 00 55 fc fd 8b 38 00 00 00 00 00 00 00 00 00 00 00 00 00 00 00
00 00 00 00 00 00 00 00 55 fc fd 54 00 00 00 00 00 00 00 00 00 00 00 00 00 00 00 00
00 00 00 00 00 00 00 00 55 fc fd 85 00 00 00 00 00 00 00 00 00 00 00 00 00 00 00 00
00 00 00 00 00 00 00 00 00 97 fe fd d8 8d 00 00 00 00 00 00 00 00 00 00 00 00 00 00
00 00 00 00 00 00 00 00 00 00 c5 ea fc fc a9 90 26 00 00 00 00 00 00 00 00 00 00 00
00 00 00 00 00 00 00 00 00 00 00 26 8f a8 d8 fc ea 3b 00 00 00 00 00 00 00 00 00 00
00 00 00 00 00 00 00 00 00 00 00 00 00 00 10 80 fc f0 33 00 00 00 00 00 00 00 00 00
00 00 00 00 00 00 00 00 00 00 00 00 00 00 00 00 7e fa f2 2f 00 00 00 00 00 00 00 00
00 00 00 00 00 00 00 00 00 00 00 00 00 00 00 00 00 c8 fd 7a 0d 00 00 00 00 00 00 00
00 00 00 00 00 00 00 00 00 00 00 00 00 00 00 00 00 19 fd fc 8f 00 00 00 00 00 00 00
00 00 00 00 00 00 00 00 26 71 00 00 00 00 00 00 00 00 99 fc a8 00 00 00 00 00 00 00
00 00 00 00 00 00 00 00 55 fd 4c 00 00 00 00 00 00 1a fe fd 6a 00 00 00 00 00 00 00
00 00 00 00 00 00 00 00 55 fc e7 39 26 00 39 39 5f f3 fd d6 13 00 00 00 00 00 00 00
00 00 00 00 00 00 00 00 39 f3 fd fc ea c5 fd fc fc fc f4 51 00 00 00 00 00 00 00 00
00 00 00 00 00 00 00 00 00 19 8c be be f0 fd fc fc ca 19 00 00 00 00 00 00 00 00 00
00 00 00 00 00 00 00 00 00 00 00 00 00 00 00 00 00 00 00 00 00 00 00 00 00 00 00 00
00 00 00 00 00 00 00 00 00 00 00 00 00 00 00 00 00 00 00 00 00 00 00 00 00 00 00 00
00 00 00 00 00 00 00 00 00 00 00 00 00 00 00 00 00 00 00 00 00 00 00 00 00 00 00 00
00 00 00 00 00 00 00 00 00 00 00 00 00 00 00 00 00 00 00 00 00 00 00 00 00 00 00 00
