00 00 00 00 00 00 00 00 00 00 00 00 00 00 00 00 00 00 00 00 00 00 00 00 00 00 00 00
00 00 00 00 00 00 00 00 00 00 00 00 00 00 00 00 00 00 00 00 00 00 00 00 00 00 00 00
00 00 00 00 00 00 00 00 00 00 00 00 00 00 00 00 00 00 00 00 00 00 00 00 00 00 00 00
00 00 00 00 00 00 00 00 00 00 00 00 00 00 00 00 00 00 00 00 00 00 00 00 00 00 00 00
00 00 00 00 00 00 00 00 00 00 00 00 00 00 00 00 00 00 00 00 00 00 00 00 00 00 00 00
00 00 00 00 00 00 00 00 00 00 00 57 8a aa fd c9 f4 d4 de 8a 56 16 00 00 00 00 00 00
00 00 00 00 00 00 00 00 00 00 5f fd fc fc fc fc fd fc fc fc fc f5 50 00 00 00 00 00
00 00 00 00 00 00 00 00 00 44 f6 cd 45 45 45 45 45 45 45 45 cd fd f0 32 00 00 00 00
00 00 00 00 00 00 00 00 00 bb fc da 22 00 00 00 00 00 00 00 74 fd fc 45 00 00 00 00
00 00 00 00 00 00 00 00 74 f8 fc fd 5c 00 00 00 00 00 00 5f e6 fd 9d 06 00 00 00 00
00 00 00 00 00 00 00 00 74 f9 fd bd 2a 00 00 00 00 24 aa fd f3 9e 00 00 00 00 00 00
00 00 00 00 00 00 00 00 00 85 fc f5 8c 22 00 00 39 db fc eb 3c 00 00 00 00 00 00 00
00 00 00 00 00 00 00 00 00 19 cd fd fc ea b8 b8 fd f0 64 2c 00 00 00 00 00 00 00 00
00 00 00 00 00 00 00 00 00 00 15 a1 db fc fc fc ea 25 00 00 00 00 00 00 00 00 00 00
00 00 00 00 00 00 00 00 00 00 00 0b cb fc fc fc fb 87 00 00 00 00 00 00 00 00 00 00
00 00 00 00 00 00 00 00 00 09 4c ff fd cd a8 dc ff fd 89 05 00 00 00 00 00 00 00 00
00 00 00 00 00 00 00 00 00 72 fc f9 84 19 00 00 b4 fc fc 2d 00 00 00 00 00 00 00 00
00 00 00 00 00 00 00 00 33 dc fc c7 00 00 00 00 26 ba fc 9a 07 00 00 00 00 00 00 00
00 00 00 00 00 00 00 00 b8 fc fc 15 00 00 00 00 00 43 fc fc 16 00 00 00 00 00 00 00
00 00 00 00 00 00 00 00 b8 fc c8 00 00 00 00 00 00 2f fc fc 16 00 00 00 00 00 00 00
00 00 00 00 00 00 00 00 b9 fd c9 00 00 00 00 00 03 76 fd f5 15 00 00 00 00 00 00 00
00 00 00 00 00 00 00 00 a3 fc fc 00 00 00 00 00 61 fc fc 57 00 00 00 00 00 00 00 00
00 00 00 00 00 00 00 00 33 f0 fc 7b 46 46 70 b8 de fc aa 0d 00 00 00 00 00 00 00 00
00 00 00 00 00 00 00 00 00 a5 fc fd fc fc fc fc f5 8b 0d 00 00 00 00 00 00 00 00 00
00 00 00 00 00 00 00 00 00 09 4b fd fc dd 89 89 15 00 00 00 00 00 00 00 00 00 00 00
00 00 00 00 00 00 00 00 00 00 00 00 00 00 00 00 00 00 00 00 00 00 00 00 00 00 00 00
00 00 00 00 00 00 00 00 00 00 00 00 00 00 00 00 00 00 00 00 00 00 00 00 00 00 00 00
00 00 00 00 00 00 00 00 00 00 00 00 00 00 00 00 00 00 00 00 00 00 00 00 00 00 00 00
