00 00 00 00 00 00 00 00 00 00 00 00 00 00 00 00 00 00 00 00 00 00 00 00 00 00 00 00
00 00 00 00 00 00 00 00 00 00 00 00 00 00 00 00 00 00 00 00 00 00 00 00 00 00 00 00
00 00 00 00 00 00 00 00 00 00 00 00 00 00 00 00 00 00 00 00 00 00 00 00 00 00 00 00
00 00 00 00 00 00 00 00 00 00 00 00 00 00 00 00 00 00 00 00 00 00 00 00 00 00 00 00
00 00 00 00 00 00 00 00 00 00 00 00 00 00 00 00 00 00 00 00 00 00 00 00 00 00 00 00
00 00 00 00 00 00 00 00 00 00 08 7a c7 ff d7 5b 0d 00 00 00 00 00 00 00 00 00 00 00
00 00 00 00 00 00 00 00 00 29 c5 fd fd fd fd fd b6 0f 00 00 00 00 00 00 00 00 00 00
00 00 00 00 00 00 00 00 02 d6 fd fc 94 47 47 f2 fd ba 07 00 00 00 00 00 00 00 00 00
00 00 00 00 00 00 00 00 52 fd f5 5d 00 00 00 09 ad f5 b7 00 00 00 00 00 00 00 00 00
00 00 00 00 00 00 00 00 a2 fd 7c 00 00 00 00 00 00 ab e2 00 00 00 00 00 00 00 00 00
00 00 00 00 00 00 00 27 f7 f4 0a 00 00 00 00 00 00 67 fb 99 19 00 00 00 00 00 00 00
00 00 00 00 00 00 00 2c fd f3 00 00 00 00 00 00 3a eb fd fd 96 00 00 00 00 00 00 00
00 00 00 00 00 00 00 7f fd f3 00 00 00 00 00 b7 ea fd fd fd 72 00 00 00 00 00 00 00
00 00 00 00 00 00 00 35 fd f3 00 00 00 00 00 e0 fd fd fd f9 28 00 00 00 00 00 00 00
00 00 00 00 00 00 00 2c fd f3 22 0d 00 00 00 08 c6 fd fd a5 00 00 00 00 00 00 00 00
00 00 00 00 00 00 00 2c fd fb e9 3b 00 00 00 08 c7 fd e8 11 00 00 00 00 00 00 00 00
00 00 00 00 00 00 00 03 8a fd fd 7a 1d 82 a9 f0 fd fd e2 00 00 00 00 00 00 00 00 00
00 00 00 00 00 00 00 00 1c d3 fd fd fd fd fd fd fd fd c9 00 00 00 00 00 00 00 00 00
00 00 00 00 00 00 00 00 00 1c 9c e7 fd e9 9c 77 fd fd 77 00 00 00 00 00 00 00 00 00
00 00 00 00 00 00 00 00 00 00 00 08 0a 08 00 22 fd fd 6b 00 00 00 00 00 00 00 00 00
00 00 00 00 00 00 00 00 00 00 00 00 00 00 00 82 fd fd 0a 00 00 00 00 00 00 00 00 00
00 00 00 00 00 00 00 00 00 00 00 00 00 00 00 82 fd fd 0a 00 00 00 00 00 00 00 00 00
00 00 00 00 00 00 00 00 00 00 00 00 00 00 00 18 fd fd 0a 00 00 00 00 00 00 00 00 00
00 00 00 00 00 00 00 00 00 00 00 00 00 00 00 16 fd fd 57 00 00 00 00 00 00 00 00 00
00 00 00 00 00 00 00 00 00 00 00 00 00 00 00 16 fd fd 77 00 00 00 00 00 00 00 00 00
00 00 00 00 00 00 00 00 00 00 00 00 00 00 00 00 00 00 00 00 00 00 00 00 00 00 00 00
00 00 00 00 00 00 00 00 00 00 00 00 00 00 00 00 00 00 00 00 00 00 00 00 00 00 00 00
00 00 00 00 00 00 00 00 00 00 00 00 00 00 00 00 00 00 00 00 00 00 00 00 00 00 00 00
