00 00 00 00 00 00 00 00 00 00 00 00 00 00 00 00 00 00 00 00 00 00 00 00 00 00 00 00
00 00 00 00 00 00 00 00 00 00 00 00 00 00 00 00 00 00 00 00 00 00 00 00 00 00 00 00
00 00 00 00 00 00 00 00 00 00 00 00 00 00 00 17 d0 f9 00 00 00 00 00 00 00 00 00 00
00 00 00 00 00 00 00 00 00 00 00 00 00 00 41 ef b0 13 00 00 00 00 00 00 00 00 00 00
00 00 00 00 00 00 00 00 00 00 00 00 00 45 c8 fe a4 00 00 00 00 00 00 00 00 00 00 00
00 00 00 00 00 00 00 00 00 00 00 00 00 e4 fe fe 59 00 00 00 00 00 00 00 00 00 00 00
00 00 00 00 00 00 00 00 00 00 00 00 10 e8 fe de 1d 00 00 00 00 00 00 00 00 00 00 00
00 00 00 00 00 00 00 00 00 00 00 00 77 fe fb 78 00 00 00 00 00 00 00 00 00 00 00 00
00 00 00 00 00 00 00 00 00 00 00 44 fc fe b9 00 00 00 00 00 00 00 00 00 00 00 00 00
00 00 00 00 00 00 00 00 00 00 07 b9 fe fe 7e 00 00 00 00 00 00 00 00 00 00 00 00 00
00 00 00 00 00 00 00 00 00 00 3f fe fe df 1f 00 00 00 00 00 00 00 00 00 00 00 00 00
00 00 00 00 00 00 00 00 00 1d ec fe fe 34 00 00 00 00 00 1d 0a 00 00 00 00 00 00 00
00 00 00 00 00 00 00 00 00 3e fe fe ad 08 00 00 00 02 31 cf c3 28 00 00 00 00 00 00
00 00 00 00 00 00 00 00 34 e2 fe f0 36 00 00 00 00 16 fe fe fe 37 00 00 00 00 00 00
00 00 00 00 00 00 00 00 c2 fe fe 7c 00 00 00 02 16 cf fe fe fe 37 00 00 00 00 00 00
00 00 00 00 00 00 00 00 c2 fe fe 7c 00 00 00 75 fe fe fe fe fe 37 00 00 00 00 00 00
00 00 00 00 00 00 00 00 c2 fe f1 07 00 00 42 fb fe fe fe fe dd 21 00 00 00 00 00 00
00 00 00 00 00 00 00 00 c2 fe fd 96 54 54 81 fe ff fe fe dd 29 00 00 00 00 00 00 00
00 00 00 00 00 00 00 00 a0 fe fe fe fe fe fe fe fe fd 7d 21 00 00 00 00 00 00 00 00
00 00 00 00 00 00 00 00 11 ae fe fe fe fe fe fe fe 96 00 00 00 00 00 00 00 00 00 00
00 00 00 00 00 00 00 00 00 0d 60 a7 ea ea ef fe fe 6e 00 00 00 00 00 00 00 00 00 00
00 00 00 00 00 00 00 00 00 00 00 00 00 00 20 8e fe 6e 00 00 00 00 00 00 00 00 00 00
00 00 00 00 00 00 00 00 00 00 00 00 00 00 00 00 00 00 00 00 00 00 00 00 00 00 00 00
00 00 00 00 00 00 00 00 00 00 00 00 00 00 00 00 00 00 00 00 00 00 00 00 00 00 00 00
00 00 00 00 00 00 00 00 00 00 00 00 00 00 00 00 00 00 00 00 00 00 00 00 00 00 00 00
00 00 00 00 00 00 00 00 00 00 00 00 00 00 00 00 00 00 00 00 00 00 00 00 00 00 00 00
00 00 00 00 00 00 00 00 00 00 00 00 00 00 00 00 00 00 00 00 00 00 00 00 00 00 00 00
00 00 00 00 00 00 00 00 00 00 00 00 00 00 00 00 00 00 00 00 00 00 00 00 00 00 00 00
