00 00 00 00 00 00 00 00 00 00 00 00 00 00 00 00 00 00 00 00 00 00 00 00 00 00 00 00
00 00 00 00 00 00 00 00 00 00 00 00 00 00 00 00 00 00 00 00 00 00 00 00 00 00 00 00
00 00 00 00 00 00 00 00 00 00 00 00 00 00 00 00 00 00 00 00 00 00 00 00 00 00 00 00
00 00 00 00 00 00 00 00 00 00 00 00 00 00 00 00 00 00 00 00 00 00 00 00 00 00 00 00
00 00 00 00 00 00 00 00 00 00 00 00 00 00 00 00 00 00 00 00 00 00 00 00 00 00 00 00
00 00 00 00 00 00 00 00 00 00 00 00 00 00 00 00 00 00 00 00 00 00 00 00 00 00 00 00
00 00 00 00 00 00 00 00 00 00 00 00 00 00 00 00 00 00 00 00 00 00 00 00 00 00 00 00
00 00 00 00 00 00 00 00 00 00 00 00 00 00 2d 67 fe fe ff b8 49 00 00 00 00 00 00 00
00 00 00 00 00 00 00 00 00 00 00 00 55 a9 f5 fd fd fd fd fd e6 61 00 00 00 00 00 00
00 00 00 00 00 00 00 00 00 00 00 5b e9 fd a0 59 5f e8 fd fd fd 7d 00 00 00 00 00 00
00 00 00 00 00 00 00 00 00 00 00 bb fd 75 07 00 06 88 f2 fd fb 70 00 00 00 00 00 00
00 00 00 00 00 00 00 00 00 00 00 c8 fd 71 02 4c 4b c2 fd fd 9f 00 00 00 00 00 00 00
00 00 00 00 00 00 00 00 00 00 00 b1 fd ef e4 d8 fd fd fd ad 0a 00 00 00 00 00 00 00
00 00 00 00 00 00 00 00 00 00 00 1b c8 fd fd fd fd fd fd 66 00 00 00 00 00 00 00 00
00 00 00 00 00 00 00 00 00 00 00 00 06 0e 0f 66 fd fd 9f 05 00 00 00 00 00 00 00 00
00 00 00 00 00 00 00 00 00 00 00 00 00 00 29 d8 fd be 13 00 00 00 00 00 00 00 00 00
00 00 00 00 00 00 00 00 00 00 00 00 00 1e 99 fd f8 33 00 00 00 00 00 00 00 00 00 00
00 00 00 00 00 00 00 00 00 00 00 00 00 5e fd fc 78 11 00 00 00 00 00 00 00 00 00 00
00 00 00 00 00 00 00 00 00 00 00 00 2f fa fc 94 00 00 00 00 00 00 00 00 00 00 00 00
00 00 00 00 00 00 00 00 00 00 00 19 b6 fd cb 00 00 00 00 00 00 00 00 00 00 00 00 00
00 00 00 00 00 00 00 00 00 00 00 ce fd dc 32 00 00 00 00 00 00 00 00 00 00 00 00 00
00 00 00 00 00 00 00 00 00 03 5c fc f4 6a 00 00 00 00 00 00 00 00 00 00 00 00 00 00
00 00 00 00 00 00 00 00 00 32 e2 f1 6d 00 00 00 00 00 00 00 00 00 00 00 00 00 00 00
00 00 00 00 00 00 00 00 28 eb fd 89 18 00 00 00 00 00 00 00 00 00 00 00 00 00 00 00
00 00 00 00 00 00 00 0f d0 fd be 1d 00 00 00 00 00 00 00 00 00 00 00 00 00 00 00 00
00 00 00 00 00 00 1e da f0 92 06 00 00 00 00 00 00 00 00 00 00 00 00 00 00 00 00 00
00 00 00 00 00 04 a0 a7 46 00 00 00 00 00 00 00 00 00 00 00 00 00 00 00 00 00 00 00
00 00 00 00 00 00 00 00 00 00 00 00 00 00 00 00 00 00 00 00 00 00 00 00 00 00 00 00
