00 00 00 00 00 00 00 00 00 00 00 00 00 00 00 00 00 00 00 00 00 00 00 00 00 00 00 00
00 00 00 00 00 00 00 00 00 00 00 00 00 00 00 00 00 00 00 00 00 00 00 00 00 00 00 00
00 00 00 00 00 00 00 00 00 00 00 00 00 00 00 00 00 00 00 00 00 00 00 00 00 00 00 00
00 00 00 00 00 00 00 00 00 00 00 00 00 00 00 00 00 00 00 00 00 00 00 00 00 00 00 00
00 00 00 00 00 00 00 00 00 00 00 00 00 00 00 00 00 00 00 00 00 00 00 00 00 00 00 00
00 00 00 00 00 00 00 00 00 00 00 00 00 00 28 84 ff f7 48 00 00 00 00 00 00 00 00 00
00 00 00 00 00 00 00 00 00 00 00 00 0e 79 ec fe fe fe d2 4d 00 00 00 00 00 00 00 00
00 00 00 00 00 00 00 00 00 00 00 0e c0 fe f4 8c 68 ec fe 9a 00 00 00 00 00 00 00 00
00 00 00 00 00 00 00 00 00 00 00 48 fe dc 48 00 00 aa fe f0 14 00 00 00 00 00 00 00
00 00 00 00 00 00 00 00 00 00 97 f6 f3 43 00 00 00 4f fe f6 1e 00 00 00 00 00 00 00
00 00 00 00 00 00 00 00 00 34 fb fe 8c 00 00 00 07 ac fe f1 00 00 00 00 00 00 00 00
00 00 00 00 00 00 00 00 00 39 fe ed 2d 00 00 07 a4 fe fe a3 00 00 00 00 00 00 00 00
00 00 00 00 00 00 00 00 00 1a ee fe b4 09 08 86 fe fe fe 6c 00 00 00 00 00 00 00 00
00 00 00 00 00 00 00 00 00 00 69 fe fe e2 e1 fe fe fe ef 0a 00 00 00 00 00 00 00 00
00 00 00 00 00 00 00 00 00 00 08 37 7d c4 e7 ee 89 fe de 00 00 00 00 00 00 00 00 00
00 00 00 00 00 00 00 00 00 00 00 00 00 00 15 26 1a fe 5c 00 00 00 00 00 00 00 00 00
00 00 00 00 00 00 00 00 00 00 00 00 00 00 00 00 89 fe 8a 00 00 00 00 00 00 00 00 00
00 00 00 00 00 00 00 00 00 00 00 00 00 00 00 19 f3 ec 0d 00 00 00 00 00 00 00 00 00
00 00 00 00 00 00 00 00 00 00 00 00 00 00 00 62 fe e8 00 00 00 00 00 00 00 00 00 00
00 00 00 00 00 00 00 00 00 00 00 00 00 00 1b dd fb 7d 00 00 00 00 00 00 00 00 00 00
00 00 00 00 00 42 51 07 00 00 00 00 00 00 6a fe c0 00 00 00 00 00 00 00 00 00 00 00
00 00 00 00 00 7b fd bf 11 00 00 00 00 26 f1 fc 4c 00 00 00 00 00 00 00 00 00 00 00
00 00 00 00 00 00 91 fd ec 85 60 60 6e f2 fe 65 00 00 00 00 00 00 00 00 00 00 00 00
00 00 00 00 00 00 00 5f d6 fe fe fe fe ee 97 10 00 00 00 00 00 00 00 00 00 00 00 00
00 00 00 00 00 00 00 00 14 65 a7 b7 d2 38 00 00 00 00 00 00 00 00 00 00 00 00 00 00
00 00 00 00 00 00 00 00 00 00 00 00 00 00 00 00 00 00 00 00 00 00 00 00 00 00 00 00
00 00 00 00 00 00 00 00 00 00 00 00 00 00 00 00 00 00 00 00 00 00 00 00 00 00 00 00
00 00 00 00 00 00 00 00 00 00 00 00 00 00 00 00 00 00 00 00 00 00 00 00 00 00 00 00
