00 00 00 00 00 00 00 00 00 00 00 00 00 00 00 00 00 00 00 00 00 00 00 00 00 00 00 00
00 00 00 00 00 00 00 00 00 00 00 00 00 00 00 00 00 00 00 00 00 00 00 00 00 00 00 00
00 00 00 00 00 00 00 00 00 00 00 00 00 00 00 00 00 00 00 00 00 00 00 00 00 00 00 00
00 00 00 00 00 00 00 00 00 00 00 00 00 00 00 59 80 fd ff 5a 00 00 00 00 00 00 00 00
00 00 00 00 00 00 00 00 00 00 00 1a e1 e2 e1 f6 fc fc fd f3 74 1c 00 00 00 00 00 00
00 00 00 00 00 00 00 00 00 00 00 6b fc e4 c3 c3 ca fc fd fc fc c1 00 00 00 00 00 00
00 00 00 00 00 00 00 00 00 00 00 1a df 7e 00 00 0a 54 54 da fc df 00 00 00 00 00 00
00 00 00 00 00 00 00 00 00 00 00 00 00 00 00 00 00 00 00 55 fc ef 3f 00 00 00 00 00
00 00 00 00 00 00 00 00 00 00 00 00 00 00 00 00 00 00 00 55 fd fd 70 00 00 00 00 00
00 00 00 00 00 00 00 00 00 00 00 00 00 00 00 00 00 00 00 55 fc f2 4a 00 00 00 00 00
00 00 00 00 00 00 00 00 00 00 00 00 00 00 00 00 00 00 00 c2 fc df 00 00 00 00 00 00
00 00 00 00 00 00 00 00 00 00 00 00 00 00 00 00 00 00 4c f3 fc df 00 00 00 00 00 00
00 00 00 00 00 00 00 00 00 00 00 00 00 00 00 00 00 00 71 fc fc 91 00 00 00 00 00 00
00 00 00 00 00 00 00 00 00 00 00 00 00 00 00 00 00 00 b0 fd e4 2f 00 00 00 00 00 00
00 00 00 00 00 00 00 30 93 e1 74 55 55 30 00 00 1a e1 fd fc 94 00 00 00 00 00 00 00
00 00 00 00 00 00 36 e3 fd fc fc fc fc e5 c5 58 9c fc fd e9 2b 00 00 00 00 00 00 00
00 00 00 00 0a 8a e0 fc f0 df 72 63 df fd fc fc fc fc f0 47 00 00 00 00 00 00 00 00
00 00 00 00 a3 fc fc fc 8c 00 00 00 00 fd fc fc fc fc 8c 00 00 00 00 00 00 00 00 00
00 00 00 00 e2 fd f0 3f 00 00 00 0d 71 ff fd fd fd fd c0 0c 00 00 00 00 00 00 00 00
00 00 00 00 e1 fc 63 00 00 1d 55 b5 fc fd fc fc fc fc fd b5 13 00 00 00 00 00 00 00
00 00 00 59 f6 fc d7 c5 c6 d7 fc fc fc e4 94 37 9b fc fd fc b1 13 00 00 00 00 00 00
00 00 00 26 d1 f6 fc fc fd fc fc e9 91 2f 00 00 0a 54 ed fc d6 1c 00 00 00 00 00 00
00 00 00 00 00 58 cd fc fd fc 8d 25 00 00 00 00 00 00 32 70 57 00 00 00 00 00 00 00
00 00 00 00 00 00 00 00 00 00 00 00 00 00 00 00 00 00 00 00 00 00 00 00 00 00 00 00
00 00 00 00 00 00 00 00 00 00 00 00 00 00 00 00 00 00 00 00 00 00 00 00 00 00 00 00
00 00 00 00 00 00 00 00 00 00 00 00 00 00 00 00 00 00 00 00 00 00 00 00 00 00 00 00
00 00 00 00 00 00 00 00 00 00 00 00 00 00 00 00 00 00 00 00 00 00 00 00 00 00 00 00
00 00 00 00 00 00 00 00 00 00 00 00 00 00 00 00 00 00 00 00 00 00 00 00 00 00 00 00
