00 00 00 00 00 00 00 00 00 00 00 00 00 00 00 00 00 00 00 00 00 00 00 00 00 00 00 00
00 00 00 00 00 00 00 00 00 00 00 00 00 00 00 00 00 00 00 00 00 00 00 00 00 00 00 00
00 00 00 00 00 00 00 00 00 00 00 00 00 00 00 00 00 00 00 00 00 00 00 00 00 00 00 00
00 00 00 00 00 00 00 00 00 00 00 00 00 00 00 00 00 00 00 00 00 00 00 00 00 00 00 00
00 00 00 00 00 00 00 00 00 00 00 00 00 00 00 00 00 00 00 00 00 00 00 00 00 00 00 00
00 00 00 00 00 00 00 00 00 00 00 00 00 00 00 00 00 00 00 00 00 00 00 00 00 00 00 00
00 00 00 00 00 00 00 00 00 00 00 00 1d 72 ff ff e2 1d 00 00 00 00 00 00 00 00 00 00
00 00 00 00 00 00 00 00 00 00 00 72 e2 ff aa aa 8d 1d 00 00 00 00 00 00 00 00 00 00
00 00 00 00 00 00 00 00 00 00 aa ff c6 1d 00 00 00 00 00 00 00 00 00 00 00 00 00 00
00 00 00 00 00 00 00 00 00 c6 ff 8d 00 00 00 00 00 00 00 aa aa 00 00 00 00 00 00 00
00 00 00 00 00 00 00 00 c6 ff 56 00 00 00 00 00 00 00 56 ff 72 00 00 00 00 00 00 00
00 00 00 00 00 00 00 39 ff c6 00 00 00 00 00 00 00 00 e2 ff 00 00 00 00 00 00 00 00
00 00 00 00 00 00 00 aa ff c6 00 00 00 00 00 00 00 56 ff 72 00 00 00 00 00 00 00 00
00 00 00 00 00 00 00 72 ff ff 56 00 00 00 00 1d 8d ff e2 00 00 00 00 00 00 00 00 00
00 00 00 00 00 00 00 1d ff ff ff c6 72 8d aa ff ff ff 72 00 00 00 00 00 00 00 00 00
00 00 00 00 00 00 00 00 56 ff ff ff ff ff ff ff ff ff 1d 00 00 00 00 00 00 00 00 00
00 00 00 00 00 00 00 00 00 1d 8d aa e2 aa 72 00 ff ff 00 00 00 00 00 00 00 00 00 00
00 00 00 00 00 00 00 00 00 00 00 00 00 00 00 00 ff ff 00 00 00 00 00 00 00 00 00 00
00 00 00 00 00 00 00 00 00 00 00 00 00 00 00 00 ff ff 00 00 00 00 00 00 00 00 00 00
00 00 00 00 00 00 00 00 00 00 00 00 00 00 00 00 c6 ff 00 00 00 00 00 00 00 00 00 00
00 00 00 00 00 00 00 00 00 00 00 00 00 00 00 00 aa ff 00 00 00 00 00 00 00 00 00 00
00 00 00 00 00 00 00 00 00 00 00 00 00 00 00 00 aa ff 56 00 00 00 00 00 00 00 00 00
00 00 00 00 00 00 00 00 00 00 00 00 00 00 00 00 aa ff 1d 00 00 00 00 00 00 00 00 00
00 00 00 00 00 00 00 00 00 00 00 00 00 00 00 00 ff ff 56 00 00 00 00 00 00 00 00 00
00 00 00 00 00 00 00 00 00 00 00 00 00 00 00 00 e2 ff aa 00 00 00 00 00 00 00 00 00
00 00 00 00 00 00 00 00 00 00 00 00 00 00 00 00 8d e2 1d 00 00 00 00 00 00 00 00 00
00 00 00 00 00 00 00 00 00 00 00 00 00 00 00 00 00 00 00 00 00 00 00 00 00 00 00 00
00 00 00 00 00 00 00 00 00 00 00 00 00 00 00 00 00 00 00 00 00 00 00 00 00 00 00 00
