00 00 00 00 00 00 00 00 00 00 00 00 00 00 00 00 00 00 00 00 00 00 00 00 00 00 00 00
00 00 00 00 00 00 00 00 00 00 00 00 00 00 00 00 00 00 00 00 00 00 00 00 00 00 00 00
00 00 00 00 00 00 00 00 00 00 00 00 00 00 00 00 00 00 00 00 00 00 00 00 00 00 00 00
00 00 00 00 00 00 00 00 00 00 00 00 00 00 00 00 00 00 00 00 00 00 00 00 00 00 00 00
00 00 00 00 00 00 00 00 00 00 00 00 00 00 00 43 ad b4 9f 24 00 00 00 00 00 00 00 00
00 00 00 00 00 00 00 00 00 00 00 00 00 00 54 f3 fd fd fd dc 18 00 00 00 00 00 00 00
00 00 00 00 00 00 00 00 00 00 00 00 1b ad c2 fe fd fd fd fd 55 00 00 00 00 00 00 00
00 00 00 00 00 00 00 00 00 00 00 36 d8 fd fd fe d5 d0 fd fd 8c 00 00 00 00 00 00 00
00 00 00 00 00 00 00 00 00 00 1c dc fd fd fd d9 1a c9 fd fd 35 00 00 00 00 00 00 00
00 00 00 00 00 00 00 00 00 04 c1 fd fd fd f6 69 57 fd fd e1 1a 00 00 00 00 00 00 00
00 00 00 00 00 00 00 00 00 30 fd fd fd d4 6a 2f f5 fd fd 2e 00 00 00 00 00 00 00 00
00 00 00 00 00 00 00 00 00 30 fd fd db 43 38 f7 fd fd 7d 01 00 00 00 00 00 00 00 00
00 00 00 00 00 00 00 00 00 19 e6 fd 67 0e cd fe fd ea 0d 00 00 00 00 00 00 00 00 00
00 00 00 00 00 00 00 00 00 00 ac fd c1 92 fd fe ef 3c 00 00 00 00 00 00 00 00 00 00
00 00 00 00 00 00 00 00 00 00 07 cf fe fe fe ff 9c 00 00 00 00 00 00 00 00 00 00 00
00 00 00 00 00 00 00 00 00 00 00 81 fd fd fd fe bd 2b 00 00 00 00 00 00 00 00 00 00
00 00 00 00 00 00 00 00 00 00 01 a0 fd fd fd fe fd e2 49 00 00 00 00 00 00 00 00 00
00 00 00 00 00 00 00 00 00 00 52 fd fd fd e1 c6 fd fd e4 28 00 00 00 00 00 00 00 00
00 00 00 00 00 00 00 00 00 09 ad fd fd db 47 05 35 fd fd be 1a 00 00 00 00 00 00 00
00 00 00 00 00 00 00 00 00 82 fd fd f8 57 07 2c 85 fd fd fd 2f 00 00 00 00 00 00 00
00 00 00 00 00 00 00 00 00 eb fd fd b4 60 ce fe fd fd fd bc 0e 00 00 00 00 00 00 00
00 00 00 00 00 00 00 00 00 2b f2 fd fd fd fd fe fd e6 85 0b 00 00 00 00 00 00 00 00
00 00 00 00 00 00 00 00 00 00 ba fd fd fd fd c9 75 16 00 00 00 00 00 00 00 00 00 00
00 00 00 00 00 00 00 00 00 00 05 83 b4 80 64 00 00 00 00 00 00 00 00 00 00 00 00 00
00 00 00 00 00 00 00 00 00 00 00 00 00 00 00 00 00 00 00 00 00 00 00 00 00 00 00 00
00 00 00 00 00 00 00 00 00 00 00 00 00 00 00 00 00 00 00 00 00 00 00 00 00 00 00 00
00 00 00 00 00 00 00 00 00 00 00 00 00 00 00 00 00 00 00 00 00 00 00 00 00 00 00 00
00 00 00 00 00 00 00 00 00 00 00 00 00 00 00 00 00 00 00 00 00 00 00 00 00 00 00 00
