00 00 00 00 00 00 00 00 00 00 00 00 00 00 00 00 00 00 00 00 00 00 00 00 00 00 00 00
00 00 00 00 00 00 00 00 00 00 00 00 00 00 00 00 00 00 00 00 00 00 00 00 00 00 00 00
00 00 00 00 00 00 00 00 00 00 00 00 00 00 00 00 00 00 00 00 00 00 00 00 00 00 00 00
00 00 00 00 00 00 00 00 00 00 00 00 00 00 00 00 00 00 00 00 00 00 00 00 00 00 00 00
00 00 00 00 00 00 00 00 00 00 00 00 00 00 00 00 00 00 00 00 00 00 00 00 00 00 00 00
00 00 00 00 00 00 00 00 00 00 00 00 00 00 00 00 00 00 00 00 00 00 00 00 00 00 00 00
00 00 00 00 00 00 00 00 00 00 00 06 43 ef ff fd fd 19 00 00 00 00 00 00 00 00 00 00
00 00 00 00 00 00 00 00 00 00 20 93 fc fc fd fc fc cb 17 00 00 00 00 00 00 00 00 00
00 00 00 00 00 00 00 00 00 00 a4 fc fc d1 5c 92 fc fc 82 00 00 00 00 00 00 00 00 00
00 00 00 00 00 00 00 00 00 be fb f8 74 06 00 20 dc fc c5 00 00 00 00 00 00 00 00 00
00 00 00 00 00 00 00 00 25 ea fc b8 00 00 00 00 4e fa e9 24 00 00 00 00 00 00 00 00
00 00 00 00 00 00 00 00 5e fc cd 16 00 00 00 00 00 f2 fc 37 00 00 00 00 00 00 00 00
00 00 00 00 00 00 00 00 a5 fc 83 00 00 00 00 03 92 fb fa 34 00 00 00 00 00 00 00 00
00 00 00 00 00 00 00 00 a5 fc 40 00 00 00 06 63 fc fc b2 00 00 00 00 00 00 00 00 00
00 00 00 00 00 00 00 00 a5 fc 15 00 00 00 94 fc fc fc 58 00 00 00 00 00 00 00 00 00
00 00 00 00 00 00 00 00 a5 fc a5 14 6f ce fd fc fc f3 32 00 00 00 00 00 00 00 00 00
00 00 00 00 00 00 00 00 61 f6 fd fd fd fd ec f3 fd e7 00 00 00 00 00 00 00 00 00 00
00 00 00 00 00 00 00 00 00 92 f7 f1 ba 8a 22 b0 fc c9 00 00 00 00 00 00 00 00 00 00
00 00 00 00 00 00 00 00 00 00 28 24 00 00 00 b0 fc 79 00 00 00 00 00 00 00 00 00 00
00 00 00 00 00 00 00 00 00 00 00 00 00 00 20 f9 fc 79 00 00 00 00 00 00 00 00 00 00
00 00 00 00 00 00 00 00 00 00 00 00 00 00 13 db fc 79 00 00 00 00 00 00 00 00 00 00
00 00 00 00 00 00 00 00 00 00 00 00 00 00 13 db fc 79 00 00 00 00 00 00 00 00 00 00
00 00 00 00 00 00 00 00 00 00 00 00 00 00 13 db fc 7f 04 00 00 00 00 00 00 00 00 00
00 00 00 00 00 00 00 00 00 00 00 00 00 00 22 fc fc fc 58 00 00 00 00 00 00 00 00 00
00 00 00 00 00 00 00 00 00 00 00 00 00 00 22 fc fc ca 17 00 00 00 00 00 00 00 00 00
00 00 00 00 00 00 00 00 00 00 00 00 00 00 05 8a fc 18 00 00 00 00 00 00 00 00 00 00
00 00 00 00 00 00 00 00 00 00 00 00 00 00 00 00 00 00 00 00 00 00 00 00 00 00 00 00
00 00 00 00 00 00 00 00 00 00 00 00 00 00 00 00 00 00 00 00 00 00 00 00 00 00 00 00
