00 00 00 00 00 00 00 00 00 00 00 00 00 00 00 00 00 00 00 00 00 00 00 00 00 00 00 00
00 00 00 00 00 00 00 00 00 00 00 00 00 00 00 00 00 00 00 00 00 00 00 00 00 00 00 00
00 00 00 00 00 00 00 00 00 00 00 00 00 00 00 00 00 00 00 00 00 00 00 00 00 00 00 00
00 00 00 00 00 00 00 00 00 00 00 00 00 00 00 00 00 00 00 00 00 00 00 00 00 00 00 00
00 00 00 00 00 00 00 00 00 00 00 29 22 a9 fe fd 9b 9b 49 00 00 00 00 00 00 00 00 00
00 00 00 00 00 00 00 00 00 00 15 d6 ec fd fc f4 fa fd f1 6f 00 00 00 00 00 00 00 00
00 00 00 00 00 00 00 00 00 00 e5 fd fd e5 97 02 36 cb fd f5 31 00 00 00 00 00 00 00
00 00 00 00 00 00 00 00 00 71 fa fe ac 16 00 00 00 1d fd fe 98 00 00 00 00 00 00 00
00 00 00 00 00 00 00 00 0e e5 fd 7f 24 00 00 00 00 05 80 fe 8e 00 00 00 00 00 00 00
00 00 00 00 00 00 00 00 6f fd ee 22 00 00 00 00 00 00 a0 fb 4b 00 00 00 00 00 00 00
00 00 00 00 00 00 00 00 c0 fd 97 00 87 b9 46 00 00 2d e7 c3 00 00 00 00 00 00 00 00
00 00 00 00 00 00 00 34 e7 fd f6 a7 f7 fd fb 30 28 d7 fd 80 00 00 00 00 00 00 00 00
00 00 00 00 00 00 00 00 53 fd fd fd fd fe fd cf fe fd e3 2a 00 00 00 00 00 00 00 00
00 00 00 00 00 00 00 00 01 31 f4 fd fd fd fd fd fd fd 78 1a 00 00 00 00 00 00 00 00
00 00 00 00 00 00 00 00 00 4d fd fc d1 fc fd fd fd fd fd e5 3e 00 00 00 00 00 00 00
00 00 00 00 00 00 00 00 00 af fd 6b 00 84 b3 72 5f 8b ea fe ad 00 00 00 00 00 00 00
00 00 00 00 00 00 00 00 17 f1 fd 45 00 34 12 00 00 00 5e ea f1 94 04 00 00 00 00 00
00 00 00 00 00 00 00 00 78 fd fd 45 00 00 00 00 00 00 00 7d fd f4 2f 00 00 00 00 00
00 00 00 00 00 00 00 00 20 fe 8a 08 00 00 00 00 00 00 00 19 d9 ec 20 00 00 00 00 00
00 00 00 00 00 00 00 00 15 fd d8 31 00 00 00 00 00 00 00 08 cb e5 13 00 00 00 00 00
00 00 00 00 00 00 00 00 15 fe fe a7 50 16 01 0e 00 1e 3f ba fd db 00 00 00 00 00 00
00 00 00 00 00 00 00 00 06 9f fd fd fd e4 bf d7 be f4 fd fe fd 6d 00 00 00 00 00 00
00 00 00 00 00 00 00 00 00 03 be f1 fd fe fe fd fe fd fd e7 6b 01 00 00 00 00 00 00
00 00 00 00 00 00 00 00 00 00 00 28 6e 99 ad fd a7 64 58 1c 00 00 00 00 00 00 00 00
00 00 00 00 00 00 00 00 00 00 00 00 00 00 00 00 00 00 00 00 00 00 00 00 00 00 00 00
00 00 00 00 00 00 00 00 00 00 00 00 00 00 00 00 00 00 00 00 00 00 00 00 00 00 00 00
00 00 00 00 00 00 00 00 00 00 00 00 00 00 00 00 00 00 00 00 00 00 00 00 00 00 00 00
00 00 00 00 00 00 00 00 00 00 00 00 00 00 00 00 00 00 00 00 00 00 00 00 00 00 00 00
