00 00 00 00 00 00 00 00 00 00 00 00 00 00 00 00 00 00 00 00 00 00 00 00 00 00 00 00
00 00 00 00 00 00 00 00 00 00 00 00 00 00 00 00 00 00 00 00 00 00 00 00 00 00 00 00
00 00 00 00 00 00 00 00 00 00 00 00 00 00 00 00 00 00 00 00 00 00 00 00 00 00 00 00
00 00 00 00 00 00 00 00 00 00 00 00 00 00 00 00 00 00 00 00 00 00 00 00 00 00 00 00
00 00 00 00 00 00 00 00 00 00 00 00 00 00 00 57 d0 f9 00 00 00 00 00 00 00 00 00 00
00 00 00 00 00 00 00 00 00 00 00 00 00 00 1b d4 fe c3 00 00 00 00 00 00 00 00 00 00
00 00 00 00 00 00 00 00 00 00 00 00 00 76 e1 fe fe e8 93 2e 00 00 00 00 00 00 00 00
00 00 00 00 00 00 00 00 00 00 00 00 73 f8 fe fe fe fe fe e6 94 0c 00 00 00 00 00 00
00 00 00 00 00 00 00 00 00 00 00 12 fa fe f5 e2 fe fe fe fe fe 94 00 00 00 00 00 00
00 00 00 00 00 00 00 00 00 00 5c cd fe fa 65 14 c2 fe fe fe fe e5 35 00 00 00 00 00
00 00 00 00 00 00 00 00 00 00 98 fe fe 5e 00 00 0e 7c bb fe fe fe d5 00 00 00 00 00
00 00 00 00 00 00 00 00 00 5f fc fe ce 0f 00 00 00 00 03 06 33 e7 fe 5e 00 00 00 00
00 00 00 00 00 00 00 00 32 f6 fe fe 14 00 00 00 00 00 00 00 00 c8 fe 60 00 00 00 00
00 00 00 00 00 00 00 15 b8 fe fe 93 02 00 00 00 00 00 00 00 00 c8 fe 60 00 00 00 00
00 00 00 00 00 00 00 b1 fe fe da 21 00 00 00 00 00 00 00 00 10 d3 fe 60 00 00 00 00
00 00 00 00 00 00 0b db fe fb 5c 00 00 00 00 00 00 00 00 00 54 fe e8 2c 00 00 00 00
00 00 00 00 00 00 65 fe fe 8d 00 00 00 00 00 00 00 00 00 00 a2 fe e7 2a 00 00 00 00
00 00 00 00 00 00 eb fe e3 2a 00 00 00 00 00 00 00 00 00 33 ee fe d5 00 00 00 00 00
00 00 00 00 00 00 eb fe c7 00 00 00 00 00 00 00 00 00 00 a0 fe e5 34 00 00 00 00 00
00 00 00 00 00 00 eb fe c7 00 00 00 00 00 00 00 0a 54 96 fd fe 93 00 00 00 00 00 00
00 00 00 00 00 00 eb fe d5 14 00 00 00 00 11 3f 9e fe fe fe 9b 0c 00 00 00 00 00 00
00 00 00 00 00 00 7a f8 fe cc 62 2a b1 b4 c8 fe fe fd d5 52 0a 00 00 00 00 00 00 00
00 00 00 00 00 00 00 cb fe fe fe fe fe fe fe fb db 5e 00 00 00 00 00 00 00 00 00 00
00 00 00 00 00 00 00 23 dd fe fe fe fe fe d9 5f 00 00 00 00 00 00 00 00 00 00 00 00
00 00 00 00 00 00 00 00 00 00 00 00 00 00 00 00 00 00 00 00 00 00 00 00 00 00 00 00
00 00 00 00 00 00 00 00 00 00 00 00 00 00 00 00 00 00 00 00 00 00 00 00 00 00 00 00
00 00 00 00 00 00 00 00 00 00 00 00 00 00 00 00 00 00 00 00 00 00 00 00 00 00 00 00
00 00 00 00 00 00 00 00 00 00 00 00 00 00 00 00 00 00 00 00 00 00 00 00 00 00 00 00
