00 00 00 00 00 00 00 00 00 00 00 00 00 00 00 00 00 00 00 00 00 00 00 00 00 00 00 00
00 00 00 00 00 00 00 00 00 00 00 00 00 00 00 00 00 00 00 00 00 00 00 00 00 00 00 00
00 00 00 00 00 00 00 00 00 00 00 00 00 00 00 00 00 00 00 00 00 00 00 00 00 00 00 00
00 00 00 00 00 00 00 00 00 00 00 00 00 00 00 00 00 00 00 00 00 00 00 00 00 00 00 00
00 00 00 00 00 00 00 00 00 00 00 00 00 00 00 00 00 00 00 00 00 00 00 00 00 00 00 00
00 00 00 00 00 00 00 00 00 00 00 00 00 00 00 00 00 00 00 00 00 00 00 00 00 00 00 00
00 00 00 00 00 00 00 00 00 00 00 00 00 00 00 00 00 00 00 00 1d 8d c6 ff c6 00 00 00
00 00 00 00 00 00 00 00 00 00 00 00 00 00 00 00 00 56 8d c6 ff ff ff ff aa 00 00 00
00 00 00 00 00 00 00 00 00 00 00 00 00 00 1d 8d e2 ff ff ff ff c6 56 00 00 00 00 00
00 00 00 00 00 00 00 00 00 00 00 00 00 00 aa ff ff aa 56 56 00 00 00 00 00 00 00 00
00 00 00 00 00 00 00 00 00 00 00 00 00 8d e2 aa 39 00 00 00 00 00 00 00 00 00 00 00
00 00 00 00 00 00 00 00 00 00 00 00 56 ff c6 1d 00 00 00 00 00 00 00 00 00 00 00 00
00 00 00 00 00 00 00 00 00 00 00 00 c6 ff 8d 56 39 00 00 00 00 00 00 00 00 00 00 00
00 00 00 00 00 00 00 00 00 00 00 aa ff c6 72 e2 aa 1d 00 00 00 00 00 00 00 00 00 00
00 00 00 00 00 00 00 00 00 39 c6 ff 72 1d 00 8d ff 1d 00 00 00 00 00 00 00 00 00 00
00 00 00 00 00 00 00 00 00 72 ff 72 00 00 00 8d ff 1d 00 00 00 00 00 00 00 00 00 00
00 00 00 00 00 00 00 00 00 00 1d 00 00 00 00 e2 ff 1d 00 00 00 00 00 00 00 00 00 00
00 00 00 00 00 00 00 00 00 00 00 00 00 00 72 ff 8d 00 00 00 00 00 00 00 00 00 00 00
00 00 00 00 00 56 00 00 00 00 00 00 00 72 e2 e2 1d 00 00 00 00 00 00 00 00 00 00 00
00 00 00 00 00 ff c6 56 00 00 00 8d ff ff aa 1d 00 00 00 00 00 00 00 00 00 00 00 00
00 00 00 00 00 e2 ff e2 aa e2 ff ff c6 1d 00 00 00 00 00 00 00 00 00 00 00 00 00 00
00 00 00 00 00 56 c6 ff ff aa 8d 39 00 00 00 00 00 00 00 00 00 00 00 00 00 00 00 00
00 00 00 00 00 00 00 00 00 00 00 00 00 00 00 00 00 00 00 00 00 00 00 00 00 00 00 00
00 00 00 00 00 00 00 00 00 00 00 00 00 00 00 00 00 00 00 00 00 00 00 00 00 00 00 00
00 00 00 00 00 00 00 00 00 00 00 00 00 00 00 00 00 00 00 00 00 00 00 00 00 00 00 00
00 00 00 00 00 00 00 00 00 00 00 00 00 00 00 00 00 00 00 00 00 00 00 00 00 00 00 00
00 00 00 00 00 00 00 00 00 00 00 00 00 00 00 00 00 00 00 00 00 00 00 00 00 00 00 00
00 00 00 00 00 00 00 00 00 00 00 00 00 00 00 00 00 00 00 00 00 00 00 00 00 00 00 00
