00 00 00 00 00 00 00 00 00 00 00 00 00 00 00 00 00 00 00 00 00 00 00 00 00 00 00 00
00 00 00 00 00 00 00 00 00 00 00 00 00 00 00 00 00 00 00 00 00 00 00 00 00 00 00 00
00 00 00 00 00 00 00 00 00 00 00 00 00 00 00 00 00 00 00 00 00 00 00 00 00 00 00 00
00 00 00 00 00 00 00 00 00 00 00 00 00 00 00 00 00 00 00 00 00 00 00 00 00 00 00 00
00 00 00 00 00 00 00 00 00 00 00 0e 91 e6 6a 00 00 00 00 00 00 00 00 00 00 00 00 00
00 00 00 00 00 00 00 00 00 00 00 4a fe fe fd 74 00 00 00 00 00 00 00 00 00 00 00 00
00 00 00 00 00 00 00 00 00 00 00 4a fe e5 b4 fd 6c 00 00 00 00 00 00 00 00 00 00 00
00 00 00 00 00 00 00 00 00 00 00 14 e8 fe 4a fe 9b 00 00 00 00 00 00 00 00 00 00 00
00 00 00 00 00 00 00 00 00 00 00 00 d5 fe 2a a4 9b 00 00 00 00 00 00 00 00 00 00 00
00 00 00 00 00 00 00 00 00 00 00 00 79 fe 47 9c 9b 00 1a 4a 4a a7 95 29 00 00 00 00
00 00 00 00 00 00 00 00 00 00 00 00 1d fe 97 53 89 5d eb fe f3 bb 5c 20 00 00 00 00
00 00 00 00 00 00 00 00 00 00 00 00 10 fe fd 7d ed fe cf 5e 19 00 00 00 00 00 00 00
00 00 00 00 00 00 00 00 00 00 00 00 09 d9 fe fe fc 81 0a 00 00 00 00 00 00 00 00 00
00 00 00 00 00 00 00 00 00 00 00 00 20 dd fe fe 5c 00 00 00 00 00 00 00 00 00 00 00
00 00 00 00 00 00 00 00 00 00 00 3b e3 fe fe fe 34 00 00 00 00 00 00 00 00 00 00 00
00 00 00 00 00 00 00 00 00 00 4b dc c3 c9 e7 fe 9a 00 00 00 00 00 00 00 00 00 00 00
00 00 00 00 00 00 00 00 00 00 a7 e5 31 16 b1 fe 9b 00 00 00 00 00 00 00 00 00 00 00
00 00 00 00 00 00 00 00 00 2d ca f1 19 00 0c fe f9 04 00 00 00 00 00 00 00 00 00 00
00 00 00 00 00 00 00 00 00 74 f6 54 00 00 06 fe fe 05 00 00 00 00 00 00 00 00 00 00
00 00 00 00 00 00 00 00 2a f8 dc 00 00 00 6d fe fe 05 00 00 00 00 00 00 00 00 00 00
00 00 00 00 00 00 00 00 63 fe 7d 00 00 2d e1 fe a0 02 00 00 00 00 00 00 00 00 00 00
00 00 00 00 00 00 00 00 34 fe 80 03 43 f2 fe c9 08 00 00 00 00 00 00 00 00 00 00 00
00 00 00 00 00 00 00 00 1d ef f5 bc fe f0 6c 00 00 00 00 00 00 00 00 00 00 00 00 00
00 00 00 00 00 00 00 00 00 45 f6 ff a2 47 00 00 00 00 00 00 00 00 00 00 00 00 00 00
00 00 00 00 00 00 00 00 00 00 00 00 00 00 00 00 00 00 00 00 00 00 00 00 00 00 00 00
00 00 00 00 00 00 00 00 00 00 00 00 00 00 00 00 00 00 00 00 00 00 00 00 00 00 00 00
00 00 00 00 00 00 00 00 00 00 00 00 00 00 00 00 00 00 00 00 00 00 00 00 00 00 00 00
00 00 00 00 00 00 00 00 00 00 00 00 00 00 00 00 00 00 00 00 00 00 00 00 00 00 00 00
