00 00 00 00 00 00 00 00 00 00 00 00 00 00 00 00 00 00 00 00 00 00 00 00 00 00 00 00
00 00 00 00 00 00 00 00 00 00 00 00 00 00 00 00 00 00 00 00 00 00 00 00 00 00 00 00
00 00 00 00 00 00 00 00 00 00 00 00 00 00 00 00 00 00 00 00 00 00 00 00 00 00 00 00
00 00 00 00 00 00 00 00 00 00 00 00 00 00 00 00 00 00 00 00 00 00 00 00 00 00 00 00
00 00 00 00 00 00 00 00 00 00 00 00 00 00 00 00 00 00 00 00 00 00 00 00 00 00 00 00
00 00 00 00 00 00 00 00 00 00 00 00 00 00 00 00 00 00 00 00 00 00 00 00 00 00 00 00
00 00 00 00 00 00 00 00 00 00 00 00 04 45 94 d2 da 87 00 00 00 00 00 00 00 00 00 00
00 00 00 00 00 00 00 00 00 00 00 1d 8e fc fc fd fc ee 1c 00 00 00 00 00 00 00 00 00
00 00 00 00 00 00 00 00 00 00 1f d5 fc fc be 7f d4 fc ba 04 00 00 00 00 00 00 00 00
00 00 00 00 00 00 00 00 00 00 94 fc f7 77 0e 00 55 fc fc 2a 00 00 00 00 00 00 00 00
00 00 00 00 00 00 00 00 00 00 ec fc bb 00 00 00 32 f4 fc 56 00 00 00 00 00 00 00 00
00 00 00 00 00 00 00 00 00 a8 fe cc 09 00 00 00 00 6e fd d1 00 00 00 00 00 00 00 00
00 00 00 00 00 00 00 00 00 d3 fd a8 00 00 00 00 00 16 fc fc 00 00 00 00 00 00 00 00
00 00 00 00 00 00 00 00 00 ca fd d2 0b 00 00 00 08 ad fc fc 62 00 00 00 00 00 00 00
00 00 00 00 00 00 00 00 00 50 fd fc 76 00 00 26 ab fc fc c7 50 00 00 00 00 00 00 00
00 00 00 00 00 00 00 00 00 00 a5 fc f0 6a c2 ec fc fc 9b 07 00 00 00 00 00 00 00 00
00 00 00 00 00 00 00 00 00 00 3e c7 fd fd fd ff fd d6 00 00 00 00 00 00 00 00 00 00
00 00 00 00 00 00 00 00 00 00 00 15 9f a8 cb fd fc 5b 00 00 00 00 00 00 00 00 00 00
00 00 00 00 00 00 00 00 00 00 00 00 00 00 9e fd f5 13 00 00 00 00 00 00 00 00 00 00
00 00 00 00 00 00 00 00 00 00 00 00 00 00 d3 fd a8 00 00 00 00 00 00 00 00 00 00 00
00 00 00 00 00 00 00 00 00 00 00 00 00 00 d3 fd a8 00 00 00 00 00 00 00 00 00 00 00
00 00 00 00 00 00 00 00 00 00 00 00 00 00 d4 ff a8 00 00 00 00 00 00 00 00 00 00 00
00 00 00 00 00 00 00 00 00 00 00 00 00 00 d3 fd a8 00 00 00 00 00 00 00 00 00 00 00
00 00 00 00 00 00 00 00 00 00 00 00 00 00 d3 fd a8 00 00 00 00 00 00 00 00 00 00 00
00 00 00 00 00 00 00 00 00 00 00 00 00 00 d3 fd a8 00 00 00 00 00 00 00 00 00 00 00
00 00 00 00 00 00 00 00 00 00 00 00 00 00 7c fd 50 00 00 00 00 00 00 00 00 00 00 00
00 00 00 00 00 00 00 00 00 00 00 00 00 00 00 00 00 00 00 00 00 00 00 00 00 00 00 00
00 00 00 00 00 00 00 00 00 00 00 00 00 00 00 00 00 00 00 00 00 00 00 00 00 00 00 00
