00 00 00 00 00 00 00 00 00 00 00 00 00 00 00 00 00 00 00 00 00 00 00 00 00 00 00 00
00 00 00 00 00 00 00 00 00 00 00 00 00 00 00 00 00 00 00 00 00 00 00 00 00 00 00 00
00 00 00 00 00 00 00 00 00 00 00 00 00 00 00 00 00 00 00 00 00 00 00 00 00 00 00 00
00 00 00 00 00 00 00 00 00 00 00 00 00 00 47 bf 7a 46 00 00 00 00 00 00 00 00 00 00
00 00 00 00 00 00 00 00 00 00 00 00 00 00 93 fd fe bf 0b 00 00 00 00 00 00 00 00 00
00 00 00 00 00 00 00 00 00 00 00 00 00 4a f2 fd fe fd 1a 00 00 00 00 00 00 00 00 00
00 00 00 00 00 00 00 00 00 00 00 00 23 ef fd fd fe a2 04 00 00 00 00 00 00 00 00 00
00 00 00 00 00 00 00 00 00 00 00 00 92 fd fd fd bb 25 00 00 00 00 00 00 00 00 00 00
00 00 00 00 00 00 00 00 00 00 00 8b e9 fd fd fd 00 00 00 00 00 00 00 00 00 00 00 00
00 00 00 00 00 00 00 00 00 00 00 bb fd fd fb 8e 00 00 00 00 00 00 00 00 00 00 00 00
00 00 00 00 00 00 00 00 00 00 2b e5 fd fd 9b 00 00 00 00 00 00 00 00 00 00 00 00 00
00 00 00 00 00 00 00 00 00 00 91 fd fd fd 6b 00 00 00 00 00 00 00 00 00 00 00 00 00
00 00 00 00 00 00 00 00 00 00 c9 fd fd fd 6b 00 00 00 00 00 00 00 00 00 00 00 00 00
00 00 00 00 00 00 00 00 00 27 e3 fe fe fe b0 79 7a 06 00 00 00 00 00 00 00 00 00 00
00 00 00 00 00 00 00 00 00 51 fd fd fd fd fd fd fe f2 bf 11 00 00 00 00 00 00 00 00
00 00 00 00 00 00 00 00 00 51 fd fd fd fd fd fd fe fd fd 77 14 00 00 00 00 00 00 00
00 00 00 00 00 00 00 00 00 37 ed fd fd fd ce ad fe fd fd fd bb 15 00 00 00 00 00 00
00 00 00 00 00 00 00 00 00 00 c9 fd fd fd 91 20 35 d0 fd fd fd 66 00 00 00 00 00 00
00 00 00 00 00 00 00 00 00 3c f0 fd fd fd fd da 36 d1 fd fd fd c7 00 00 00 00 00 00
00 00 00 00 00 00 00 00 00 1a c4 fd fd fd fd fd ff fd fd fd f3 62 00 00 00 00 00 00
00 00 00 00 00 00 00 00 00 00 19 c5 fd fd fd fd ff fd fd fd ac 00 00 00 00 00 00 00
00 00 00 00 00 00 00 00 00 00 00 17 80 f1 fd fd ff fd fd c7 16 00 00 00 00 00 00 00
00 00 00 00 00 00 00 00 00 00 00 00 00 0d 78 be b7 c4 78 13 00 00 00 00 00 00 00 00
00 00 00 00 00 00 00 00 00 00 00 00 00 00 00 00 00 00 00 00 00 00 00 00 00 00 00 00
00 00 00 00 00 00 00 00 00 00 00 00 00 00 00 00 00 00 00 00 00 00 00 00 00 00 00 00
00 00 00 00 00 00 00 00 00 00 00 00 00 00 00 00 00 00 00 00 00 00 00 00 00 00 00 00
00 00 00 00 00 00 00 00 00 00 00 00 00 00 00 00 00 00 00 00 00 00 00 00 00 00 00 00
00 00 00 00 00 00 00 00 00 00 00 00 00 00 00 00 00 00 00 00 00 00 00 00 00 00 00 00
