00 00 00 00 00 00 00 00 00 00 00 00 00 00 00 00 00 00 00 00 00 00 00 00 00 00 00 00
00 00 00 00 00 00 00 00 00 00 00 00 00 00 00 00 00 00 00 00 00 00 00 00 00 00 00 00
00 00 00 00 00 00 00 00 00 00 00 00 00 00 00 00 00 00 00 00 00 00 00 00 00 00 00 00
00 00 00 00 00 00 00 00 00 00 00 00 00 00 00 00 00 00 00 00 00 00 00 00 00 00 00 00
00 00 00 00 00 00 00 00 00 00 00 00 00 24 73 fd fd fd 60 18 00 00 00 00 00 00 00 00
00 00 00 00 00 00 00 00 00 18 70 33 83 d6 fb fb fb fb fd b9 10 00 00 00 00 00 00 00
00 00 00 00 00 00 00 00 30 dd fb fb fb fd fb fb fb fb fd fb 7e 00 00 00 00 00 00 00
00 00 00 00 00 00 00 00 60 fb fb eb bc 1f 1f 1f 1f 81 d5 fb 9c 08 00 00 00 00 00 00
00 00 00 00 00 00 00 00 24 d4 fb 59 00 00 00 00 00 00 60 fb fb 1f 00 00 00 00 00 00
00 00 00 00 00 00 00 00 00 00 00 00 00 00 00 00 00 00 60 fd fd 1f 00 00 00 00 00 00
00 00 00 00 00 00 00 00 00 00 00 00 00 00 00 00 00 14 d6 fb eb 1b 00 00 00 00 00 00
00 00 00 00 00 00 00 00 00 00 00 00 00 00 00 00 00 9e fd fb 7e 00 00 00 00 00 00 00
00 00 00 00 00 00 00 00 00 00 00 00 00 00 00 00 38 f0 fd fb 7e 00 00 00 00 00 00 00
00 00 00 00 00 00 00 00 00 00 00 00 00 00 00 00 a2 fb fd e7 2f 00 00 00 00 00 00 00
00 00 00 00 00 00 00 00 00 00 00 00 00 00 0c ae fd fd db 27 00 00 00 00 00 00 00 00
00 00 00 00 00 00 00 00 00 00 00 00 00 20 9e fb fb fb 8a 00 00 00 00 00 00 00 00 00
00 00 00 00 00 00 00 50 80 7f 7f 7f 7f fd fb fb fb ac 00 00 00 00 00 00 00 00 00 00
00 00 00 00 00 20 68 f0 fd fb fb fb fb fd fb fb c4 0c 00 00 00 00 00 00 00 00 00 00
00 00 00 00 14 cd fb fb fd fb fb fb fb fd fb fb bc 00 00 00 00 00 00 00 00 00 00 00
00 00 00 00 bf fd fd fd ff fd fd fd fd ff fd fd fd fd 3c 00 00 00 00 00 00 00 00 00
00 00 00 00 47 fb fb fb fd fb fb df dc 3f b9 fb fb fb e6 2f 00 00 00 00 00 00 00 00
00 00 00 00 10 bc fb fb fd eb 7e 0f 00 00 20 fb fb fb fd 8d 00 00 00 00 00 00 00 00
00 00 00 00 00 10 1f 1f 1f 1b 00 00 00 00 04 1f b9 fb fd dc 00 00 00 00 00 00 00 00
00 00 00 00 00 00 00 00 00 00 00 00 00 00 00 00 18 c1 fd 79 00 00 00 00 00 00 00 00
00 00 00 00 00 00 00 00 00 00 00 00 00 00 00 00 00 00 00 00 00 00 00 00 00 00 00 00
00 00 00 00 00 00 00 00 00 00 00 00 00 00 00 00 00 00 00 00 00 00 00 00 00 00 00 00
00 00 00 00 00 00 00 00 00 00 00 00 00 00 00 00 00 00 00 00 00 00 00 00 00 00 00 00
00 00 00 00 00 00 00 00 00 00 00 00 00 00 00 00 00 00 00 00 00 00 00 00 00 00 00 00
