00 00 00 00 00 00 00 00 00 00 00 00 00 00 00 00 00 00 00 00 00 00 00 00 00 00 00 00
00 00 00 00 00 00 00 00 00 00 00 00 00 00 00 00 00 00 00 00 00 00 00 00 00 00 00 00
00 00 00 00 00 00 00 00 00 00 00 00 00 00 3f ff ce 58 00 00 00 00 00 00 00 00 00 00
00 00 00 00 00 00 00 00 00 00 00 00 00 1a f0 fd fc 46 00 00 00 00 00 00 00 00 00 00
00 00 00 00 00 00 00 00 00 00 00 00 0d 9c fc fd ba 0c 00 00 00 00 00 00 00 00 00 00
00 00 00 00 00 00 00 00 00 00 00 00 96 fc fc f0 47 00 00 00 00 00 00 00 00 00 00 00
00 00 00 00 00 00 00 00 00 00 00 00 c5 fc fc 3f 00 00 00 00 00 00 00 00 00 00 00 00
00 00 00 00 00 00 00 00 00 00 00 93 fd fd fd 00 00 00 00 00 00 00 00 00 00 00 00 00
00 00 00 00 00 00 00 00 00 00 65 f9 fc f2 59 00 00 00 00 00 00 00 00 00 00 00 00 00
00 00 00 00 00 00 00 00 00 00 de fc fc c0 00 00 00 00 00 00 00 00 00 00 00 00 00 00
00 00 00 00 00 00 00 00 04 6b fd fc c6 1c 00 00 00 00 00 00 00 00 00 00 00 00 00 00
00 00 00 00 00 00 00 00 1d fc fd fc 37 00 00 00 00 00 00 00 00 00 00 00 00 00 00 00
00 00 00 00 00 00 00 00 5c fd ff a8 00 00 00 00 00 00 00 00 00 00 00 00 00 00 00 00
00 00 00 00 00 00 00 b0 f3 fc d7 21 00 00 00 00 00 00 39 a3 e2 b2 13 00 00 00 00 00
00 00 00 00 00 00 00 c5 fc fc 8c 00 00 00 00 00 13 39 bb fc fd fc 57 00 00 00 00 00
00 00 00 00 00 00 00 c5 fc fc 2f 00 00 00 00 4c c4 fc fc fc fd fc c3 00 00 00 00 00
00 00 00 00 00 00 00 c5 fc fc 00 00 00 00 00 bf fc fc fc fc fd fc 76 00 00 00 00 00
00 00 00 00 00 00 00 c6 fd fd 3f 00 00 0d bf ff fd fd ae fd ff a8 00 00 00 00 00 00
00 00 00 00 00 00 00 c5 fc fc f1 b2 55 b5 fc fd fc fc fc fc d7 21 00 00 00 00 00 00
00 00 00 00 00 00 00 4b e9 fc fd fc fc fc fc fd fc fc f5 c3 1f 00 00 00 00 00 00 00
00 00 00 00 00 00 00 00 48 ef fd fc fc fc fc fd f2 c0 4a 00 00 00 00 00 00 00 00 00
00 00 00 00 00 00 00 00 00 3f ae fc fc fc fc be 4a 00 00 00 00 00 00 00 00 00 00 00
00 00 00 00 00 00 00 00 00 00 00 00 00 00 00 00 00 00 00 00 00 00 00 00 00 00 00 00
00 00 00 00 00 00 00 00 00 00 00 00 00 00 00 00 00 00 00 00 00 00 00 00 00 00 00 00
00 00 00 00 00 00 00 00 00 00 00 00 00 00 00 00 00 00 00 00 00 00 00 00 00 00 00 00
00 00 00 00 00 00 00 00 00 00 00 00 00 00 00 00 00 00 00 00 00 00 00 00 00 00 00 00
00 00 00 00 00 00 00 00 00 00 00 00 00 00 00 00 00 00 00 00 00 00 00 00 00 00 00 00
00 00 00 00 00 00 00 00 00 00 00 00 00 00 00 00 00 00 00 00 00 00 00 00 00 00 00 00
