00 00 00 00 00 00 00 00 00 00 00 00 00 00 00 00 00 00 00 00 00 00 00 00 00 00 00 00
00 00 00 00 00 00 00 00 00 00 00 00 00 00 00 00 00 00 00 00 00 00 00 00 00 00 00 00
00 00 00 00 00 00 00 00 00 00 00 00 00 00 00 00 00 00 00 00 00 00 00 00 00 00 00 00
00 00 00 00 00 00 00 00 00 00 00 00 00 00 00 00 00 00 00 00 00 00 00 00 00 00 00 00
00 00 00 00 00 00 00 00 00 00 00 00 00 00 00 00 00 00 00 00 00 00 00 00 00 00 00 00
00 00 00 00 00 00 00 00 00 00 00 00 00 5e d4 fd ff fd e8 6d c0 4e 00 00 00 00 00 00
00 00 00 00 00 00 00 00 00 00 00 7d da f7 fc fc fd fc fc fc fd f2 3e 00 00 00 00 00
00 00 00 00 00 00 00 00 00 00 15 ce fd fc f6 d7 d9 ae 47 af fd fc af 00 00 00 00 00
00 00 00 00 00 00 00 00 00 00 00 90 fd 80 5c 00 00 00 01 90 fd fc d7 00 00 00 00 00
00 00 00 00 00 00 00 00 00 00 00 00 00 00 00 00 00 00 b5 fc fd dc 29 00 00 00 00 00
00 00 00 00 00 00 00 00 00 00 00 00 00 00 00 00 00 69 f2 fc fd 8a 00 00 00 00 00 00
00 00 00 00 00 00 00 00 00 00 00 00 00 00 06 25 b6 f2 fc fc 9a 0a 00 00 00 00 00 00
00 00 00 00 00 00 00 00 00 00 00 00 00 7d a0 fc fd fc e7 6c 00 00 00 00 00 00 00 00
00 00 00 00 00 00 00 00 00 00 00 3f ff fd fd fd ff 9f 29 00 00 00 00 00 00 00 00 00
00 00 00 00 00 00 00 00 00 00 00 90 fd fc fc fc bf 0f 00 00 00 00 00 00 00 00 00 00
00 00 00 00 00 00 00 00 00 00 00 7d e8 fc fc fc fd 95 0b 00 00 00 00 00 00 00 00 00
00 00 00 00 00 00 00 00 00 00 00 00 2f 6c 80 fc fd fc 47 00 00 00 00 00 00 00 00 00
00 00 00 00 00 00 00 00 00 00 00 00 00 00 00 54 ff fd d9 00 00 00 00 00 00 00 00 00
00 00 00 00 20 73 3e 00 00 00 00 00 00 00 00 00 fd fc ae 00 00 00 00 00 00 00 00 00
00 00 00 00 6d fc 47 00 00 00 00 00 00 00 06 78 fd fc 47 00 00 00 00 00 00 00 00 00
00 00 00 00 6d fc 9a 00 00 00 00 00 00 00 25 fc fd fc 47 00 00 00 00 00 00 00 00 00
00 00 00 00 6e fd fd fd 6d 4e 00 00 2f 6d d4 fd ff b4 00 00 00 00 00 00 00 00 00 00
00 00 00 00 0f b4 fc fc fc f2 d9 d9 e9 fc fc fc de 2d 00 00 00 00 00 00 00 00 00 00
00 00 00 00 00 15 b4 fc fc fc fc fc fd fc f6 84 29 00 00 00 00 00 00 00 00 00 00 00
00 00 00 00 00 00 10 6c 6c 94 fc a8 6c 6c 5c 00 00 00 00 00 00 00 00 00 00 00 00 00
00 00 00 00 00 00 00 00 00 00 00 00 00 00 00 00 00 00 00 00 00 00 00 00 00 00 00 00
00 00 00 00 00 00 00 00 00 00 00 00 00 00 00 00 00 00 00 00 00 00 00 00 00 00 00 00
00 00 00 00 00 00 00 00 00 00 00 00 00 00 00 00 00 00 00 00 00 00 00 00 00 00 00 00
