00 00 00 00 00 00 00 00 00 00 00 00 00 00 00 00 00 00 00 00 00 00 00 00 00 00 00 00
00 00 00 00 00 00 00 00 00 00 00 00 00 00 00 00 00 00 00 00 00 00 00 00 00 00 00 00
00 00 00 00 00 00 00 00 00 00 00 00 00 00 00 00 00 00 00 00 00 00 00 00 00 00 00 00
00 00 00 00 00 00 00 00 00 00 00 00 00 00 00 00 00 00 00 00 00 00 00 00 00 00 00 00
00 00 00 00 00 00 00 00 00 00 00 00 00 00 00 00 00 00 00 00 00 00 00 00 00 00 00 00
00 00 00 00 00 00 00 00 00 00 00 00 00 00 00 00 00 00 00 00 71 f4 c3 00 00 00 00 00
00 00 00 00 00 00 00 00 00 00 00 00 00 00 00 00 00 00 06 5b ec f9 49 00 00 00 00 00
00 00 00 00 00 00 00 00 00 00 00 2c 00 00 00 00 00 00 17 fc fc 96 00 00 00 00 00 00
00 00 00 00 00 00 00 00 00 00 2f ee 98 00 00 00 00 00 89 fc f5 18 00 00 00 00 00 00
00 00 00 00 00 00 00 00 00 00 a0 fc d0 00 00 00 00 42 f9 fc 5d 00 00 00 00 00 00 00
00 00 00 00 00 00 00 00 00 2c f1 fc 7a 00 00 00 00 89 fc d1 0c 00 00 00 00 00 00 00
00 00 00 00 00 00 00 00 06 71 fc f7 34 00 00 00 00 d1 fb 8c 00 00 00 00 00 00 00 00
00 00 00 00 00 00 00 00 97 fc fc 9a 00 00 00 00 29 ec e6 00 00 00 00 00 00 00 00 00
00 00 00 00 00 00 00 1f f5 fc fc 15 00 00 00 00 94 fc e6 00 00 00 00 00 00 00 00 00
00 00 00 00 00 00 00 c3 fc fc fc df dc 8a 6f 0f d1 fc 86 00 00 00 00 00 00 00 00 00
00 00 00 00 00 00 1d e5 fd fd fd fd fd fd fd ff fd fd 87 00 00 00 00 00 00 00 00 00
00 00 00 00 00 00 00 6b 80 4d 4d 51 ba ba ba fd fc fc c9 00 00 00 00 00 00 00 00 00
00 00 00 00 00 00 00 00 00 00 00 00 00 00 00 fd fc aa 15 00 00 00 00 00 00 00 00 00
00 00 00 00 00 00 00 00 00 00 00 00 00 00 0a fd f7 2c 00 00 00 00 00 00 00 00 00 00
00 00 00 00 00 00 00 00 00 00 00 00 00 00 b6 fd a2 00 00 00 00 00 00 00 00 00 00 00
00 00 00 00 00 00 00 00 00 00 00 00 00 1b e7 fd 4d 00 00 00 00 00 00 00 00 00 00 00
00 00 00 00 00 00 00 00 00 00 00 00 00 4e fc fc 49 00 00 00 00 00 00 00 00 00 00 00
00 00 00 00 00 00 00 00 00 00 00 00 00 4e fc c9 00 00 00 00 00 00 00 00 00 00 00 00
00 00 00 00 00 00 00 00 00 00 00 00 00 4e fc 6f 00 00 00 00 00 00 00 00 00 00 00 00
00 00 00 00 00 00 00 00 00 00 00 00 00 4e fc 0e 00 00 00 00 00 00 00 00 00 00 00 00
00 00 00 00 00 00 00 00 00 00 00 00 00 00 00 00 00 00 00 00 00 00 00 00 00 00 00 00
00 00 00 00 00 00 00 00 00 00 00 00 00 00 00 00 00 00 00 00 00 00 00 00 00 00 00 00
00 00 00 00 00 00 00 00 00 00 00 00 00 00 00 00 00 00 00 00 00 00 00 00 00 00 00 00
