00 00 00 00 00 00 00 00 00 00 00 00 00 00 00 00 00 00 00 00 00 00 00 00 00 00 00 00
00 00 00 00 00 00 00 00 00 00 00 00 00 00 00 00 00 00 00 00 00 00 00 00 00 00 00 00
00 00 00 00 00 00 00 00 00 00 00 00 00 00 00 00 00 00 00 00 00 00 00 00 00 00 00 00
00 00 00 00 00 00 00 19 ca fe fe fe fe 4c 00 00 00 00 00 00 00 00 00 00 00 00 00 00
00 00 00 00 00 00 19 6a fd fd fd fd fd ee b7 19 00 00 00 00 00 00 00 00 00 00 00 00
00 00 00 00 00 00 ca fd fd fd f9 f0 fd fd fd c9 09 00 00 00 00 00 00 00 00 00 00 00
00 00 00 00 00 00 fe fd f6 85 5f 10 85 f7 fd fd c7 15 00 00 00 00 00 00 00 00 00 00
00 00 00 00 00 00 b3 8e 1b 00 00 00 00 51 ec fd fe b0 00 00 00 00 00 00 00 00 00 00
00 00 00 00 00 00 00 00 00 00 00 00 00 00 c2 fd fe c1 00 00 00 00 00 00 00 00 00 00
00 00 00 00 00 00 00 00 00 00 00 00 00 00 c2 fd fe c1 00 00 00 00 00 00 00 00 00 00
00 00 00 00 00 00 00 00 00 00 00 00 00 00 c2 fd fe 8c 00 00 00 00 00 00 00 00 00 00
00 00 00 00 00 00 00 00 00 00 00 00 00 60 ef fd ec 24 00 00 00 00 00 00 00 00 00 00
00 00 00 00 00 00 00 00 00 00 00 00 00 ef fd fd 95 00 00 00 00 00 00 00 00 00 00 00
00 00 00 00 00 00 00 00 00 00 00 00 00 f1 fe fe 59 00 00 00 00 00 00 00 00 00 00 00
00 00 00 00 00 00 00 00 00 00 00 08 8b fb fd d9 00 00 00 00 00 00 00 00 00 00 00 00
00 00 00 00 00 00 00 00 00 00 05 83 fd fd e0 25 00 00 00 00 00 00 00 00 00 00 00 00
00 00 00 00 00 00 00 00 00 00 92 fd fd fd 89 00 00 00 00 00 00 00 00 00 00 00 00 00
00 00 00 00 00 00 00 00 00 6b fa fd fd e2 2a 00 00 00 00 00 00 00 00 00 00 00 00 00
00 00 00 00 00 00 00 00 0b d6 fd fd fd 39 00 00 00 00 00 00 00 00 00 00 00 00 00 00
00 00 00 00 00 00 00 00 0f fd fd fd fd 8d 70 00 00 00 00 00 00 00 00 00 00 00 00 00
00 00 00 00 00 00 00 00 0a ce fd fd fd fd fb ef f1 ef ef ef ef ef ef ef ef f0 00 00
00 00 00 00 00 00 00 00 00 63 dd fd fd fd fd fd fe fd fd fd fd fd fd fd da 78 00 00
00 00 00 00 00 00 00 00 00 00 1f 68 68 68 82 fd ff fd fd fd d1 68 68 68 18 00 00 00
00 00 00 00 00 00 00 00 00 00 00 00 00 00 00 00 00 00 00 00 00 00 00 00 00 00 00 00
00 00 00 00 00 00 00 00 00 00 00 00 00 00 00 00 00 00 00 00 00 00 00 00 00 00 00 00
00 00 00 00 00 00 00 00 00 00 00 00 00 00 00 00 00 00 00 00 00 00 00 00 00 00 00 00
00 00 00 00 00 00 00 00 00 00 00 00 00 00 00 00 00 00 00 00 00 00 00 00 00 00 00 00
00 00 00 00 00 00 00 00 00 00 00 00 00 00 00 00 00 00 00 00 00 00 00 00 00 00 00 00
