00 00 00 00 00 00 00 00 00 00 00 00 00 00 00 00 00 00 00 00 00 00 00 00 00 00 00 00
00 00 00 00 00 00 00 00 00 00 00 00 00 00 00 00 00 00 00 00 00 00 00 00 00 00 00 00
00 00 00 00 00 00 00 00 00 00 00 00 00 00 00 00 00 00 00 00 00 00 00 00 00 00 00 00
00 00 00 00 00 00 00 00 00 00 00 00 00 00 00 00 00 00 00 00 00 00 00 00 00 00 00 00
00 00 00 00 00 00 00 00 00 00 00 00 00 00 00 00 00 00 11 d6 be 00 00 00 00 00 00 00
00 00 00 00 00 00 00 00 00 00 00 00 00 00 00 00 00 00 67 fe bd 00 00 00 00 00 00 00
00 00 00 00 00 00 00 00 00 00 00 00 00 00 00 00 00 00 94 fe bd 00 00 00 00 00 00 00
00 00 00 00 00 00 00 00 00 00 00 00 00 00 00 00 00 09 e4 fe 65 00 00 00 00 00 00 00
00 00 00 00 00 00 00 00 00 00 00 00 00 00 00 00 00 6e fe d8 0d 00 00 00 00 00 00 00
00 00 00 00 00 00 00 00 00 00 00 00 00 00 00 00 00 ec fe cf 00 00 00 00 00 00 00 00
00 00 00 00 00 00 00 00 00 00 00 00 00 00 00 00 38 fc fe 5c 00 00 00 00 00 00 00 00
00 00 00 00 00 00 00 00 00 48 8c 0b 00 00 00 09 b6 fe 9e 00 00 00 00 00 00 00 00 00
00 00 00 00 00 00 00 00 00 aa fb 2a 00 00 00 60 fe fe 6b 00 00 00 00 00 00 00 00 00
00 00 00 00 00 00 00 00 3f f6 f9 00 00 00 00 b2 fe da 20 00 00 00 00 00 00 00 00 00
00 00 00 00 00 00 00 00 7e fe fa 23 00 00 60 f5 fe 58 00 00 00 00 00 00 00 00 00 00
00 00 00 00 00 00 00 a0 f7 fe fe e8 c2 60 da ff fe 5e 00 00 00 00 00 00 00 00 00 00
00 00 00 00 00 00 00 be fe fe fe fe fe fe fe fe fe f3 00 00 00 00 00 00 00 00 00 00
00 00 00 00 00 00 00 04 67 4a 08 87 f5 fe fe fa be 3f 00 00 00 00 00 00 00 00 00 00
00 00 00 00 00 00 00 00 00 00 00 00 38 ff fe 91 00 00 00 00 00 00 00 00 00 00 00 00
00 00 00 00 00 00 00 00 00 00 00 05 b2 fe f0 21 00 00 00 00 00 00 00 00 00 00 00 00
00 00 00 00 00 00 00 00 00 00 00 6f fe fe 5c 00 00 00 00 00 00 00 00 00 00 00 00 00
00 00 00 00 00 00 00 00 00 00 00 8e fe eb 28 00 00 00 00 00 00 00 00 00 00 00 00 00
00 00 00 00 00 00 00 00 00 00 06 ef fe 94 00 00 00 00 00 00 00 00 00 00 00 00 00 00
00 00 00 00 00 00 00 00 00 00 01 96 d8 05 00 00 00 00 00 00 00 00 00 00 00 00 00 00
00 00 00 00 00 00 00 00 00 00 00 00 00 00 00 00 00 00 00 00 00 00 00 00 00 00 00 00
00 00 00 00 00 00 00 00 00 00 00 00 00 00 00 00 00 00 00 00 00 00 00 00 00 00 00 00
00 00 00 00 00 00 00 00 00 00 00 00 00 00 00 00 00 00 00 00 00 00 00 00 00 00 00 00
00 00 00 00 00 00 00 00 00 00 00 00 00 00 00 00 00 00 00 00 00 00 00 00 00 00 00 00
