00 00 00 00 00 00 00 00 00 00 00 00 00 00 00 00 00 00 00 00 00 00 00 00 00 00 00 00
00 00 00 00 00 00 00 00 00 00 00 00 00 00 00 00 00 00 00 00 00 00 00 00 00 00 00 00
00 00 00 00 00 00 00 00 00 00 00 00 00 00 00 00 00 00 00 00 00 00 00 00 00 00 00 00
00 00 00 00 00 00 00 00 00 00 00 00 00 00 00 00 00 00 00 00 00 00 00 00 00 00 00 00
00 00 00 00 00 00 00 00 00 00 00 00 00 00 00 00 00 00 00 00 e6 91 00 00 00 00 00 00
00 00 00 00 00 00 00 00 00 00 00 00 00 00 00 00 00 00 00 3e f9 6a 00 00 00 00 00 00
00 00 00 00 00 00 00 00 00 00 00 00 00 00 00 00 00 00 12 da fc 47 00 00 00 00 00 00
00 00 00 00 00 00 00 00 00 00 00 00 00 00 00 00 00 00 20 fe ea 00 00 00 00 00 00 00
00 00 00 00 00 00 00 00 00 00 00 00 00 00 00 00 00 00 80 fe 55 00 00 00 00 00 00 00
00 00 00 00 00 00 00 00 00 00 00 00 00 00 00 00 00 1a d4 e8 12 00 00 00 00 00 00 00
00 00 00 00 00 00 00 00 00 00 00 33 0c 00 00 00 03 8d fe aa 00 00 00 00 00 00 00 00
00 00 00 00 00 00 00 00 00 00 4a d0 a6 00 00 00 6f fe ea 19 00 00 00 00 00 00 00 00
00 00 00 00 00 00 00 00 00 0e d2 fe 58 00 00 03 bf fe b2 00 00 00 00 00 00 00 00 00
00 00 00 00 00 00 00 00 00 c2 fe b5 22 00 00 79 fe ec 34 00 00 00 00 00 00 00 00 00
00 00 00 00 00 00 00 00 21 f2 ff b5 64 10 00 cb fe a6 00 00 00 00 00 00 00 00 00 00
00 00 00 00 00 00 00 15 e0 fe fe fe fe f9 a7 fe f8 36 00 00 00 00 00 00 00 00 00 00
00 00 00 00 00 00 00 25 fe f5 a6 7c bc fe fe fe b8 59 59 1a 00 00 00 00 00 00 00 00
00 00 00 00 00 00 00 12 78 41 00 00 04 82 fe fe e0 df 9b 05 00 00 00 00 00 00 00 00
00 00 00 00 00 00 00 00 00 00 00 00 2d f3 fe 6d 02 00 00 00 00 00 00 00 00 00 00 00
00 00 00 00 00 00 00 00 00 00 00 00 9c fe cf 06 00 00 00 00 00 00 00 00 00 00 00 00
00 00 00 00 00 00 00 00 00 00 00 05 be fd 6a 00 00 00 00 00 00 00 00 00 00 00 00 00
00 00 00 00 00 00 00 00 00 00 00 6a fe f5 00 00 00 00 00 00 00 00 00 00 00 00 00 00
00 00 00 00 00 00 00 00 00 00 00 ba fe 7a 00 00 00 00 00 00 00 00 00 00 00 00 00 00
00 00 00 00 00 00 00 00 00 00 00 b5 cb 08 00 00 00 00 00 00 00 00 00 00 00 00 00 00
00 00 00 00 00 00 00 00 00 00 00 00 00 00 00 00 00 00 00 00 00 00 00 00 00 00 00 00
00 00 00 00 00 00 00 00 00 00 00 00 00 00 00 00 00 00 00 00 00 00 00 00 00 00 00 00
00 00 00 00 00 00 00 00 00 00 00 00 00 00 00 00 00 00 00 00 00 00 00 00 00 00 00 00
00 00 00 00 00 00 00 00 00 00 00 00 00 00 00 00 00 00 00 00 00 00 00 00 00 00 00 00
