00 00 00 00 00 00 00 00 00 00 00 00 00 00 00 00 00 00 00 00 00 00 00 00 00 00 00 00
00 00 00 00 00 00 00 00 00 00 00 00 00 00 00 00 00 00 00 00 00 00 00 00 00 00 00 00
00 00 00 00 00 00 00 00 00 00 00 00 00 00 00 00 00 00 00 00 00 00 00 00 00 00 00 00
00 00 00 00 00 00 00 00 00 00 00 00 00 00 00 00 00 00 00 00 00 00 00 00 00 00 00 00
00 00 00 00 00 00 00 00 00 59 b6 00 00 00 00 00 00 00 00 00 00 00 00 00 00 00 00 00
00 00 00 00 00 00 00 00 00 82 b5 00 00 00 00 00 00 00 00 00 00 00 00 00 00 00 00 00
00 00 00 00 00 00 00 00 0c bf b5 00 00 00 00 00 00 0d 50 0b 00 00 00 00 00 00 00 00
00 00 00 00 00 00 00 00 54 fe 69 00 00 00 00 00 00 a5 f4 31 00 00 00 00 00 00 00 00
00 00 00 00 00 00 00 00 b3 fc 46 00 00 00 00 00 27 fa 80 00 00 00 00 00 00 00 00 00
00 00 00 00 00 00 00 00 bc e4 00 00 00 00 00 00 2a ff 5a 00 00 00 00 00 00 00 00 00
00 00 00 00 00 00 00 21 f7 88 00 00 00 00 00 00 85 fe 0f 00 00 00 00 00 00 00 00 00
00 00 00 00 00 00 00 25 fe 7d 00 00 00 00 00 00 ac fe 0f 00 00 00 00 00 00 00 00 00
00 00 00 00 00 00 00 25 fe 7d 00 00 00 00 00 2b fc fe 0f 00 00 00 00 00 00 00 00 00
00 00 00 00 00 00 00 25 fe 7d 00 00 00 00 00 64 fe fe 40 35 3d 80 08 00 00 00 00 00
00 00 00 00 00 00 00 25 fe e4 cb c5 64 90 cb df fe fe fe fe fe e4 16 00 00 00 00 00
00 00 00 00 00 00 00 01 52 d1 fe fe fe fe fe fe fe f0 73 6d 6d 25 00 00 00 00 00 00
00 00 00 00 00 00 00 00 00 07 3e 6f 62 3e 54 ed f0 42 00 00 00 00 00 00 00 00 00 00
00 00 00 00 00 00 00 00 00 00 00 00 00 00 32 fc d5 00 00 00 00 00 00 00 00 00 00 00
00 00 00 00 00 00 00 00 00 00 00 00 00 00 35 fe d5 00 00 00 00 00 00 00 00 00 00 00
00 00 00 00 00 00 00 00 00 00 00 00 00 00 68 fe a1 00 00 00 00 00 00 00 00 00 00 00
00 00 00 00 00 00 00 00 00 00 00 00 00 00 9c fe 27 00 00 00 00 00 00 00 00 00 00 00
00 00 00 00 00 00 00 00 00 00 00 00 00 05 f1 a9 01 00 00 00 00 00 00 00 00 00 00 00
00 00 00 00 00 00 00 00 00 00 00 00 00 48 fe da 46 00 00 00 00 00 00 00 00 00 00 00
00 00 00 00 00 00 00 00 00 00 00 00 00 19 fe d6 16 00 00 00 00 00 00 00 00 00 00 00
00 00 00 00 00 00 00 00 00 00 00 00 00 00 00 00 00 00 00 00 00 00 00 00 00 00 00 00
00 00 00 00 00 00 00 00 00 00 00 00 00 00 00 00 00 00 00 00 00 00 00 00 00 00 00 00
00 00 00 00 00 00 00 00 00 00 00 00 00 00 00 00 00 00 00 00 00 00 00 00 00 00 00 00
00 00 00 00 00 00 00 00 00 00 00 00 00 00 00 00 00 00 00 00 00 00 00 00 00 00 00 00
