00 00 00 00 00 00 00 00 00 00 00 00 00 00 00 00 00 00 00 00 00 00 00 00 00 00 00 00
00 00 00 00 00 00 00 00 00 00 00 00 00 00 00 00 00 00 00 00 00 00 00 00 00 00 00 00
00 00 00 00 00 00 00 00 00 00 00 00 00 00 00 00 00 00 00 00 00 00 00 00 00 00 00 00
00 00 00 00 00 00 00 00 00 1d 87 a7 fe fe ff a9 19 00 00 00 00 00 00 00 00 00 00 00
00 00 00 00 00 00 00 00 40 ec fd fd fd fd fd fd d1 1a 00 00 00 00 00 00 00 00 00 00
00 00 00 00 00 00 00 36 f1 fd fd fa a5 92 fb fd fd 86 00 00 00 00 00 00 00 00 00 00
00 00 00 00 00 00 00 31 d2 af 66 27 00 00 42 de fd cc 09 00 00 00 00 00 00 00 00 00
00 00 00 00 00 00 00 00 00 00 00 00 00 00 00 78 fd fd a0 04 00 00 00 00 00 00 00 00
00 00 00 00 00 00 00 00 00 00 00 00 00 00 00 0a eb fd f9 0a 00 00 00 00 00 00 00 00
00 00 00 00 00 00 00 00 00 00 00 00 00 00 00 00 82 fd 9c 00 00 00 00 00 00 00 00 00
00 00 00 00 00 00 00 00 00 00 00 00 00 00 00 00 a7 fd 9c 00 00 00 00 00 00 00 00 00
00 00 00 00 00 00 00 00 00 00 00 00 00 00 00 00 ee fd 39 00 00 00 00 00 00 00 00 00
00 00 00 00 00 00 00 00 00 00 00 00 00 00 00 00 ee d7 12 00 00 00 00 00 00 00 00 00
00 00 00 00 00 00 00 00 00 00 00 00 00 00 00 49 fa c2 00 00 00 00 00 00 00 00 00 00
00 00 00 00 00 00 00 00 0d 67 21 09 00 00 00 93 fd c2 00 00 00 00 00 00 00 00 00 00
00 00 00 00 00 00 00 65 db fd fd c8 41 00 00 c8 fd c2 00 00 00 00 00 00 00 00 00 00
00 00 00 00 00 00 95 f7 fd fd fd fd c8 5c 15 dd fd 6b 00 00 00 00 00 00 00 00 00 00
00 00 00 00 00 05 bf fd db 77 d8 fd fd fd f6 fd dd 04 00 00 00 00 00 00 00 00 00 00
00 00 00 00 00 26 fd fd 66 00 04 66 ee fd fd fd 7c 00 00 00 00 00 09 30 00 00 00 00
00 00 00 00 00 26 fd fd d2 47 00 00 c3 fd fd fd e8 8b 68 04 00 2a a8 f2 1f 00 00 00
00 00 00 00 00 01 a2 eb fd fc 66 79 fc fd fd fd fd fd fd f9 f9 fb fd d6 11 00 00 00
00 00 00 00 00 00 00 22 6a fd fd fd e5 54 4b 73 b7 e6 fd fd fd fd d6 57 00 00 00 00
00 00 00 00 00 00 00 00 07 48 f2 ba 32 00 00 00 00 19 25 8d 91 37 11 00 00 00 00 00
00 00 00 00 00 00 00 00 00 00 00 00 00 00 00 00 00 00 00 00 00 00 00 00 00 00 00 00
00 00 00 00 00 00 00 00 00 00 00 00 00 00 00 00 00 00 00 00 00 00 00 00 00 00 00 00
00 00 00 00 00 00 00 00 00 00 00 00 00 00 00 00 00 00 00 00 00 00 00 00 00 00 00 00
00 00 00 00 00 00 00 00 00 00 00 00 00 00 00 00 00 00 00 00 00 00 00 00 00 00 00 00
00 00 00 00 00 00 00 00 00 00 00 00 00 00 00 00 00 00 00 00 00 00 00 00 00 00 00 00
