00 00 00 00 00 00 00 00 00 00 00 00 00 00 00 00 00 00 00 00 00 00 00 00 00 00 00 00
00 00 00 00 00 00 00 00 00 00 00 00 00 00 00 00 00 00 00 00 00 00 00 00 00 00 00 00
00 00 00 00 00 00 00 00 00 00 00 00 00 00 00 00 00 00 00 00 00 00 00 00 00 00 00 00
00 00 00 00 00 00 00 00 00 00 00 00 00 00 00 2f 6d d4 fd 6e 4e 00 00 00 00 00 00 00
00 00 00 00 00 00 00 00 00 00 00 00 00 0b 49 e9 fc fc fc fd f2 67 00 00 00 00 00 00
00 00 00 00 00 00 00 00 00 00 00 00 20 96 fc fd fc fc fc fd fc f1 4e 00 00 00 00 00
00 00 00 00 00 00 00 00 00 00 00 01 d9 fc fc fd fc 94 6c fd fc fc 6c 00 00 00 00 00
00 00 00 00 00 00 00 00 00 00 00 6d fc fc fc ce 67 00 00 3e ed fc 6c 00 00 00 00 00
00 00 00 00 00 00 00 00 00 00 00 0f de c8 61 14 00 00 00 20 e3 fc 6c 00 00 00 00 00
00 00 00 00 00 00 00 00 00 00 00 00 3e 14 00 00 00 00 00 d4 fc fc 6c 00 00 00 00 00
00 00 00 00 00 00 00 00 00 00 00 00 00 00 00 00 00 00 00 fd fc fc 6c 00 00 00 00 00
00 00 00 00 00 00 00 00 00 00 00 00 00 00 00 00 00 10 bf ff fd 9a 00 00 00 00 00 00
00 00 00 00 00 00 00 00 00 00 00 00 00 00 00 00 00 a1 fc fd e7 33 00 00 00 00 00 00
00 00 00 00 00 00 00 00 0b 20 15 25 25 20 00 00 49 e8 fc fd b3 00 00 00 00 00 00 00
00 00 00 00 00 00 00 3f af ec ce fd fc ec 90 3f ed fc fc fd 61 00 00 00 00 00 00 00
00 00 00 00 00 00 3f fd fd fd bf 91 ee fd fd ff fd fd fd 00 00 00 00 00 00 00 00 00
00 00 00 00 00 9c ed fc e7 9e 0f 00 5d fc fc fd fc f1 61 00 00 00 00 00 00 00 00 00
00 00 00 00 0b bf fc ec 47 00 00 25 b5 fc fc fd fc dd 10 00 00 00 00 00 00 00 00 00
00 00 00 00 9b fc fc 3e 00 69 90 fd fc fc fc fd fc fc be 00 00 00 00 00 00 00 00 00
00 00 00 6e fd fd fd 6d e9 fd fd ff fd ed 3e 3f ee fd fd 3f 00 00 00 00 00 00 00 00
00 00 00 4e f2 fc fc fc fc fc fc fd 94 1e 00 00 af fc fc ee c4 29 00 00 00 00 00 00
00 00 00 00 3e b4 fc fc dc d7 84 48 0a 00 00 00 3f f1 fc fd 9e 00 00 00 00 00 00 00
00 00 00 00 00 10 6c 6c 0f 00 00 00 00 00 00 00 00 b5 fc bf 0f 00 00 00 00 00 00 00
00 00 00 00 00 00 00 00 00 00 00 00 00 00 00 00 00 00 00 00 00 00 00 00 00 00 00 00
00 00 00 00 00 00 00 00 00 00 00 00 00 00 00 00 00 00 00 00 00 00 00 00 00 00 00 00
00 00 00 00 00 00 00 00 00 00 00 00 00 00 00 00 00 00 00 00 00 00 00 00 00 00 00 00
00 00 00 00 00 00 00 00 00 00 00 00 00 00 00 00 00 00 00 00 00 00 00 00 00 00 00 00
00 00 00 00 00 00 00 00 00 00 00 00 00 00 00 00 00 00 00 00 00 00 00 00 00 00 00 00
