00 00 00 00 00 00 00 00 00 00 00 00 00 00 00 00 00 00 00 00 00 00 00 00 00 00 00 00
00 00 00 00 00 00 00 00 00 00 00 00 00 00 00 00 00 00 00 00 00 00 00 00 00 00 00 00
00 00 00 00 00 00 00 00 00 00 00 00 00 00 00 00 00 00 00 00 00 00 00 00 00 00 00 00
00 00 00 00 00 00 00 00 00 00 00 00 00 00 00 00 00 00 00 00 00 00 00 00 00 00 00 00
00 00 00 00 00 00 00 00 00 00 00 00 00 00 00 00 00 00 00 00 00 00 00 00 00 00 00 00
00 00 00 00 00 00 00 00 00 00 00 00 00 00 00 00 00 00 00 00 00 00 00 00 00 00 00 00
00 00 00 00 00 00 00 00 00 00 14 86 fd fd 79 06 00 00 00 00 00 00 00 00 00 00 00 00
00 00 00 00 00 00 00 00 00 17 81 fc fc fc fd f0 51 00 00 00 00 00 00 00 00 00 00 00
00 00 00 00 00 00 00 00 00 67 fc fc fc fc fd fc 6e 00 00 00 00 00 00 00 00 00 00 00
00 00 00 00 00 00 00 00 16 cf fc fc f1 27 27 60 5a 37 00 00 00 00 00 00 00 00 00 00
00 00 00 00 00 00 00 00 67 fc fc fc cb 00 00 be f7 c1 0e 00 00 00 00 00 00 00 00 00
00 00 00 00 00 00 00 00 c8 fc fc fc 6a 00 5a f9 fc fc 96 00 00 00 00 00 00 00 00 00
00 00 00 00 00 00 00 00 c8 fc fc e9 21 00 79 fc fc fc b9 00 00 00 00 00 00 00 00 00
00 00 00 00 00 00 00 00 c8 fc fc f2 45 1b cc fc fc fc b9 00 00 00 00 00 00 00 00 00
00 00 00 00 00 00 00 00 c1 fc fc fc 7e f6 fd fc fc fc bd 04 00 00 00 00 00 00 00 00
00 00 00 00 00 00 00 00 43 fc fc fc f6 c4 fd fc fc fc fc 42 00 00 00 00 00 00 00 00
00 00 00 00 00 00 00 00 24 de fd fd fd fd ff fd fd fd fd 42 00 00 00 00 00 00 00 00
00 00 00 00 00 00 00 00 00 82 fc fc fc fc fd c3 fc fc fc 42 00 00 00 00 00 00 00 00
00 00 00 00 00 00 00 00 00 06 76 59 9e 9e 1a 9d fc fc e3 2a 00 00 00 00 00 00 00 00
00 00 00 00 00 00 00 00 00 00 00 00 00 00 00 c5 fc fc b9 00 00 00 00 00 00 00 00 00
00 00 00 00 00 00 00 00 00 00 00 00 00 00 00 8e fc fc b9 00 00 00 00 00 00 00 00 00
00 00 00 00 00 00 00 00 00 00 00 00 00 00 00 f0 fc fc 57 00 00 00 00 00 00 00 00 00
00 00 00 00 00 00 00 00 00 00 00 00 00 00 00 94 fc fc 35 00 00 00 00 00 00 00 00 00
00 00 00 00 00 00 00 00 00 00 00 00 00 00 00 6b fc fc 35 00 00 00 00 00 00 00 00 00
00 00 00 00 00 00 00 00 00 00 00 00 00 00 00 66 fa fc 35 00 00 00 00 00 00 00 00 00
00 00 00 00 00 00 00 00 00 00 00 00 00 00 00 00 e2 fc 35 00 00 00 00 00 00 00 00 00
00 00 00 00 00 00 00 00 00 00 00 00 00 00 00 00 00 00 00 00 00 00 00 00 00 00 00 00
00 00 00 00 00 00 00 00 00 00 00 00 00 00 00 00 00 00 00 00 00 00 00 00 00 00 00 00
