00 00 00 00 00 00 00 00 00 00 00 00 00 00 00 00 00 00 00 00 00 00 00 00 00 00 00 00
00 00 00 00 00 00 00 00 00 00 00 00 00 00 00 00 00 00 00 00 00 00 00 00 00 00 00 00
00 00 00 00 00 00 00 00 00 00 00 00 00 00 00 00 00 00 00 00 00 00 00 00 00 00 00 00
00 00 00 00 00 00 00 00 00 00 00 00 00 00 00 00 00 00 00 00 00 00 00 00 00 00 00 00
00 00 00 00 00 00 00 00 00 00 00 00 00 00 00 00 00 00 00 00 d5 df 00 00 00 00 00 00
00 00 00 00 00 00 00 00 00 00 00 00 00 00 00 00 00 00 00 14 e1 bd 00 00 00 00 00 00
00 00 00 00 00 00 00 00 00 00 00 00 00 00 00 00 00 00 01 75 fe 72 00 00 00 00 00 00
00 00 00 00 00 00 00 00 00 00 00 00 00 00 00 00 00 00 2e fe fe 5f 00 00 00 00 00 00
00 00 00 00 00 00 00 00 00 00 00 00 00 00 00 00 00 00 ab fe 8e 02 00 00 00 00 00 00
00 00 00 00 00 00 00 00 00 00 00 00 00 00 00 00 00 59 fd fc 29 00 00 00 00 00 00 00
00 00 00 00 00 00 00 00 00 03 46 3a 00 00 00 00 00 78 fe bd 00 00 00 00 00 00 00 00
00 00 00 00 00 00 00 00 00 83 fe 54 00 00 00 00 00 cf fe 6a 00 00 00 00 00 00 00 00
00 00 00 00 00 00 00 03 84 fc fb 38 00 00 00 00 6d fb e5 07 00 00 00 00 00 00 00 00
00 00 00 00 00 00 00 72 fe fc 74 00 00 00 00 0e e0 fe cc 00 00 00 00 00 00 00 00 00
00 00 00 00 00 00 2c e9 fe f4 12 5d 30 00 00 6c fe fe 50 00 00 00 00 00 00 00 00 00
00 00 00 00 00 00 d8 fe fe fe f2 fe f7 a9 82 f1 fe d5 0f 00 00 00 00 00 00 00 00 00
00 00 00 00 00 00 df fe fe e2 c3 c3 c3 e9 fe fe fe be 29 00 00 00 00 00 00 00 00 00
00 00 00 00 00 00 2d 8a 30 1a 00 00 00 75 fe fe a4 1e 00 00 00 00 00 00 00 00 00 00
00 00 00 00 00 00 00 00 00 00 00 00 09 d4 fe e7 29 00 00 00 00 00 00 00 00 00 00 00
00 00 00 00 00 00 00 00 00 00 00 00 5b ff fe 32 00 00 00 00 00 00 00 00 00 00 00 00
00 00 00 00 00 00 00 00 00 00 00 00 7e fe fe 10 00 00 00 00 00 00 00 00 00 00 00 00
00 00 00 00 00 00 00 00 00 00 00 00 7e fe a3 01 00 00 00 00 00 00 00 00 00 00 00 00
00 00 00 00 00 00 00 00 00 00 00 00 7e fe a2 00 00 00 00 00 00 00 00 00 00 00 00 00
00 00 00 00 00 00 00 00 00 00 00 00 7e fe 46 00 00 00 00 00 00 00 00 00 00 00 00 00
00 00 00 00 00 00 00 00 00 00 00 00 00 00 00 00 00 00 00 00 00 00 00 00 00 00 00 00
00 00 00 00 00 00 00 00 00 00 00 00 00 00 00 00 00 00 00 00 00 00 00 00 00 00 00 00
00 00 00 00 00 00 00 00 00 00 00 00 00 00 00 00 00 00 00 00 00 00 00 00 00 00 00 00
00 00 00 00 00 00 00 00 00 00 00 00 00 00 00 00 00 00 00 00 00 00 00 00 00 00 00 00
