00 00 00 00 00 00 00 00 00 00 00 00 00 00 00 00 00 00 00 00 00 00 00 00 00 00 00 00
00 00 00 00 00 00 00 00 00 00 00 00 00 00 00 00 00 00 00 00 00 00 00 00 00 00 00 00
00 00 00 00 00 00 00 00 00 00 00 00 00 00 00 00 00 00 00 00 00 00 00 00 00 00 00 00
00 00 00 00 00 00 00 00 00 00 00 00 00 00 00 00 00 00 00 00 00 00 00 00 00 00 00 00
00 00 00 00 00 00 00 00 00 00 00 00 00 00 00 00 00 00 00 00 00 00 00 00 00 00 00 00
00 00 00 00 00 00 00 00 00 00 00 00 00 00 00 00 00 00 00 00 00 00 00 00 00 00 00 00
00 00 00 00 00 00 00 00 00 00 00 00 00 00 00 00 00 00 00 00 00 00 00 00 00 00 00 00
00 00 00 00 00 00 00 00 5c fd ff fd fd fd fd 72 71 58 00 00 00 00 00 00 00 00 00 00
00 00 00 00 00 00 00 13 c4 fc fd fc fc fc fc fd fc f6 e1 e1 e2 48 00 00 00 00 00 00
00 00 00 00 00 00 00 39 fc fc fd 7c d0 d6 e3 fd dc fc fc fc fd e9 2b 00 00 00 00 00
00 00 00 00 00 00 00 39 fc fc fd 1b 13 1c 2f 54 25 54 54 b1 fd fc 37 00 00 00 00 00
00 00 00 00 00 00 00 87 fc fc be 0c 00 00 00 00 00 00 00 8c fd fc 37 00 00 00 00 00
00 00 00 00 00 00 00 c6 fd fd ff 1b 00 00 00 00 00 00 0d bf ff fd 38 00 00 00 00 00
00 00 00 00 00 00 00 35 b1 cc 1b 03 00 00 00 00 00 13 b5 fc fd b0 06 00 00 00 00 00
00 00 00 00 00 00 00 00 07 19 00 00 00 00 00 00 00 39 fc fc fd 3a 00 00 00 00 00 00
00 00 00 00 00 00 00 00 00 00 00 00 00 00 00 00 00 96 fc fc b2 09 00 00 00 00 00 00
00 00 00 00 00 00 00 00 00 00 00 00 00 00 00 00 30 e3 fc fc 3f 00 00 00 00 00 00 00
00 00 00 00 00 00 00 00 00 00 00 00 00 00 00 00 e2 fd fd 70 00 00 00 00 00 00 00 00
00 00 00 00 00 00 00 00 00 00 00 00 00 00 30 93 f9 fc b3 0c 00 00 00 00 00 00 00 00
00 00 00 00 00 00 00 00 00 00 00 00 00 07 a5 fd fc d0 13 00 00 00 00 00 00 00 00 00
00 00 00 00 00 00 00 00 00 00 00 00 07 83 fc fd f2 60 00 00 00 00 00 00 00 00 00 00
00 00 00 00 00 00 00 00 00 00 00 00 87 fc fc fd 59 00 00 00 00 00 00 00 00 00 00 00
00 00 00 00 00 00 00 00 00 00 00 65 de fd fd cc 0f 00 00 00 00 00 00 00 00 00 00 00
00 00 00 00 00 00 00 00 00 00 26 ea fc fc 7f 0f 00 00 00 00 00 00 00 00 00 00 00 00
00 00 00 00 00 00 00 00 00 20 de fc fc f5 57 00 00 00 00 00 00 00 00 00 00 00 00 00
00 00 00 00 00 00 00 00 00 8c fd fc c6 4a 00 00 00 00 00 00 00 00 00 00 00 00 00 00
00 00 00 00 00 00 00 00 00 8c fd cc 19 00 00 00 00 00 00 00 00 00 00 00 00 00 00 00
00 00 00 00 00 00 00 00 00 00 00 00 00 00 00 00 00 00 00 00 00 00 00 00 00 00 00 00
