00 00 00 00 00 00 00 00 00 00 00 00 00 00 00 00 00 00 00 00 00 00 00 00 00 00 00 00
00 00 00 00 00 00 00 00 00 00 00 00 00 00 00 00 00 00 00 00 00 00 00 00 00 00 00 00
00 00 00 00 00 00 00 00 00 00 00 00 00 00 00 00 00 00 00 00 00 00 00 00 00 00 00 00
00 00 00 00 00 00 00 00 00 00 00 00 00 00 00 00 00 2a e1 ff f2 50 19 00 00 00 00 00
00 00 00 00 00 00 00 00 00 00 00 00 00 00 99 9e 9e cf fd fd fd fd 4e 00 00 00 00 00
00 00 00 00 00 00 00 00 00 00 00 03 3e b1 fc fd fd fd fd fd fd fd 79 00 00 00 00 00
00 00 00 00 00 00 00 00 00 00 00 09 fd fd fd fd 7f 71 71 b0 fd fd fd 00 00 00 00 00
00 00 00 00 00 00 00 00 00 00 00 09 fd fd fd fd 92 00 07 8a fd fd de 00 00 00 00 00
00 00 00 00 00 00 00 00 00 00 00 09 fd fd 85 82 0d 00 79 fd fd fd 4e 00 00 00 00 00
00 00 00 00 00 00 00 00 00 00 00 02 33 33 02 00 00 00 d3 fd fd f3 46 00 00 00 00 00
00 00 00 00 00 00 00 00 00 00 00 00 00 00 00 00 00 37 e4 fd fd 9c 00 00 00 00 00 00
00 00 00 00 00 00 00 00 00 00 00 00 00 00 00 00 a6 dc fd fd ea 2b 00 00 00 00 00 00
00 00 00 00 00 00 00 00 00 00 00 00 00 00 00 34 ed fd fd fd 3c 00 00 00 00 00 00 00
00 00 00 00 00 00 00 00 00 00 00 7a a7 a7 a7 d9 fd fd fd b1 15 00 00 00 00 00 00 00
00 00 00 00 00 00 00 2b f6 f6 f6 fb fd fd fd fd fd fd aa 04 00 00 00 00 00 00 00 00
00 00 00 00 00 25 95 a7 fd fd fd fd fd fd fd fd fd af 12 00 00 00 00 00 00 00 00 00
00 00 00 00 00 63 fd fd fd f7 de fd fd fd fd fd fd 94 09 00 00 00 00 00 00 00 00 00
00 00 00 2a 83 f5 fd e6 7a d6 b6 fd fd fd fd fd fd fd 2b 00 00 00 00 00 00 00 00 00
00 00 00 68 fd fd fd f5 d3 f4 fd fd fd fd e4 fd fd fd 48 14 00 00 00 00 00 00 00 00
00 00 00 ff fd fd fd fd fd fd fd fd d5 8a 2b ce fd fd fd be 6b 00 00 00 00 00 00 00
00 00 00 fe fd fd fd fd fd fd f5 e5 28 00 00 24 ea fd fd fd f7 6d 00 00 00 00 00 00
00 00 00 bb fd fd fd fd fd f3 5c 00 00 00 00 00 a1 fd fd fd a8 00 00 00 00 00 00 00
00 00 00 19 bb fd fd de 4e 46 00 00 00 00 00 00 11 4e 4e 4e 13 00 00 00 00 00 00 00
00 00 00 00 00 00 00 00 00 00 00 00 00 00 00 00 00 00 00 00 00 00 00 00 00 00 00 00
00 00 00 00 00 00 00 00 00 00 00 00 00 00 00 00 00 00 00 00 00 00 00 00 00 00 00 00
00 00 00 00 00 00 00 00 00 00 00 00 00 00 00 00 00 00 00 00 00 00 00 00 00 00 00 00
00 00 00 00 00 00 00 00 00 00 00 00 00 00 00 00 00 00 00 00 00 00 00 00 00 00 00 00
00 00 00 00 00 00 00 00 00 00 00 00 00 00 00 00 00 00 00 00 00 00 00 00 00 00 00 00
