00 00 00 00 00 00 00 00 00 00 00 00 00 00 00 00 00 00 00 00 00 00 00 00 00 00 00 00
00 00 00 00 00 00 00 00 00 00 00 00 00 00 00 00 00 00 00 00 00 00 00 00 00 00 00 00
00 00 00 00 00 00 00 00 00 00 00 00 00 00 00 00 00 00 00 00 00 00 00 00 00 00 00 00
00 00 00 00 00 00 00 00 00 00 00 00 00 00 00 00 00 00 00 00 00 00 00 00 00 00 00 00
00 00 00 00 00 00 00 00 00 00 00 00 00 00 00 00 00 00 00 00 00 00 00 00 00 00 00 00
00 00 00 00 00 00 00 00 00 00 00 00 00 00 00 00 00 00 00 00 00 00 00 00 00 00 00 00
00 00 00 00 00 00 00 00 00 00 00 00 00 0d c8 ff fe c2 42 00 00 00 00 00 00 00 00 00
00 00 00 00 00 00 00 00 00 00 00 04 37 e0 fd fd fd fd f2 46 00 00 00 00 00 00 00 00
00 00 00 00 00 00 00 00 00 00 02 80 fd f1 a4 52 52 fa fd ce 00 00 00 00 00 00 00 00
00 00 00 00 00 00 00 00 00 00 80 fd f2 55 00 00 00 48 fd ce 00 00 00 00 00 00 00 00
00 00 00 00 00 00 00 00 20 8a fb f5 53 00 00 00 00 0c fd ce 00 00 00 00 00 00 00 00
00 00 00 00 00 00 00 00 8a fd fb 4e 00 00 00 00 00 a7 fd f8 71 00 00 00 00 00 00 00
00 00 00 00 00 00 00 7f fb fd 4d 00 00 00 00 00 3b fb fd fd b9 00 00 00 00 00 00 00
00 00 00 00 00 00 00 bd fd fd 22 16 04 18 18 7c f3 fd fd e3 1f 00 00 00 00 00 00 00
00 00 00 00 00 00 00 aa fd fd fd f5 af fd fd fd fd fd fd ba 00 00 00 00 00 00 00 00
00 00 00 00 00 00 00 16 c1 fd fd fd fd ef c2 c2 f8 fd cd 1b 00 00 00 00 00 00 00 00
00 00 00 00 00 00 00 00 15 3b 3b 3b 3b 2d 00 4a f8 fd 6a 00 00 00 00 00 00 00 00 00
00 00 00 00 00 00 00 00 00 00 00 00 00 00 1d d1 fd c7 11 00 00 00 00 00 00 00 00 00
00 00 00 00 00 00 00 00 00 00 00 00 00 00 b9 fd fd 47 00 00 00 00 00 00 00 00 00 00
00 00 00 00 00 00 00 00 00 00 00 00 00 78 fc fd be 03 00 00 00 00 00 00 00 00 00 00
00 00 00 00 00 00 00 00 00 00 00 00 27 de fd c6 0a 00 00 00 00 00 00 00 00 00 00 00
00 00 00 00 00 00 00 00 00 00 00 26 dd fd ef 4a 00 00 00 00 00 00 00 00 00 00 00 00
00 00 00 00 00 00 00 00 00 00 02 aa fd ee 4c 00 00 00 00 00 00 00 00 00 00 00 00 00
00 00 00 00 00 00 00 00 00 00 8a fd fd 9b 00 00 00 00 00 00 00 00 00 00 00 00 00 00
00 00 00 00 00 00 00 00 00 00 f3 fd aa 0b 00 00 00 00 00 00 00 00 00 00 00 00 00 00
00 00 00 00 00 00 00 00 00 00 f3 b0 07 00 00 00 00 00 00 00 00 00 00 00 00 00 00 00
00 00 00 00 00 00 00 00 00 00 00 00 00 00 00 00 00 00 00 00 00 00 00 00 00 00 00 00
00 00 00 00 00 00 00 00 00 00 00 00 00 00 00 00 00 00 00 00 00 00 00 00 00 00 00 00
