00 00 00 00 00 00 00 00 00 00 00 00 00 00 00 00 00 00 00 00 00 00 00 00 00 00 00 00
00 00 00 00 00 00 00 00 00 00 00 00 00 00 00 00 00 00 00 00 00 00 00 00 00 00 00 00
00 00 00 00 00 00 00 00 00 00 00 00 00 00 00 00 00 00 00 00 00 00 00 00 00 00 00 00
00 00 00 00 00 00 00 00 00 00 00 00 00 00 00 00 00 00 00 00 00 00 00 00 00 00 00 00
00 00 00 00 00 00 00 00 00 00 00 00 00 00 00 00 00 00 00 00 00 00 00 00 00 00 00 00
00 00 00 00 00 00 00 00 00 00 00 00 00 00 00 00 00 00 00 00 00 00 00 00 00 00 00 00
00 00 00 00 00 00 00 00 00 00 00 00 00 03 12 91 ff fe f9 42 00 00 00 00 00 00 00 00
00 00 00 00 00 00 00 00 00 00 00 00 00 3b fd fd fd fd fd f2 36 00 00 00 00 00 00 00
00 00 00 00 00 00 00 00 00 00 00 00 61 df fd d4 65 52 fa f7 46 00 00 00 00 00 00 00
00 00 00 00 00 00 00 00 00 00 00 26 e1 f2 9a 0f 00 00 c1 e0 00 00 00 00 00 00 00 00
00 00 00 00 00 00 00 00 00 00 26 e1 fd aa 00 00 00 5d fc ee 2a 00 00 00 00 00 00 00
00 00 00 00 00 00 00 00 00 26 e0 fd b6 0b 00 00 00 a2 fd e0 00 00 00 00 00 00 00 00
00 00 00 00 00 00 00 00 00 59 fd f8 39 00 00 00 2f f2 fd 6f 00 00 00 00 00 00 00 00
00 00 00 00 00 00 00 00 00 65 fd 8c 00 00 06 18 a5 fd ec 2f 00 00 00 00 00 00 00 00
00 00 00 00 00 00 00 00 00 84 fd fb a0 a0 b6 fd fd fd 68 00 00 00 00 00 00 00 00 00
00 00 00 00 00 00 00 00 00 45 f7 fd fd fd fd fd fd fd 05 00 00 00 00 00 00 00 00 00
00 00 00 00 00 00 00 00 00 00 34 3d a5 84 e6 fd fd a6 02 00 00 00 00 00 00 00 00 00
00 00 00 00 00 00 00 00 00 00 00 00 00 10 ce fd fd 61 00 00 00 00 00 00 00 00 00 00
00 00 00 00 00 00 00 00 00 00 00 00 00 2a fd fd a7 03 00 00 00 00 00 00 00 00 00 00
00 00 00 00 00 00 00 00 00 00 00 00 02 a2 fd fd 62 00 00 00 00 00 00 00 00 00 00 00
00 00 00 00 00 00 00 00 00 00 00 00 5d fd fd c2 11 00 00 00 00 00 00 00 00 00 00 00
00 00 00 00 00 00 00 00 00 00 00 02 a3 fd fd 3b 00 00 00 00 00 00 00 00 00 00 00 00
00 00 00 00 00 00 00 00 00 00 00 25 fd fd b4 11 00 00 00 00 00 00 00 00 00 00 00 00
00 00 00 00 00 00 00 00 00 00 00 da fd dc 10 00 00 00 00 00 00 00 00 00 00 00 00 00
00 00 00 00 00 00 00 00 00 00 00 f3 fd a5 00 00 00 00 00 00 00 00 00 00 00 00 00 00
00 00 00 00 00 00 00 00 00 00 00 f3 f2 32 00 00 00 00 00 00 00 00 00 00 00 00 00 00
00 00 00 00 00 00 00 00 00 00 00 00 00 00 00 00 00 00 00 00 00 00 00 00 00 00 00 00
00 00 00 00 00 00 00 00 00 00 00 00 00 00 00 00 00 00 00 00 00 00 00 00 00 00 00 00
