00 00 00 00 00 00 00 00 00 00 00 00 00 00 00 00 00 00 00 00 00 00 00 00 00 00 00 00
00 00 00 00 00 00 00 00 00 00 00 00 00 00 00 00 00 00 00 00 00 00 00 00 00 00 00 00
00 00 00 00 00 00 00 00 00 00 00 00 00 00 00 00 00 00 00 00 00 00 00 00 00 00 00 00
00 00 00 00 00 00 00 00 00 00 00 00 00 00 00 00 00 00 00 00 00 00 00 00 00 00 00 00
00 00 00 00 00 00 00 00 00 00 00 00 00 00 00 00 00 00 00 00 00 00 00 00 00 00 00 00
00 00 00 00 00 00 00 00 00 00 00 00 00 00 00 00 00 00 00 00 00 00 00 00 00 00 00 00
00 00 00 00 00 00 00 00 00 00 00 00 00 00 00 00 00 00 00 00 00 00 00 00 00 00 00 00
00 00 00 00 00 08 1d 1d 58 59 7e 7e 7e 7e 7e 79 1d 03 00 00 00 00 00 00 00 00 00 00
00 00 00 00 00 a8 fe fe fe fe fe fe fe fe fe fe fe b0 13 00 00 00 00 00 00 00 00 00
00 00 00 00 00 af cc c5 c5 c5 c5 c5 c5 c5 c5 c8 fe fe 4b 00 00 00 00 00 00 00 00 00
00 00 00 00 00 0a 05 00 00 00 00 00 00 00 00 04 c1 fe 8b 00 00 00 00 00 00 00 00 00
00 00 00 00 00 00 00 00 00 00 00 00 00 00 00 0f fe fe 35 00 00 00 00 00 00 00 00 00
00 00 00 00 00 00 00 00 00 00 00 00 00 00 00 0f fe fe 35 00 00 00 00 00 00 00 00 00
00 00 00 00 00 00 00 00 00 00 00 00 00 00 00 5f fe fe 35 00 00 00 00 00 00 00 00 00
00 00 00 00 00 00 00 00 00 00 00 00 00 00 00 70 fe e0 10 00 4b 53 53 53 53 00 00 00
00 00 00 00 00 00 00 00 00 00 00 00 29 31 43 e5 fe fc f1 f1 fd fe f2 c1 6f 00 00 00
00 00 00 00 00 00 00 0b 4a 70 b4 cf f7 fe fe fe fe fc f0 d5 8f 45 23 00 00 00 00 00
00 00 00 00 00 00 14 e9 fe fe fe fe fe fe e1 fe fe 50 00 00 00 00 00 00 00 00 00 00
00 00 00 00 00 00 0e da fe 87 73 16 13 13 1e e5 fe 13 00 00 00 00 00 00 00 00 00 00
00 00 00 00 00 00 00 4a 5b 08 00 00 00 00 00 cf fe 13 00 00 00 00 00 00 00 00 00 00
00 00 00 00 00 00 00 00 00 00 00 00 00 00 00 cf fe 13 00 00 00 00 00 00 00 00 00 00
00 00 00 00 00 00 00 00 00 00 00 00 00 00 00 c1 ff 13 00 00 00 00 00 00 00 00 00 00
00 00 00 00 00 00 00 00 00 00 00 00 00 00 00 70 fe 13 00 00 00 00 00 00 00 00 00 00
00 00 00 00 00 00 00 00 00 00 00 00 00 00 00 70 fe 13 00 00 00 00 00 00 00 00 00 00
00 00 00 00 00 00 00 00 00 00 00 00 00 00 00 12 3b 03 00 00 00 00 00 00 00 00 00 00
00 00 00 00 00 00 00 00 00 00 00 00 00 00 00 00 00 00 00 00 00 00 00 00 00 00 00 00
00 00 00 00 00 00 00 00 00 00 00 00 00 00 00 00 00 00 00 00 00 00 00 00 00 00 00 00
00 00 00 00 00 00 00 00 00 00 00 00 00 00 00 00 00 00 00 00 00 00 00 00 00 00 00 00
