00 00 00 00 00 00 00 00 00 00 00 00 00 00 00 00 00 00 00 00 00 00 00 00 00 00 00 00
00 00 00 00 00 00 00 00 00 00 00 00 00 00 00 00 00 00 00 00 00 00 00 00 00 00 00 00
00 00 00 00 00 00 00 00 00 00 00 00 00 00 00 00 00 00 00 00 00 00 00 00 00 00 00 00
00 00 00 00 00 00 00 00 00 00 00 00 00 00 00 00 00 00 00 00 00 00 00 00 00 00 00 00
00 00 00 00 00 00 00 00 32 95 88 00 00 00 00 00 00 00 00 00 00 00 00 00 00 00 00 00
00 00 00 00 00 00 00 0d e6 fd df 00 00 00 00 00 00 00 00 00 00 00 00 00 00 00 00 00
00 00 00 00 00 00 00 0f fd fd e8 47 00 00 00 00 00 00 00 00 00 00 00 00 00 00 00 00
00 00 00 00 00 00 00 57 fd d9 27 00 00 00 00 00 00 00 00 24 23 00 00 00 00 00 00 00
00 00 00 00 00 00 12 bf fd b2 00 00 00 00 00 00 00 00 6b e9 e9 91 04 00 00 00 00 00
00 00 00 00 00 00 4e fd fd b2 00 00 00 00 00 00 00 00 79 fd fd ed 0c 00 00 00 00 00
00 00 00 00 00 00 d1 fd fd 63 00 00 00 00 00 00 00 00 79 fd ed 38 00 00 00 00 00 00
00 00 00 00 00 00 d2 fd fd 1d 00 00 00 00 00 00 00 06 a7 fd aa 00 00 00 00 00 00 00
00 00 00 00 00 51 f3 fa 89 07 00 00 00 00 00 00 00 2a fd fd 4a 00 00 00 00 00 00 00
00 00 00 00 00 6a fd ee 00 00 00 00 00 00 00 00 00 a4 fd fd 4a 00 00 00 00 00 00 00
00 00 00 00 00 6a fe f6 38 00 00 00 00 00 00 00 3d fe ff df 2c 00 00 3f 00 00 00 00
00 00 00 00 00 13 d9 fd a1 2b 00 00 00 00 00 00 3c fd fd c4 4e d2 d2 c6 00 00 00 00
00 00 00 00 00 00 c9 fd fd e3 a4 56 10 0f 0f a5 b9 fd fd fd fd fd ef 6c 00 00 00 00
00 00 00 00 00 00 20 d3 fd fd fd fd fd fd fd ff fd fd fd fd fd bd 08 00 00 00 00 00
00 00 00 00 00 00 00 1c b2 c8 fd fd fd fd fd fe fd fd fd ba 48 0e 00 00 00 00 00 00
00 00 00 00 00 00 00 00 00 16 4a 4a d7 df 86 4a 75 fd fd 1d 00 00 00 00 00 00 00 00
00 00 00 00 00 00 00 00 00 00 00 00 00 00 00 00 3d fd fd 1d 00 00 00 00 00 00 00 00
00 00 00 00 00 00 00 00 00 00 00 00 00 00 00 00 3d fd fd 1d 00 00 00 00 00 00 00 00
00 00 00 00 00 00 00 00 00 00 00 00 00 00 00 00 3c fd fd 45 0e 00 00 00 00 00 00 00
00 00 00 00 00 00 00 00 00 00 00 00 00 00 00 00 19 c9 fd fd 4a 00 00 00 00 00 00 00
00 00 00 00 00 00 00 00 00 00 00 00 00 00 00 00 00 00 00 00 00 00 00 00 00 00 00 00
00 00 00 00 00 00 00 00 00 00 00 00 00 00 00 00 00 00 00 00 00 00 00 00 00 00 00 00
00 00 00 00 00 00 00 00 00 00 00 00 00 00 00 00 00 00 00 00 00 00 00 00 00 00 00 00
00 00 00 00 00 00 00 00 00 00 00 00 00 00 00 00 00 00 00 00 00 00 00 00 00 00 00 00
