00 00 00 00 00 00 00 00 00 00 00 00 00 00 00 00 00 00 00 00 00 00 00 00 00 00 00 00
00 00 00 00 00 00 00 00 00 00 00 00 00 00 00 00 00 00 00 00 00 00 00 00 00 00 00 00
00 00 00 00 00 00 00 00 00 00 00 00 00 00 00 00 00 00 00 00 00 00 00 00 00 00 00 00
00 00 00 00 00 00 00 00 00 00 00 00 00 00 00 00 a9 fd 00 00 00 00 00 00 00 00 00 00
00 00 00 00 00 00 00 00 00 00 00 00 00 00 7b e1 f3 fc e2 64 13 00 00 00 00 00 00 00
00 00 00 00 00 00 00 00 00 00 00 00 00 1a e7 fc fc fc fd fc 57 00 00 00 00 00 00 00
00 00 00 00 00 00 00 00 00 00 00 00 00 cf fc fc fc fc fd fc e9 38 00 00 00 00 00 00
00 00 00 00 00 00 00 00 00 00 00 10 8c fd fc fc ec 70 ae fc fc 54 00 00 00 00 00 00
00 00 00 00 00 00 00 00 00 00 00 5c fd ff fd e4 2f 00 72 fd fd 54 00 00 00 00 00 00
00 00 00 00 00 00 00 00 00 00 00 a9 fc fd df 34 00 00 71 fc c9 09 00 00 00 00 00 00
00 00 00 00 00 00 00 00 00 00 00 35 c3 c4 34 00 00 20 de fc a4 00 00 00 00 00 00 00
00 00 00 00 00 00 00 00 00 00 00 00 00 00 00 00 04 99 fd fc 37 00 00 00 00 00 00 00
00 00 00 00 00 00 00 00 00 00 00 00 00 00 00 00 1d fc fd fc 37 00 00 00 00 00 00 00
00 00 00 00 00 00 00 00 00 00 00 00 00 00 00 1a cf fd ff a8 00 00 00 00 00 00 00 00
00 00 00 00 00 00 00 00 00 00 00 39 55 30 00 b6 fc fc d7 21 00 00 00 00 00 00 00 00
00 00 00 00 00 00 07 39 c6 c5 c5 ea fc e5 c5 f0 fc fc 8c 00 00 00 00 00 00 00 00 00
00 00 00 00 00 00 2c fc fd f2 91 e3 fc fd fc fc fc fc 2f 00 00 00 00 00 00 00 00 00
00 00 00 00 00 6f d7 fc be 4a 00 1d fc fd fc fc fc fc 4f 00 00 00 00 00 00 00 00 00
00 00 00 00 00 c6 fd be 4f 00 1a cf fd ff fd fd fd fd 8d 00 00 00 00 00 00 00 00 00
00 00 00 00 4c f6 f2 4a 26 83 e7 fc fc fd 81 88 e0 fc f1 b2 13 00 00 00 00 00 00 00
00 00 00 00 55 fc f6 c5 de fc fc fc dc 85 06 00 89 fc fd fc 37 00 00 00 00 00 00 00
00 00 00 00 55 fc fc fc fd fc fc d9 25 00 00 00 0a a1 e1 b0 13 00 00 00 00 00 00 00
00 00 00 00 26 dd fc fc fd fc 8d 25 00 00 00 00 00 00 00 00 00 00 00 00 00 00 00 00
00 00 00 00 00 00 00 00 00 00 00 00 00 00 00 00 00 00 00 00 00 00 00 00 00 00 00 00
00 00 00 00 00 00 00 00 00 00 00 00 00 00 00 00 00 00 00 00 00 00 00 00 00 00 00 00
00 00 00 00 00 00 00 00 00 00 00 00 00 00 00 00 00 00 00 00 00 00 00 00 00 00 00 00
00 00 00 00 00 00 00 00 00 00 00 00 00 00 00 00 00 00 00 00 00 00 00 00 00 00 00 00
00 00 00 00 00 00 00 00 00 00 00 00 00 00 00 00 00 00 00 00 00 00 00 00 00 00 00 00
