00 00 00 00 00 00 00 00 00 00 00 00 00 00 00 00 00 00 00 00 00 00 00 00 00 00 00 00
00 00 00 00 00 00 00 00 00 00 00 00 00 00 00 00 00 00 00 00 00 00 00 00 00 00 00 00
00 00 00 00 00 00 00 00 00 00 00 00 00 00 00 00 00 00 00 00 00 00 00 00 00 00 00 00
00 00 00 00 00 00 00 00 00 00 00 00 00 00 00 00 00 00 00 97 f9 3a 00 00 00 00 00 00
00 00 00 00 00 00 00 00 00 00 00 00 00 00 00 00 00 10 83 fc fe 75 00 00 00 00 00 00
00 00 00 00 00 00 00 00 00 00 00 00 00 00 00 00 00 21 fe fe f9 42 00 00 00 00 00 00
00 00 00 00 00 00 00 00 00 00 00 00 00 00 00 00 5b ee fe fe f7 31 00 00 00 00 00 00
00 00 00 00 00 00 00 00 00 00 00 00 00 00 00 5d f6 fe fe fe fe eb 00 00 00 00 00 00
00 00 00 00 00 00 00 00 00 00 00 00 00 00 5e f5 fe fe c6 d9 fe f8 00 00 00 00 00 00
00 00 00 00 00 00 00 00 00 00 00 00 00 33 f4 fe fe b7 0f 97 fe f8 00 00 00 00 00 00
00 00 00 00 00 00 00 00 00 00 00 00 00 0b c4 fe 73 10 16 ec fa 68 00 00 00 00 00 00
00 00 00 00 00 00 00 00 00 00 00 00 00 00 25 34 11 0a 9e fe f1 00 00 00 00 00 00 00
00 00 00 00 00 00 00 00 00 17 42 42 42 a3 c5 ad 38 43 fe fe cf 00 00 00 00 00 00 00
00 00 00 00 00 00 00 17 6b d4 fe fe fe fe fe fe f5 e8 fe fa 55 00 00 00 00 00 00 00
00 00 00 00 00 00 16 c6 fe fe 68 47 47 47 6d fe fe fe fe 8c 00 00 00 00 00 00 00 00
00 00 00 00 00 4e d1 fe ee 62 0e 00 00 00 35 fe fe fe ff 68 00 00 00 00 00 00 00 00
00 00 00 00 50 cf fe a8 36 00 00 00 00 0a 97 fe fe fe fe bf 00 00 00 00 00 00 00 00
00 00 00 00 ca fe bb 09 00 00 00 00 1a 98 fe fe e8 f3 fe f7 48 00 00 00 00 00 00 00
00 00 00 00 f9 f3 43 00 00 00 00 3b e8 fe fe d4 21 53 ff fe 6f 00 00 00 00 00 00 00
00 00 00 00 f9 d1 16 00 08 40 97 ea fe fa d0 20 00 21 ff fe 79 00 00 00 00 00 00 00
00 00 00 00 f9 fe d1 90 b8 fe fe fe d2 55 00 00 00 21 fe fe f2 07 00 00 00 00 00 00
00 00 00 00 f3 fe fe fe fe fe fc d3 1b 00 00 00 00 21 f9 fe f4 36 00 00 00 00 00 00
00 00 00 00 00 76 7c f2 cf 7c 56 00 00 00 00 00 00 00 0d 7c 36 00 00 00 00 00 00 00
00 00 00 00 00 00 00 00 00 00 00 00 00 00 00 00 00 00 00 00 00 00 00 00 00 00 00 00
00 00 00 00 00 00 00 00 00 00 00 00 00 00 00 00 00 00 00 00 00 00 00 00 00 00 00 00
00 00 00 00 00 00 00 00 00 00 00 00 00 00 00 00 00 00 00 00 00 00 00 00 00 00 00 00
00 00 00 00 00 00 00 00 00 00 00 00 00 00 00 00 00 00 00 00 00 00 00 00 00 00 00 00
00 00 00 00 00 00 00 00 00 00 00 00 00 00 00 00 00 00 00 00 00 00 00 00 00 00 00 00
