00 00 00 00 00 00 00 00 00 00 00 00 00 00 00 00 00 00 00 00 00 00 00 00 00 00 00 00
00 00 00 00 00 00 00 00 00 00 00 00 00 00 00 00 00 00 00 00 00 00 00 00 00 00 00 00
00 00 00 00 00 00 00 00 00 00 00 00 00 00 00 00 00 00 00 00 00 00 00 00 00 00 00 00
00 00 00 00 00 00 00 00 00 00 00 00 00 00 00 00 00 00 00 00 00 00 00 00 00 00 00 00
00 00 00 00 00 00 00 00 00 00 00 01 12 5e 89 ad d3 55 01 00 00 00 00 00 00 00 00 00
00 00 00 00 00 00 00 00 00 00 42 9d fe fe f6 e6 fe fe 95 00 00 00 00 00 00 00 00 00
00 00 00 00 00 00 00 00 00 00 bb fe f9 7f 40 19 b6 fa fb 48 00 00 00 00 00 00 00 00
00 00 00 00 00 00 00 00 00 00 e2 fe e7 00 00 00 00 e8 fe 6b 00 00 00 00 00 00 00 00
00 00 00 00 00 00 00 00 00 00 e2 fe e7 00 00 00 22 f0 fe 6b 00 00 00 00 00 00 00 00
00 00 00 00 00 00 00 00 00 00 b0 fe e7 00 00 00 91 fe f9 3e 00 00 00 00 00 00 00 00
00 00 00 00 00 00 00 00 00 00 6c fe fd 95 02 02 d7 fe f3 00 00 00 00 00 00 00 00 00
00 00 00 00 00 00 00 00 00 00 30 ab fe fb 46 90 fe fe b0 00 00 00 00 00 00 00 00 00
00 00 00 00 00 00 00 00 00 00 00 03 5f 4f 26 e9 fe b7 2e 00 00 00 00 00 00 00 00 00
00 00 00 00 00 00 00 00 00 00 00 00 00 00 58 fe ff 72 00 00 00 00 00 00 00 00 00 00
00 00 00 00 00 00 00 00 00 00 00 00 00 7d ed fe 5a 06 00 00 00 00 00 00 00 00 00 00
00 00 00 00 00 00 00 00 00 00 00 00 41 f0 e8 7c 07 00 00 00 00 00 00 00 00 00 00 00
00 00 00 00 00 00 00 00 00 00 00 06 f5 fe c3 00 00 00 75 da 28 00 00 00 00 00 00 00
00 00 00 00 00 00 00 00 00 00 06 b8 fe e3 28 00 00 70 fe fe 95 00 00 00 00 00 00 00
00 00 00 00 00 00 00 00 00 00 6c fe fe 5f 00 00 00 72 fe ff d4 09 00 00 00 00 00 00
00 00 00 00 00 00 00 00 00 27 be fe fe c7 a6 a6 a6 99 fc fe fe 47 00 00 00 00 00 00
00 00 00 00 00 00 00 00 00 d0 fe fe fe fe ef d1 fe fe fe fe f2 35 00 00 00 00 00 00
00 00 00 00 00 00 00 00 60 f5 fe fe f7 98 29 10 61 f7 fe fe a8 00 00 00 00 00 00 00
00 00 00 00 00 00 00 00 be fe fe fc 54 00 00 00 00 81 fe f3 36 00 00 00 00 00 00 00
00 00 00 00 00 00 00 00 50 fe fe 52 00 00 00 00 00 08 11 0f 00 00 00 00 00 00 00 00
00 00 00 00 00 00 00 00 00 00 00 00 00 00 00 00 00 00 00 00 00 00 00 00 00 00 00 00
00 00 00 00 00 00 00 00 00 00 00 00 00 00 00 00 00 00 00 00 00 00 00 00 00 00 00 00
00 00 00 00 00 00 00 00 00 00 00 00 00 00 00 00 00 00 00 00 00 00 00 00 00 00 00 00
00 00 00 00 00 00 00 00 00 00 00 00 00 00 00 00 00 00 00 00 00 00 00 00 00 00 00 00
