00 00 00 00 00 00 00 00 00 00 00 00 00 00 00 00 00 00 00 00 00 00 00 00 00 00 00 00
00 00 00 00 00 00 00 00 00 00 00 00 00 00 00 00 00 00 00 00 00 00 00 00 00 00 00 00
00 00 00 00 00 00 00 00 00 00 00 00 00 00 00 00 00 00 00 00 00 00 00 00 00 00 00 00
00 00 00 00 00 00 00 00 00 00 00 00 00 00 00 00 00 00 00 00 00 00 00 00 00 00 00 00
00 00 00 00 00 00 00 00 00 00 00 00 00 00 2e 69 fe fe e0 3b 3b 09 00 00 00 00 00 00
00 00 00 00 00 00 00 00 00 00 00 00 00 00 c4 fe fd fd fd fd fd 80 00 00 00 00 00 00
00 00 00 00 00 00 00 00 00 00 00 00 00 60 eb fe fd fd fd fd fd f7 7a 00 00 00 00 00
00 00 00 00 00 00 00 00 00 00 00 04 65 f4 fd fe ea f1 fd fd fd fd ba 12 00 00 00 00
00 00 00 00 00 00 00 00 00 00 00 60 fd fd fd e8 53 6d aa fd fd fd fd 74 00 00 00 00
00 00 00 00 00 00 00 00 00 00 00 d7 fd fd fd c4 00 00 28 fd fd fd fd 74 00 00 00 00
00 00 00 00 00 00 00 00 00 08 8d f7 fd fd ed 1d 00 00 06 26 ab fd fd 74 00 00 00 00
00 00 00 00 00 00 00 00 0d 92 fd fd fd fd 39 00 00 00 00 00 9c fd fd 74 00 00 00 00
00 00 00 00 00 00 00 00 28 fd fd fd fd b2 1b 00 00 00 00 00 9c fd fd 74 00 00 00 00
00 00 00 00 00 00 00 88 cc fd fd fd c0 1b 00 00 00 00 00 00 9c fd fd 74 00 00 00 00
00 00 00 00 00 00 1c c3 fe fe fe fa 87 00 00 00 00 00 00 63 ff fe fe 75 00 00 00 00
00 00 00 00 00 00 76 fd fd fd fd 8e 00 00 00 00 00 00 13 aa fd fd d8 3e 00 00 00 00
00 00 00 00 00 2a d4 fd fd fd fd 26 00 00 00 00 00 7c bc fd fd fd ae 00 00 00 00 00
00 00 00 00 00 3b fd fd fd ed 5d 03 00 00 1f 28 82 f7 fd fd fd cc 0d 00 00 00 00 00
00 00 00 00 00 3b fd fd fd 9a 00 00 00 36 da fe fd fd fd fd fd 26 00 00 00 00 00 00
00 00 00 00 00 3b fd fd fd d7 9c 9c 9c d1 fd ff fd fd fd c0 61 0f 00 00 00 00 00 00
00 00 00 00 00 37 f2 fd fd fd fd fd fd fd fd fe fd fd cc 17 00 00 00 00 00 00 00 00
00 00 00 00 00 00 76 fd fd fd fd fd fd fd fd fe d8 ae 0d 00 00 00 00 00 00 00 00 00
00 00 00 00 00 00 36 74 f3 fd fd fd fd fd 92 75 3e 00 00 00 00 00 00 00 00 00 00 00
00 00 00 00 00 00 00 00 35 84 fd fd c0 39 0d 00 00 00 00 00 00 00 00 00 00 00 00 00
00 00 00 00 00 00 00 00 00 00 00 00 00 00 00 00 00 00 00 00 00 00 00 00 00 00 00 00
00 00 00 00 00 00 00 00 00 00 00 00 00 00 00 00 00 00 00 00 00 00 00 00 00 00 00 00
00 00 00 00 00 00 00 00 00 00 00 00 00 00 00 00 00 00 00 00 00 00 00 00 00 00 00 00
00 00 00 00 00 00 00 00 00 00 00 00 00 00 00 00 00 00 00 00 00 00 00 00 00 00 00 00
