00 00 00 00 00 00 00 00 00 00 00 00 00 00 00 00 00 00 00 00 00 00 00 00 00 00 00 00
00 00 00 00 00 00 00 00 00 00 00 00 00 00 00 00 00 00 00 00 00 00 00 00 00 00 00 00
00 00 00 00 00 00 00 00 00 00 00 00 00 00 00 00 00 00 00 00 00 00 00 00 00 00 00 00
00 00 00 00 00 00 00 00 00 00 00 00 00 00 00 00 00 00 00 00 00 00 00 00 00 00 00 00
00 00 00 00 00 00 00 00 00 00 00 00 00 00 00 00 00 00 00 00 00 00 00 00 00 00 00 00
00 00 00 00 00 1a 2f 99 ff fe fe fe fe fe fe b0 30 00 00 00 00 00 00 00 00 00 00 00
00 00 00 00 00 dd fd fd fd fd e6 a0 a0 c4 fd fd ea 41 00 00 00 00 00 00 00 00 00 00
00 00 00 07 9b fd fd d1 72 16 08 00 00 04 0a 2e f5 fb 52 00 00 00 00 00 00 00 00 00
00 00 00 2f fd f2 5e 06 00 00 00 00 00 00 00 00 ef fd 81 00 00 00 00 00 00 00 00 00
00 00 00 2f fd ae 00 00 00 00 00 00 00 00 00 00 c4 fd 81 00 00 00 00 00 00 00 00 00
00 00 00 0f 74 aa 1c 00 00 00 00 00 00 00 00 00 ef fd 81 00 00 00 00 00 00 00 00 00
00 00 00 00 00 00 00 00 00 00 00 00 00 00 00 31 f6 fd 81 00 00 00 00 00 00 00 00 00
00 00 00 00 00 00 00 00 00 00 00 00 00 00 35 e8 fd ea 37 00 00 00 00 00 00 00 00 00
00 00 00 00 00 00 00 00 00 00 00 03 06 2e ea fd fd 86 03 00 00 00 00 00 00 00 00 00
00 00 00 00 00 00 00 00 00 00 3c c6 fd fd fd fd fd fd cd 48 00 00 00 00 00 00 00 00
00 00 00 00 00 00 00 00 00 0d ec fd fd fd fd db f8 fd fd f0 45 00 00 00 00 00 00 00
00 00 00 00 00 00 00 00 00 01 63 d4 d4 81 06 03 04 25 b3 fd f3 10 00 00 00 00 00 00
00 00 00 00 00 00 00 00 00 00 00 00 00 00 00 00 00 00 27 e1 fd ab 00 00 00 00 00 00
00 00 00 00 00 00 00 00 00 00 00 00 00 00 00 00 00 00 00 ab fd c4 00 00 00 00 00 00
00 00 00 00 00 00 00 00 00 00 00 00 00 00 00 00 00 00 2f e6 fd c4 00 00 00 00 00 00
00 00 00 00 00 00 00 00 00 11 c1 7a 00 00 00 00 03 60 e7 fd f8 3a 00 00 00 00 00 00
00 00 00 00 00 00 00 00 32 d2 e4 18 00 00 00 34 af fd fd eb 88 00 00 00 00 00 00 00
00 00 00 00 00 00 00 00 49 fd fd b3 73 9b da f5 fd fd f0 67 00 00 00 00 00 00 00 00
00 00 00 00 00 00 00 00 1b bb fd fd fd fd fd fd df 7b 30 00 00 00 00 00 00 00 00 00
00 00 00 00 00 00 00 00 00 03 48 98 fd d5 95 72 16 00 00 00 00 00 00 00 00 00 00 00
00 00 00 00 00 00 00 00 00 00 00 00 00 00 00 00 00 00 00 00 00 00 00 00 00 00 00 00
00 00 00 00 00 00 00 00 00 00 00 00 00 00 00 00 00 00 00 00 00 00 00 00 00 00 00 00
00 00 00 00 00 00 00 00 00 00 00 00 00 00 00 00 00 00 00 00 00 00 00 00 00 00 00 00
