00 00 00 00 00 00 00 00 00 00 00 00 00 00 00 00 00 00 00 00 00 00 00 00 00 00 00 00
00 00 00 00 00 00 00 00 00 00 00 00 00 00 00 00 00 00 00 00 00 00 00 00 00 00 00 00
00 00 00 00 00 00 00 00 00 00 00 00 00 00 00 00 00 00 00 00 00 00 00 00 00 00 00 00
00 00 00 00 00 00 00 00 00 00 00 00 00 00 00 00 00 00 00 00 00 00 00 00 00 00 00 00
00 00 00 00 00 00 00 00 00 00 00 00 00 00 1f 90 c4 1c 00 00 00 00 00 00 00 00 00 00
00 00 00 00 00 00 00 00 00 00 00 00 00 00 9a c6 3a 03 00 00 00 00 00 00 00 00 00 00
00 00 00 00 00 00 00 00 00 00 00 00 00 2b fb a4 5a 40 0f 0f 10 0c 00 00 00 00 00 00
00 00 00 00 00 00 00 00 00 00 00 00 00 74 f0 d1 f5 fd fd fd fe b4 00 00 00 00 00 00
00 00 00 00 00 00 00 00 00 00 00 00 0e f6 b2 00 19 1e 57 68 4a 0e 00 00 00 00 00 00
00 00 00 00 00 00 00 00 00 00 00 00 4d f8 30 00 00 00 00 00 00 00 00 00 00 00 00 00
00 00 00 00 00 00 00 00 00 00 00 00 cc a8 00 00 00 00 00 00 00 00 00 00 00 00 00 00
00 00 00 00 00 00 00 00 00 00 00 46 f3 41 00 00 00 00 00 00 00 00 00 00 00 00 00 00
00 00 00 00 00 00 00 00 00 00 1c e6 e1 00 00 00 00 00 00 00 00 00 00 00 00 00 00 00
00 00 00 00 00 00 00 00 00 00 94 fd 36 00 00 1f 4b 1b 00 00 00 00 00 00 00 00 00 00
00 00 00 00 00 00 00 00 00 3e ff d6 fa fe fe ff fe fe b7 1e 00 00 00 00 00 00 00 00
00 00 00 00 00 00 00 00 0b c4 fe fd c0 6a 2d 2d 2d 78 ef da 00 00 00 00 00 00 00 00
00 00 00 00 00 00 00 00 41 ee 9b 32 01 00 00 00 00 00 50 fd 00 00 00 00 00 00 00 00
00 00 00 00 00 00 00 00 00 00 00 00 00 00 00 00 00 00 9a fd 00 00 00 00 00 00 00 00
00 00 00 00 00 00 00 00 00 00 00 00 00 00 00 00 00 05 d3 e7 00 00 00 00 00 00 00 00
00 00 00 00 00 00 00 00 00 00 00 00 00 00 00 00 00 97 fe 34 00 00 00 00 00 00 00 00
00 00 00 00 00 00 00 04 68 07 00 00 00 00 00 08 8b fb 9f 06 00 00 00 00 00 00 00 00
00 00 00 00 00 00 00 0f fd 38 00 00 01 1d 5a c5 f5 74 04 00 00 00 00 00 00 00 00 00
00 00 00 00 00 00 00 08 d4 c4 78 b5 c5 fd fd b2 29 00 00 00 00 00 00 00 00 00 00 00
00 00 00 00 00 00 00 00 32 d6 fe fd b6 a5 52 00 00 00 00 00 00 00 00 00 00 00 00 00
00 00 00 00 00 00 00 00 00 00 00 00 00 00 00 00 00 00 00 00 00 00 00 00 00 00 00 00
00 00 00 00 00 00 00 00 00 00 00 00 00 00 00 00 00 00 00 00 00 00 00 00 00 00 00 00
00 00 00 00 00 00 00 00 00 00 00 00 00 00 00 00 00 00 00 00 00 00 00 00 00 00 00 00
00 00 00 00 00 00 00 00 00 00 00 00 00 00 00 00 00 00 00 00 00 00 00 00 00 00 00 00
