00 00 00 00 00 00 00 00 00 00 00 00 00 00 00 00 00 00 00 00 00 00 00 00 00 00 00 00
00 00 00 00 00 00 00 00 00 00 00 00 00 00 00 00 00 00 00 00 00 00 00 00 00 00 00 00
00 00 00 00 00 00 00 00 00 00 00 00 00 00 00 33 ee c4 00 00 00 00 00 00 00 00 00 00
00 00 00 00 00 00 00 00 00 00 00 00 00 00 00 ee fc c3 00 00 00 00 00 00 00 00 00 00
00 00 00 00 00 00 00 00 00 00 00 00 00 07 87 fd fc 56 00 00 00 00 00 00 00 00 00 00
00 00 00 00 00 00 00 00 00 00 00 00 00 2c fc fd f2 31 00 00 00 00 00 00 00 00 00 00
00 00 00 00 00 00 00 00 00 00 00 00 00 a9 fc fd 59 00 00 00 00 00 00 00 00 00 00 00
00 00 00 00 00 00 00 00 00 00 00 00 78 fd fd 8d 00 00 00 00 00 00 00 00 00 00 00 00
00 00 00 00 00 00 00 00 00 00 00 1d d7 fc cc 0f 00 00 00 00 00 00 00 00 00 00 00 00
00 00 00 00 00 00 00 00 00 00 1a c8 fc e6 19 00 00 00 00 00 00 00 00 00 00 00 00 00
00 00 00 00 00 00 00 00 00 00 cf fc fc 81 00 00 00 00 00 00 00 00 00 00 00 00 00 00
00 00 00 00 00 00 00 00 00 4f fd fc dc 25 00 00 00 00 00 00 00 00 00 00 00 00 00 00
00 00 00 00 00 00 00 00 1d fd ff fd 38 00 00 00 00 00 00 3f 3f 00 00 00 00 00 00 00
00 00 00 00 00 00 00 00 4c fc fd b0 06 00 00 00 00 00 1a f0 f1 b2 13 00 00 00 00 00
00 00 00 00 00 00 00 00 a9 fc fd 3a 00 00 00 00 00 4c cb fc fd fc 37 00 00 00 00 00
00 00 00 00 00 00 00 26 e0 fc b2 09 00 00 00 4c a9 ea fc fc fd fc 37 00 00 00 00 00
00 00 00 00 00 00 00 39 fc fc 8c 00 00 00 00 bf fc dc 70 bd fd cc 19 00 00 00 00 00
00 00 00 00 00 00 00 c6 fd fd 8d 00 00 1d fd ff fd 38 1d fd ff 6a 00 00 00 00 00 00
00 00 00 00 00 00 00 c5 fc fc b2 09 13 b5 fc fd cc 5b b5 fc 98 03 00 00 00 00 00 00
00 00 00 00 00 00 00 a5 fc fc fd cb d1 fc fc fd fc fc f5 c3 1f 00 00 00 00 00 00 00
00 00 00 00 00 00 00 13 b4 fc fd fc fc fc fc fd fc f5 c6 00 00 00 00 00 00 00 00 00
00 00 00 00 00 00 00 00 0d bd fd fc fc fc fc fd 7f 57 00 00 00 00 00 00 00 00 00 00
00 00 00 00 00 00 00 00 00 00 00 00 00 00 00 00 00 00 00 00 00 00 00 00 00 00 00 00
00 00 00 00 00 00 00 00 00 00 00 00 00 00 00 00 00 00 00 00 00 00 00 00 00 00 00 00
00 00 00 00 00 00 00 00 00 00 00 00 00 00 00 00 00 00 00 00 00 00 00 00 00 00 00 00
00 00 00 00 00 00 00 00 00 00 00 00 00 00 00 00 00 00 00 00 00 00 00 00 00 00 00 00
00 00 00 00 00 00 00 00 00 00 00 00 00 00 00 00 00 00 00 00 00 00 00 00 00 00 00 00
00 00 00 00 00 00 00 00 00 00 00 00 00 00 00 00 00 00 00 00 00 00 00 00 00 00 00 00
