00 00 00 00 00 00 00 00 00 00 00 00 00 00 00 00 00 00 00 00 00 00 00 00 00 00 00 00
00 00 00 00 00 00 00 00 00 00 00 00 00 00 00 00 00 00 00 00 00 00 00 00 00 00 00 00
00 00 00 00 00 00 00 00 00 00 00 00 00 00 00 00 00 00 00 00 00 00 00 00 00 00 00 00
00 00 00 00 00 00 00 00 00 00 00 00 00 00 00 00 00 00 00 00 00 00 00 00 00 00 00 00
00 00 00 00 00 00 00 00 00 00 00 00 00 00 00 00 00 00 00 00 00 00 00 00 00 00 00 00
00 00 00 00 00 00 00 00 00 00 00 00 00 00 00 00 00 00 00 00 00 00 00 00 00 00 00 00
00 00 00 00 00 00 00 00 00 00 00 00 00 00 00 00 00 00 00 00 00 00 00 00 00 00 00 00
00 00 00 00 00 00 00 00 00 00 00 00 37 94 d2 fd fd 71 57 94 37 00 00 00 00 00 00 00
00 00 00 00 00 00 00 00 00 00 00 57 e8 fc fd bd d2 fc fc fd a8 00 00 00 00 00 00 00
00 00 00 00 00 00 00 00 00 04 39 f2 fc be 41 05 0c b6 fc fd 74 00 00 00 00 00 00 00
00 00 00 00 00 00 00 00 00 60 fc fc b7 0e 00 00 5c fc fc e1 15 00 00 00 00 00 00 00
00 00 00 00 00 00 00 00 84 fd fc 92 0e 00 00 00 d7 fc fc 4f 00 00 00 00 00 00 00 00
00 00 00 00 00 00 00 7e fd f7 b0 09 00 00 08 4e f5 fd 81 00 00 00 00 00 00 00 00 00
00 00 00 00 00 00 10 e8 fc b0 00 00 00 24 c9 fc fc a9 0b 00 00 00 00 00 00 00 00 00
00 00 00 00 00 00 16 fc fc 1e 16 77 c5 f1 fd fc fb 4d 00 00 00 00 00 00 00 00 00 00
00 00 00 00 00 00 10 e7 fc fd fc fc fc e2 e3 fc e7 00 00 00 00 00 00 00 00 00 00 00
00 00 00 00 00 00 00 37 eb fd d9 8a 2a 18 c0 fc 8f 00 00 00 00 00 00 00 00 00 00 00
00 00 00 00 00 00 00 00 00 00 00 00 00 3e ff fd 6d 00 00 00 00 00 00 00 00 00 00 00
00 00 00 00 00 00 00 00 00 00 00 00 00 47 fd fc 15 00 00 00 00 00 00 00 00 00 00 00
00 00 00 00 00 00 00 00 00 00 00 00 00 00 fd fc 15 00 00 00 00 00 00 00 00 00 00 00
00 00 00 00 00 00 00 00 00 00 00 00 00 47 fd fc 15 00 00 00 00 00 00 00 00 00 00 00
00 00 00 00 00 00 00 00 00 00 00 00 00 6a fd fc 15 00 00 00 00 00 00 00 00 00 00 00
00 00 00 00 00 00 00 00 00 00 00 00 00 2d ff fd 15 00 00 00 00 00 00 00 00 00 00 00
00 00 00 00 00 00 00 00 00 00 00 00 00 00 da fc 38 00 00 00 00 00 00 00 00 00 00 00
00 00 00 00 00 00 00 00 00 00 00 00 00 00 60 fc bd 2a 00 00 00 00 00 00 00 00 00 00
00 00 00 00 00 00 00 00 00 00 00 00 00 00 0e b8 fc aa 0b 00 00 00 00 00 00 00 00 00
00 00 00 00 00 00 00 00 00 00 00 00 00 00 00 0e 93 fc 2a 00 00 00 00 00 00 00 00 00
00 00 00 00 00 00 00 00 00 00 00 00 00 00 00 00 00 00 00 00 00 00 00 00 00 00 00 00
