00 00 00 00 00 00 00 00 00 00 00 00 00 00 00 00 00 00 00 00 00 00 00 00 00 00 00 00
00 00 00 00 00 00 00 00 00 00 00 00 00 00 00 00 00 00 00 00 00 00 00 00 00 00 00 00
00 00 00 00 00 00 00 00 00 00 00 00 00 00 00 00 3f ff 54 00 00 00 00 00 00 00 00 00
00 00 00 00 00 00 00 00 00 00 00 00 00 00 00 00 8a fd 54 00 00 00 00 00 00 00 00 00
00 00 00 00 00 00 00 00 00 00 00 00 00 00 00 43 f6 e7 13 00 00 00 00 00 00 00 00 00
00 00 00 00 00 00 00 00 00 00 00 00 00 00 1a 9f fc af 00 00 00 00 00 00 00 00 00 00
00 00 00 00 00 00 00 00 00 00 00 00 00 04 b3 fd fd 33 00 00 00 00 00 00 00 00 00 00
00 00 00 00 00 00 00 00 00 00 00 00 00 80 fc fc 97 00 00 00 00 00 00 00 00 00 00 00
00 00 00 00 00 00 00 00 00 00 00 00 26 fd fc ba 06 00 00 00 00 00 00 00 00 00 00 00
00 00 00 00 00 00 00 00 00 00 00 26 af fd e3 2b 00 00 00 00 00 00 00 00 00 00 00 00
00 00 00 00 00 00 00 00 00 00 07 9a fd fb 4b 00 00 00 00 00 00 00 00 00 00 00 00 00
00 00 00 00 00 00 00 00 00 00 83 fc fc 7d 00 00 00 00 00 00 00 00 00 00 00 00 00 00
00 00 00 00 00 00 00 00 00 0a c5 fc fc 00 00 00 00 00 00 00 00 00 00 00 00 00 00 00
00 00 00 00 00 00 00 00 00 4f fc fc 66 00 00 00 00 0d bc bb 0d 00 00 00 00 00 00 00
00 00 00 00 00 00 00 00 00 8d fd ce 0d 00 00 0a 4f fe fd fd 99 00 00 00 00 00 00 00
00 00 00 00 00 00 00 00 00 d8 fc a8 00 00 00 55 fc fd e3 fc b1 00 00 00 00 00 00 00
00 00 00 00 00 00 00 00 00 fd fc a8 00 00 00 ac fc c2 a2 fc 67 00 00 00 00 00 00 00
00 00 00 00 00 00 00 00 00 cb fc cd 0d 00 65 f6 fc 8a f3 d6 0f 00 00 00 00 00 00 00
00 00 00 00 00 00 00 00 00 4c f4 fd fd 8d d8 fd fd fe fd 9c 00 00 00 00 00 00 00 00
00 00 00 00 00 00 00 00 00 00 83 f0 fc fd fc fc fc fd bd 13 00 00 00 00 00 00 00 00
00 00 00 00 00 00 00 00 00 00 00 51 a8 a8 e0 fc fc 6a 13 00 00 00 00 00 00 00 00 00
00 00 00 00 00 00 00 00 00 00 00 00 00 00 13 99 fc 00 00 00 00 00 00 00 00 00 00 00
00 00 00 00 00 00 00 00 00 00 00 00 00 00 00 00 00 00 00 00 00 00 00 00 00 00 00 00
00 00 00 00 00 00 00 00 00 00 00 00 00 00 00 00 00 00 00 00 00 00 00 00 00 00 00 00
00 00 00 00 00 00 00 00 00 00 00 00 00 00 00 00 00 00 00 00 00 00 00 00 00 00 00 00
00 00 00 00 00 00 00 00 00 00 00 00 00 00 00 00 00 00 00 00 00 00 00 00 00 00 00 00
00 00 00 00 00 00 00 00 00 00 00 00 00 00 00 00 00 00 00 00 00 00 00 00 00 00 00 00
00 00 00 00 00 00 00 00 00 00 00 00 00 00 00 00 00 00 00 00 00 00 00 00 00 00 00 00
