00 00 00 00 00 00 00 00 00 00 00 00 00 00 00 00 00 00 00 00 00 00 00 00 00 00 00 00
00 00 00 00 00 00 00 00 00 00 00 00 00 00 00 00 00 00 00 00 00 00 00 00 00 00 00 00
00 00 00 00 00 00 00 00 00 00 00 00 00 00 00 00 00 00 00 00 00 00 00 00 00 00 00 00
00 00 00 00 00 00 00 00 00 00 00 00 00 00 00 00 00 00 00 00 00 00 00 00 00 00 00 00
00 00 00 00 00 00 00 00 00 00 00 00 00 00 2a aa ff 94 f0 cb 82 0c 01 00 00 00 00 00
00 00 00 00 00 00 00 00 00 00 00 03 2b 88 e4 fd fd fd f7 fd fd fd 0c 00 00 00 00 00
00 00 00 00 00 00 00 00 00 00 00 7f fd fd f8 eb 83 6f 39 6f f3 fd 81 00 00 00 00 00
00 00 00 00 00 00 00 00 00 00 00 66 e4 86 4a 00 00 00 00 00 ec fd 76 00 00 00 00 00
00 00 00 00 00 00 00 00 00 00 00 00 00 00 00 00 00 00 00 8d f7 c3 03 00 00 00 00 00
00 00 00 00 00 00 00 00 00 00 00 00 00 00 00 00 00 0e 57 f5 fd ec 05 00 00 00 00 00
00 00 00 00 00 00 00 00 00 00 00 00 00 00 00 00 00 73 fd fd ea 34 00 00 00 00 00 00
00 00 00 00 00 00 00 00 00 00 00 00 00 00 00 50 ae f2 fd d0 36 00 00 00 00 00 00 00
00 00 00 00 00 00 00 00 00 00 00 00 00 2b 5d ef fd e9 94 07 00 00 00 00 00 00 00 00
00 00 00 00 00 00 00 00 00 00 00 0e 5d ed fd fd fd e5 72 00 00 00 00 00 00 00 00 00
00 00 00 00 00 00 00 00 00 00 00 0e ca fd fd fd fd fd e5 12 00 00 00 00 00 00 00 00
00 00 00 00 00 00 00 00 00 00 00 00 29 37 37 37 37 80 fd cc 4b 00 00 00 00 00 00 00
00 00 00 00 00 00 00 00 00 00 00 00 00 00 00 00 00 30 ef fd ac 06 00 00 00 00 00 00
00 00 00 2d 9a c3 00 00 00 00 00 00 00 00 00 00 00 30 ef fd c4 06 00 00 00 00 00 00
00 00 00 b0 f9 94 00 00 00 00 00 00 00 00 00 00 00 8b fd d6 1d 00 00 00 00 00 00 00
00 00 00 c2 fc 9e 00 00 00 00 00 00 00 00 00 20 8e f9 d6 5a 00 00 00 00 00 00 00 00
00 00 00 1e fd f0 92 00 00 00 00 00 00 00 00 84 fd fd cb 0c 00 00 00 00 00 00 00 00
00 00 00 01 90 fd fc ec 8c 14 24 37 1c 70 94 fa fd d4 1a 00 00 00 00 00 00 00 00 00
00 00 00 00 07 5b fd fd fc f4 f6 f8 f5 fd fd fd 9b 19 00 00 00 00 00 00 00 00 00 00
00 00 00 00 00 01 12 81 93 fd fd fd fd fd d9 5a 01 00 00 00 00 00 00 00 00 00 00 00
00 00 00 00 00 00 00 00 00 00 00 00 00 00 00 00 00 00 00 00 00 00 00 00 00 00 00 00
00 00 00 00 00 00 00 00 00 00 00 00 00 00 00 00 00 00 00 00 00 00 00 00 00 00 00 00
00 00 00 00 00 00 00 00 00 00 00 00 00 00 00 00 00 00 00 00 00 00 00 00 00 00 00 00
00 00 00 00 00 00 00 00 00 00 00 00 00 00 00 00 00 00 00 00 00 00 00 00 00 00 00 00
