00 00 00 00 00 00 00 00 00 00 00 00 00 00 00 00 00 00 00 00 00 00 00 00 00 00 00 00
00 00 00 00 00 00 00 00 00 00 00 00 00 00 00 00 00 00 00 00 00 00 00 00 00 00 00 00
00 00 00 00 00 00 00 00 00 00 00 00 00 00 00 00 00 00 00 00 00 00 00 00 00 00 00 00
00 00 00 00 00 00 00 00 00 00 00 00 00 00 00 00 00 00 00 00 00 00 00 00 00 00 00 00
00 00 00 00 00 00 00 00 00 00 00 00 00 00 00 00 00 00 00 00 00 00 00 00 00 00 00 00
00 00 00 00 00 00 00 00 00 00 00 00 00 00 00 00 00 00 00 00 00 00 00 00 00 00 00 00
00 00 00 00 00 00 00 00 00 00 00 00 00 00 06 32 83 f1 cc 4d 01 00 00 00 00 00 00 00
00 00 00 00 00 00 00 00 00 00 00 00 00 2f e8 fe fa fd fe fe 0c 00 00 00 00 00 00 00
00 00 00 00 00 00 00 00 00 00 00 00 30 e7 f9 c1 47 63 ab fe 0c 00 00 00 00 00 00 00
00 00 00 02 18 00 00 00 00 00 00 6f e5 f7 60 00 00 00 77 fe 0c 00 00 00 00 00 00 00
00 00 00 0b d8 34 00 00 00 07 79 e4 f6 61 00 00 00 0d ea fe 0c 00 00 00 00 00 00 00
00 00 00 00 00 00 00 00 00 45 fe fe a7 00 00 00 00 b3 fe c7 06 00 00 00 00 00 00 00
00 00 00 00 00 00 00 00 00 ae fe d5 15 00 00 00 11 e6 fe fe 0c 00 00 00 00 00 00 00
00 00 00 00 00 00 00 00 00 ae fe 83 00 00 00 12 7e fe ff e8 0a 00 00 00 00 00 00 00
00 00 00 00 00 00 00 00 00 57 fe ec 93 39 61 ce fe fe e7 32 00 00 00 00 00 00 00 00
00 00 00 00 00 00 00 00 00 26 ec fe fe fe fe fe fe fe 94 00 00 00 00 00 00 00 00 00
00 00 00 00 00 00 00 00 00 00 2c 99 ba ba d0 fe fe e4 30 00 00 00 00 00 00 00 00 00
00 00 00 00 00 00 00 00 00 00 00 00 00 00 b3 fe fe 39 00 00 00 00 00 00 00 00 00 00
00 00 00 00 00 00 00 00 00 00 00 00 00 65 f5 fe b3 06 00 00 00 00 00 00 00 00 00 00
00 00 00 00 00 00 00 00 00 00 00 00 3a f5 fe e0 2d 00 00 00 00 00 00 00 00 00 00 00
00 00 00 00 00 00 00 00 00 00 00 17 c6 fe e1 2d 00 00 00 00 00 00 00 00 00 00 00 00
00 00 00 00 00 00 00 00 00 00 00 ac fe fe 40 00 00 00 00 00 00 00 00 00 00 00 00 00
00 00 00 00 00 00 00 00 00 15 85 f8 fe 86 05 00 00 00 00 00 00 00 00 00 00 00 00 00
00 00 00 00 00 00 00 00 00 6a fe fe e0 1f 00 00 00 00 00 00 00 00 00 00 00 00 00 00
00 00 00 00 00 00 00 00 00 ae fe fe 80 00 00 00 00 00 00 00 00 00 00 00 00 00 00 00
00 00 00 00 00 00 00 00 00 af e3 27 02 00 00 00 00 00 00 00 00 00 00 00 00 00 00 00
00 00 00 00 00 00 00 00 00 00 00 00 00 00 00 00 00 00 00 00 00 00 00 00 00 00 00 00
00 00 00 00 00 00 00 00 00 00 00 00 00 00 00 00 00 00 00 00 00 00 00 00 00 00 00 00
