00 00 00 00 00 00 00 00 00 00 00 00 00 00 00 00 00 00 00 00 00 00 00 00 00 00 00 00
00 00 00 00 00 00 00 00 00 00 00 00 00 00 00 00 00 00 00 00 00 00 00 00 00 00 00 00
00 00 00 00 00 00 00 00 00 00 00 00 00 00 00 00 00 00 00 00 00 00 00 00 00 00 00 00
00 00 00 00 00 00 00 00 00 00 00 00 00 00 00 00 00 00 00 00 00 00 00 00 00 00 00 00
00 00 00 00 00 00 00 00 00 00 00 00 00 00 00 00 00 00 00 00 00 00 00 00 00 00 00 00
00 00 00 00 00 00 00 00 00 00 05 1f 82 de ff ff 9a 56 00 00 00 00 00 00 00 00 00 00
00 00 00 00 00 00 00 00 02 0b 65 fd f4 f1 f1 f4 fd d5 88 54 00 00 00 00 00 00 00 00
00 00 00 00 00 01 13 5c 91 c8 13 6f 21 00 00 21 d9 fd fd 9a 00 00 00 00 00 00 00 00
00 00 00 00 00 0c f2 f1 51 37 05 08 00 00 00 00 51 fd f1 9a 00 00 00 00 00 00 00 00
00 00 00 00 00 00 80 fd fd bf ac 5f 10 00 00 00 61 fd 76 87 00 00 00 00 00 00 00 00
00 00 00 00 00 00 07 5d a8 dd fd eb 65 26 09 42 ec fd 25 00 00 00 00 00 00 00 00 00
00 00 00 00 00 00 00 00 00 0d 6c da 96 fd bc ae ef a7 0d 00 00 00 00 00 00 00 00 00
00 00 00 00 00 00 00 00 00 00 00 10 77 fd fd fd e4 36 00 00 00 00 00 00 00 00 00 00
00 00 00 00 00 00 00 00 00 00 00 00 54 fd fd fd fd b9 08 00 00 00 00 00 00 00 00 00
00 00 00 00 00 00 00 00 00 00 2a 32 8b 9e bf bf f1 fd c4 72 00 00 00 00 00 00 00 00
00 00 00 00 00 00 00 00 09 93 dd 95 1e 00 00 00 59 f2 fd 9a 00 00 00 00 00 00 00 00
00 00 00 00 00 00 00 14 cd fd ad 00 00 00 00 00 00 72 fd 9a 78 0e 00 00 00 00 00 00
00 00 00 00 00 00 00 7e fd b7 11 00 00 00 00 00 00 11 e0 b9 ed 12 00 00 00 00 00 00
00 00 00 00 00 00 10 ec e3 10 00 00 00 00 00 00 00 00 d9 fd fd 7a 00 00 00 00 00 00
00 00 00 00 00 00 41 fd b0 00 00 00 00 00 00 00 00 00 ab fd fd 8d 00 00 00 00 00 00
00 00 00 00 00 00 8f fd dc 25 00 00 00 00 00 00 00 00 8e fd fd 21 00 00 00 00 00 00
00 00 00 00 00 00 5c fd fd dc 58 00 00 00 00 00 22 d1 fa fd 9d 0b 00 00 00 00 00 00
00 00 00 00 00 00 02 66 b9 9e fa 96 70 70 70 94 f1 fd d4 c4 0e 00 00 00 00 00 00 00
00 00 00 00 00 00 00 02 05 14 9b fd fd fd fd fd d8 87 19 06 00 00 00 00 00 00 00 00
00 00 00 00 00 00 00 00 00 00 01 1e 81 81 81 81 95 00 00 00 00 00 00 00 00 00 00 00
00 00 00 00 00 00 00 00 00 00 00 00 00 00 00 00 00 00 00 00 00 00 00 00 00 00 00 00
00 00 00 00 00 00 00 00 00 00 00 00 00 00 00 00 00 00 00 00 00 00 00 00 00 00 00 00
00 00 00 00 00 00 00 00 00 00 00 00 00 00 00 00 00 00 00 00 00 00 00 00 00 00 00 00
