00 00 00 00 00 00 00 00 00 00 00 00 00 00 00 00 00 00 00 00 00 00 00 00 00 00 00 00
00 00 00 00 00 00 00 00 00 00 00 00 00 00 00 00 00 00 00 00 00 00 00 00 00 00 00 00
00 00 00 00 00 00 00 00 00 00 00 00 00 00 00 00 00 00 00 00 00 00 00 00 00 00 00 00
00 00 00 00 00 00 00 00 00 00 00 00 00 00 00 00 00 00 00 00 00 00 00 00 00 00 00 00
00 00 00 00 00 00 00 00 00 00 00 00 00 00 00 00 00 00 00 00 00 00 00 00 00 00 00 00
00 00 00 00 00 00 00 00 00 00 00 00 00 00 00 00 00 00 00 00 ec 7f 00 00 00 00 00 00
00 00 00 00 00 00 00 00 00 00 00 00 00 00 00 00 00 00 00 44 fc 7f 00 00 00 00 00 00
00 00 00 00 00 00 00 00 00 00 00 00 00 00 00 00 00 00 00 56 fd 51 00 00 00 00 00 00
00 00 00 00 00 00 00 00 00 00 00 17 66 00 00 00 00 00 00 a3 e9 17 00 00 00 00 00 00
00 00 00 00 00 00 00 00 00 00 14 cc eb 00 00 00 00 00 00 a3 fd 24 00 00 00 00 00 00
00 00 00 00 00 00 00 00 00 00 51 fe d1 00 00 00 00 00 1b ff fe 24 00 00 00 00 00 00
00 00 00 00 00 00 00 00 00 58 f5 e8 1e 00 00 00 00 00 af fe 96 03 00 00 00 00 00 00
00 00 00 00 00 00 00 00 2e f1 fd 9e 00 00 00 00 00 0a d9 fe 5f 00 00 00 00 00 00 00
00 00 00 00 00 00 00 0f c1 fe cb 08 00 00 07 00 00 61 fd be 04 00 00 00 00 00 00 00
00 00 00 00 00 00 00 8d fd fe c0 9b 62 b5 cf b5 b5 ee fd 5b 00 00 00 00 00 00 00 00
00 00 00 00 00 00 99 fe fe ff fe fe fe fe b6 df fe fe fe 42 00 00 00 00 00 00 00 00
00 00 00 00 00 00 c6 fd e9 c7 92 6c 45 12 00 0a dc fd 95 00 00 00 00 00 00 00 00 00
00 00 00 00 00 00 40 78 17 00 00 00 00 00 00 2f f8 fd 48 00 00 00 00 00 00 00 00 00
00 00 00 00 00 00 00 00 00 00 00 00 00 00 00 a5 fd c7 10 00 00 00 00 00 00 00 00 00
00 00 00 00 00 00 00 00 00 00 00 00 00 00 00 eb fd 50 00 00 00 00 00 00 00 00 00 00
00 00 00 00 00 00 00 00 00 00 00 00 00 00 49 fe e6 14 00 00 00 00 00 00 00 00 00 00
00 00 00 00 00 00 00 00 00 00 00 00 00 00 b0 fd 51 00 00 00 00 00 00 00 00 00 00 00
00 00 00 00 00 00 00 00 00 00 00 00 00 00 fe fd 24 00 00 00 00 00 00 00 00 00 00 00
00 00 00 00 00 00 00 00 00 00 00 00 00 28 fe e5 15 00 00 00 00 00 00 00 00 00 00 00
00 00 00 00 00 00 00 00 00 00 00 00 00 5b fe 66 00 00 00 00 00 00 00 00 00 00 00 00
00 00 00 00 00 00 00 00 00 00 00 00 00 00 00 00 00 00 00 00 00 00 00 00 00 00 00 00
00 00 00 00 00 00 00 00 00 00 00 00 00 00 00 00 00 00 00 00 00 00 00 00 00 00 00 00
00 00 00 00 00 00 00 00 00 00 00 00 00 00 00 00 00 00 00 00 00 00 00 00 00 00 00 00
