00 00 00 00 00 00 00 00 00 00 00 00 00 00 00 00 00 00 00 00 00 00 00 00 00 00 00 00
00 00 00 00 00 00 00 00 00 00 00 00 00 00 00 00 00 00 00 00 00 00 00 00 00 00 00 00
00 00 00 00 00 00 00 00 00 00 00 00 00 00 00 00 00 00 00 00 00 00 00 00 00 00 00 00
00 00 00 00 00 00 00 00 00 00 00 00 00 00 00 00 00 00 00 00 00 00 00 00 00 00 00 00
00 00 00 00 00 00 00 00 00 00 00 00 00 00 00 00 00 00 00 00 00 00 00 00 00 00 00 00
00 00 00 00 00 00 00 00 00 00 00 00 00 00 00 00 00 00 15 24 24 24 05 00 00 00 00 00
00 00 00 00 00 00 00 00 00 00 00 00 00 00 00 00 18 73 dc fe fe fe b7 93 00 00 00 00
00 00 00 00 00 00 00 00 00 00 00 00 00 11 11 00 92 fe fe fe fe fe fe 9e 00 00 00 00
00 00 00 00 00 00 00 00 00 00 00 00 0f b7 73 00 be fe fe c4 50 2f 2f 04 00 00 00 00
00 00 00 00 00 00 00 00 00 00 00 00 93 fe 6d 00 3f 1d 1d 0a 00 00 00 00 00 00 00 00
00 00 00 00 00 00 00 00 00 00 03 8b fb fd 3f 00 06 00 00 00 00 00 00 00 00 00 00 00
00 00 00 00 00 00 00 00 00 0b 89 fe fe b8 00 00 00 00 00 00 00 00 00 00 00 00 00 00
00 00 00 00 00 00 00 00 00 5a fd fe fe a1 2a 1b 00 00 00 00 00 00 00 00 00 00 00 00
00 00 00 00 00 00 00 00 00 00 83 c3 cd ff fe e2 7e 02 00 00 00 00 00 00 00 00 00 00
00 00 00 00 00 00 00 00 00 00 00 00 0a 3b 96 b1 f8 c0 45 00 00 00 00 00 00 00 00 00
00 00 00 00 00 00 00 00 00 00 00 00 00 00 00 00 5a fd fa 4b 00 00 00 00 00 00 00 00
00 00 00 00 7d c7 00 00 00 00 00 00 00 00 00 00 00 fa fe 8d 00 00 00 00 00 00 00 00
00 00 00 00 c6 dc 0a 00 00 00 00 00 00 00 00 00 3b fc fe 92 00 00 00 00 00 00 00 00
00 00 00 00 f2 fe e8 74 14 00 00 00 00 00 00 1a b9 fe ed 25 00 00 00 00 00 00 00 00
00 00 00 00 38 d6 fe fe e0 a6 35 30 30 30 30 de fe f7 4e 00 00 00 00 00 00 00 00 00
00 00 00 00 00 0a 47 9f f3 fe fe fe fe fe fe fe e1 b4 00 00 00 00 00 00 00 00 00 00
00 00 00 00 00 00 00 00 2b 35 a6 da fe fe e5 ab 60 00 00 00 00 00 00 00 00 00 00 00
00 00 00 00 00 00 00 00 00 00 00 14 23 23 19 00 00 00 00 00 00 00 00 00 00 00 00 00
00 00 00 00 00 00 00 00 00 00 00 00 00 00 00 00 00 00 00 00 00 00 00 00 00 00 00 00
00 00 00 00 00 00 00 00 00 00 00 00 00 00 00 00 00 00 00 00 00 00 00 00 00 00 00 00
00 00 00 00 00 00 00 00 00 00 00 00 00 00 00 00 00 00 00 00 00 00 00 00 00 00 00 00
00 00 00 00 00 00 00 00 00 00 00 00 00 00 00 00 00 00 00 00 00 00 00 00 00 00 00 00
00 00 00 00 00 00 00 00 00 00 00 00 00 00 00 00 00 00 00 00 00 00 00 00 00 00 00 00
