00 00 00 00 00 00 00 00 00 00 00 00 00 00 00 00 00 00 00 00 00 00 00 00 00 00 00 00
00 00 00 00 00 00 00 00 00 00 00 00 00 00 00 00 00 00 00 00 00 00 00 00 00 00 00 00
00 00 00 00 00 00 00 00 00 00 00 00 00 00 00 00 00 00 00 00 00 00 00 00 00 00 00 00
00 00 00 00 00 00 26 71 cf fd ff fd 8f 26 00 00 00 00 00 00 00 00 00 00 00 00 00 00
00 00 00 00 00 26 db fc fc fc fd fc fc ea 92 00 00 00 00 00 00 00 00 00 00 00 00 00
00 00 00 00 00 bf fc ef b4 37 c4 d6 fc fc fc 39 06 00 00 00 00 00 00 00 00 00 00 00
00 00 00 00 00 65 b0 41 00 00 00 1c c7 fc fc fd 2b 00 00 00 00 00 00 00 00 00 00 00
00 00 00 00 00 00 00 00 00 00 00 00 19 cd fc fd a7 00 00 00 00 00 00 00 00 00 00 00
00 00 00 00 00 00 00 00 00 00 00 00 00 1d fd ff fd c4 00 00 00 00 00 00 00 00 00 00
00 00 00 00 00 00 00 00 00 00 00 00 00 03 6a fd fc f6 4b 00 00 00 00 00 00 00 00 00
00 00 00 00 00 00 00 00 00 00 00 00 00 00 00 de fc fc 54 00 00 00 00 00 00 00 00 00
00 00 00 00 00 00 00 00 00 00 00 00 00 00 00 65 f9 fc 54 00 00 00 00 00 00 00 00 00
00 00 00 00 00 00 00 00 00 00 4f 00 00 00 00 00 e1 fc 54 00 00 00 00 00 00 00 00 00
00 00 00 00 00 00 00 00 0d bf ff a8 00 00 00 00 a3 fd e1 00 00 00 00 00 00 00 00 00
00 00 00 00 00 00 00 00 9a fc fd f3 32 00 00 00 55 fc df 00 00 00 00 00 00 00 00 00
00 00 00 00 00 00 00 00 a9 fc fd fc 37 00 00 00 55 fc df 00 00 00 00 00 00 00 00 00
00 00 00 00 00 00 00 00 48 ef fd fc bb 38 00 00 b2 fc df 00 00 00 00 00 00 00 00 00
00 00 00 00 00 00 00 00 00 8c fd fc fc b1 3f 00 e1 fc 91 00 00 00 00 00 00 00 00 00
00 00 00 00 00 00 00 00 00 8d ff fd fd fd fd b0 fd fd 54 00 00 00 00 00 00 00 00 00
00 00 00 00 00 00 00 00 00 0f fd fc fc fc fc fd fc fc 54 00 00 1d 42 39 55 00 00 00
00 00 00 00 00 00 00 00 00 00 c4 f6 fc fc fc fd fc fc d7 c5 c6 d7 ef ea dc 00 00 00
00 00 00 00 00 00 00 00 00 00 00 82 fc fc fc e1 f9 fc fc fc fd fc f5 d0 25 00 00 00
00 00 00 00 00 00 00 00 00 00 00 26 70 70 70 00 64 70 70 70 70 70 57 00 00 00 00 00
00 00 00 00 00 00 00 00 00 00 00 00 00 00 00 00 00 00 00 00 00 00 00 00 00 00 00 00
00 00 00 00 00 00 00 00 00 00 00 00 00 00 00 00 00 00 00 00 00 00 00 00 00 00 00 00
00 00 00 00 00 00 00 00 00 00 00 00 00 00 00 00 00 00 00 00 00 00 00 00 00 00 00 00
00 00 00 00 00 00 00 00 00 00 00 00 00 00 00 00 00 00 00 00 00 00 00 00 00 00 00 00
00 00 00 00 00 00 00 00 00 00 00 00 00 00 00 00 00 00 00 00 00 00 00 00 00 00 00 00
