00 00 00 00 00 00 00 00 00 00 00 00 00 00 00 00 00 00 00 00 00 00 00 00 00 00 00 00
00 00 00 00 00 00 00 00 00 00 00 00 00 00 00 00 00 00 00 00 00 00 00 00 00 00 00 00
00 00 00 00 00 00 00 00 00 00 00 00 00 00 00 00 00 00 00 00 00 00 00 00 00 00 00 00
00 00 00 00 00 00 00 00 00 00 00 00 00 00 00 00 00 00 00 00 00 00 00 00 00 00 00 00
00 00 00 00 00 00 00 00 00 00 00 00 00 00 00 00 00 00 00 00 00 00 00 00 00 00 00 00
00 00 00 00 00 00 00 00 00 00 00 00 00 00 00 00 00 00 00 00 00 00 00 00 00 00 00 00
00 00 00 00 00 00 00 00 00 00 00 00 00 00 0c c6 ff ff e7 66 00 00 00 00 00 00 00 00
00 00 00 00 00 00 00 00 00 00 00 00 0a 19 e8 e0 b1 e5 f5 e3 23 00 00 00 00 00 00 00
00 00 00 00 00 00 00 00 00 00 00 47 c2 fd 39 00 00 00 aa fd 87 00 00 00 00 00 00 00
00 00 00 00 00 00 00 00 00 0c 54 ee fd d1 09 00 00 00 59 fd b4 00 00 00 00 00 00 00
00 00 00 00 00 00 00 00 00 3d fd fd b8 07 00 00 00 00 87 fd 97 00 00 00 00 00 00 00
00 00 00 00 00 00 00 00 00 99 fd e5 36 00 00 00 07 5b ea ec 2b 00 00 00 00 00 00 00
00 00 00 00 00 00 00 00 00 b6 fd 47 00 00 00 2d 66 fd fd c1 00 00 00 00 00 00 00 00
00 00 00 00 00 00 00 00 00 b6 fd e1 da da da ee fd fd fd c1 00 00 00 00 00 00 00 00
00 00 00 00 00 00 00 00 00 48 fd fd fd fd 95 96 fd fd e8 34 00 00 00 00 00 00 00 00
00 00 00 00 00 00 00 00 00 03 2e 84 56 0b 01 47 fd fd 93 00 00 00 00 00 00 00 00 00
00 00 00 00 00 00 00 00 00 00 00 00 00 00 00 c6 ff fd 51 00 00 00 00 00 00 00 00 00
00 00 00 00 00 00 00 00 00 00 00 00 00 00 8b ff fb c4 00 00 00 00 00 00 00 00 00 00
00 00 00 00 00 00 00 00 00 00 00 00 00 10 f4 fe e5 00 00 00 00 00 00 00 00 00 00 00
00 00 00 00 00 00 00 00 00 00 00 00 13 c3 fd fc 80 00 00 00 00 00 00 00 00 00 00 00
00 00 00 00 00 00 00 00 00 00 00 00 7f fd fd 9b 00 00 00 00 00 00 00 00 00 00 00 00
00 00 00 00 00 00 00 00 00 00 00 19 e4 fd da 1d 00 00 00 00 00 00 00 00 00 00 00 00
00 00 00 00 00 00 00 00 00 00 00 b7 fd fd 5c 00 00 00 00 00 00 00 00 00 00 00 00 00
00 00 00 00 00 00 00 00 00 18 84 f7 fd d3 07 00 00 00 00 00 00 00 00 00 00 00 00 00
00 00 00 00 00 00 00 00 00 72 fd fd d3 19 00 00 00 00 00 00 00 00 00 00 00 00 00 00
00 00 00 00 00 00 00 00 00 42 fd d5 52 00 00 00 00 00 00 00 00 00 00 00 00 00 00 00
00 00 00 00 00 00 00 00 00 00 00 00 00 00 00 00 00 00 00 00 00 00 00 00 00 00 00 00
00 00 00 00 00 00 00 00 00 00 00 00 00 00 00 00 00 00 00 00 00 00 00 00 00 00 00 00
