00 00 00 00 00 00 00 00 00 00 00 00 00 00 00 00 00 00 00 00 00 00 00 00 00 00 00 00
00 00 00 00 00 00 00 00 00 00 00 00 00 00 00 00 00 00 00 00 00 00 00 00 00 00 00 00
00 00 00 00 00 00 00 00 00 00 00 00 00 00 00 00 00 00 00 00 00 00 00 00 00 00 00 00
00 00 00 00 00 00 00 00 a5 fe fe fe af 6a 69 2b 00 00 00 00 00 00 00 00 00 00 00 00
00 00 00 00 00 00 00 00 a4 fd fd f6 e1 fd fd e3 d3 48 00 00 00 00 00 00 00 00 00 00
00 00 00 00 00 00 00 00 3a 59 dd d2 30 8d f1 fd fe e8 3a 00 00 00 00 00 00 00 00 00
00 00 00 00 00 00 00 00 00 00 00 00 00 00 18 cc fe fd 59 00 00 00 00 00 00 00 00 00
00 00 00 00 00 00 00 00 00 00 00 00 00 00 00 95 fe fd 59 00 00 00 00 00 00 00 00 00
00 00 00 00 00 00 00 00 00 00 00 00 00 00 00 95 fe fd 59 00 00 00 00 00 00 00 00 00
00 00 00 00 00 00 00 00 00 00 00 00 00 00 00 95 fe fd 59 00 00 00 00 00 00 00 00 00
00 00 00 00 00 00 00 00 00 00 00 00 00 00 10 ba ff c4 05 00 00 00 00 00 00 00 00 00
00 00 00 00 00 00 00 00 00 00 00 00 00 00 48 fd fe a6 00 00 00 00 00 00 00 00 00 00
00 00 00 00 00 00 00 00 00 00 00 00 00 36 e5 fd fe 2c 00 00 00 00 00 00 00 00 00 00
00 00 00 00 00 00 00 00 00 00 00 00 00 98 fe fe 96 00 00 00 00 00 00 00 00 00 00 00
00 00 00 00 00 00 00 00 00 00 00 08 8b fb fd d9 1a 00 00 00 00 00 00 00 00 00 00 00
00 00 00 00 00 00 00 00 00 00 00 27 fd fd fa 62 00 00 00 00 00 00 00 00 00 00 00 00
00 00 00 00 00 00 00 00 00 00 00 b3 fd fd 89 00 00 00 00 00 00 00 00 00 5d 31 00 00
00 00 00 00 00 00 00 00 00 00 c7 f5 fd ad 07 00 20 4b ac e0 e0 e0 e0 e0 f6 c0 00 00
00 00 00 00 00 00 00 00 14 66 f5 fd ad 82 b3 b3 d3 fd fd fd fd f9 df 52 4a 1f 00 00
00 00 00 00 00 00 00 70 d4 fd fd fd fd fd fd fd fe fd fd fd 85 69 00 00 00 00 00 00
00 00 00 00 00 00 64 fb fd fd fd fd fd fd fd fd a4 28 0e 0e 02 00 00 00 00 00 00 00
00 00 00 00 00 00 c1 fd fd fd fd fd e5 d0 5e 3b 00 00 00 00 00 00 00 00 00 00 00 00
00 00 00 00 00 00 2b e3 9b ae d1 68 31 00 00 00 00 00 00 00 00 00 00 00 00 00 00 00
00 00 00 00 00 00 00 00 00 00 00 00 00 00 00 00 00 00 00 00 00 00 00 00 00 00 00 00
00 00 00 00 00 00 00 00 00 00 00 00 00 00 00 00 00 00 00 00 00 00 00 00 00 00 00 00
00 00 00 00 00 00 00 00 00 00 00 00 00 00 00 00 00 00 00 00 00 00 00 00 00 00 00 00
00 00 00 00 00 00 00 00 00 00 00 00 00 00 00 00 00 00 00 00 00 00 00 00 00 00 00 00
00 00 00 00 00 00 00 00 00 00 00 00 00 00 00 00 00 00 00 00 00 00 00 00 00 00 00 00
