00 00 00 00 00 00 00 00 00 00 00 00 00 00 00 00 00 00 00 00 00 00 00 00 00 00 00 00
00 00 00 00 00 00 00 00 00 00 00 00 00 00 00 00 00 00 00 00 00 00 00 00 00 00 00 00
00 00 00 00 00 00 00 00 00 00 00 00 00 00 00 00 00 00 00 00 00 00 00 00 00 00 00 00
00 00 00 00 00 00 00 00 00 00 00 00 00 00 00 00 00 00 00 00 00 00 00 00 00 00 00 00
00 00 00 00 00 00 00 00 00 00 00 00 00 00 00 00 00 00 00 74 f4 72 00 00 00 00 00 00
00 00 00 00 00 00 00 00 00 00 00 00 00 00 2b 2f 2f 22 00 74 fd ce 00 00 00 00 00 00
00 00 00 00 00 00 00 00 00 00 00 00 13 a4 f6 fd fc ea 21 74 fd ae 00 00 00 00 00 00
00 00 00 00 00 00 00 00 00 00 00 3c bc fc fc fd fc fc 2d d2 ea 11 00 00 00 00 00 00
00 00 00 00 00 00 00 00 00 00 4a f4 fc fc 93 94 d2 16 8c fa e6 00 00 00 00 00 00 00
00 00 00 00 00 00 00 00 00 00 ff fd cd 15 00 40 8c a9 e9 fd 9e 00 00 00 00 00 00 00
00 00 00 00 00 00 00 00 00 00 fd fc 9a 09 00 00 44 fc fc b2 00 00 00 00 00 00 00 00
00 00 00 00 00 00 00 00 00 00 89 fc fc c4 30 31 e4 fc e3 30 00 00 00 00 00 00 00 00
00 00 00 00 00 00 00 00 00 00 05 b1 fc fc e8 e9 fc e3 32 00 00 00 00 00 00 00 00 00
00 00 00 00 00 00 00 00 00 00 00 0f 89 fc fc fd e7 30 00 00 00 00 00 00 00 00 00 00
00 00 00 00 00 00 00 00 00 00 00 00 51 fd fd ff cf 00 00 00 00 00 00 00 00 00 00 00
00 00 00 00 00 00 00 00 00 00 00 33 e4 fc e7 e8 ec 2c 00 00 00 00 00 00 00 00 00 00
00 00 00 00 00 00 00 00 00 00 31 e4 fc e3 30 8a fc 98 00 00 00 00 00 00 00 00 00 00
00 00 00 00 00 00 00 00 00 00 e9 fc e3 32 00 8a fc d0 11 00 00 00 00 00 00 00 00 00
00 00 00 00 00 00 00 00 00 9e fd fc 4f 00 00 8a fc dd 19 00 00 00 00 00 00 00 00 00
00 00 00 00 00 00 00 00 5d fd ff 90 00 00 00 95 fd ad 00 00 00 00 00 00 00 00 00 00
00 00 00 00 00 00 00 00 a6 fc f9 4b 00 00 2b fd df 19 00 00 00 00 00 00 00 00 00 00
00 00 00 00 00 00 00 00 cf fc ed 46 46 70 f6 fd ae 00 00 00 00 00 00 00 00 00 00 00
00 00 00 00 00 00 00 00 a5 fc fd fc fc fc fc 96 11 00 00 00 00 00 00 00 00 00 00 00
00 00 00 00 00 00 00 00 33 89 fd fc c8 d2 20 00 00 00 00 00 00 00 00 00 00 00 00 00
00 00 00 00 00 00 00 00 00 00 00 00 00 00 00 00 00 00 00 00 00 00 00 00 00 00 00 00
00 00 00 00 00 00 00 00 00 00 00 00 00 00 00 00 00 00 00 00 00 00 00 00 00 00 00 00
00 00 00 00 00 00 00 00 00 00 00 00 00 00 00 00 00 00 00 00 00 00 00 00 00 00 00 00
00 00 00 00 00 00 00 00 00 00 00 00 00 00 00 00 00 00 00 00 00 00 00 00 00 00 00 00
