00 00 00 00 00 00 00 00 00 00 00 00 00 00 00 00 00 00 00 00 00 00 00 00 00 00 00 00
00 00 00 00 00 00 00 00 00 00 00 00 00 00 00 00 00 00 00 00 00 00 00 00 00 00 00 00
00 00 00 00 00 00 00 00 00 00 00 00 00 00 00 00 00 00 00 00 00 00 00 00 00 00 00 00
00 00 00 00 00 00 00 00 00 00 00 00 00 00 00 00 00 00 00 00 00 00 00 00 00 00 00 00
00 00 00 00 00 00 00 00 00 00 00 00 00 00 00 00 00 00 00 00 00 00 00 00 00 00 00 00
00 00 00 00 00 00 00 00 00 00 00 00 00 00 00 00 00 00 00 00 00 00 00 00 00 00 00 00
00 00 00 00 00 00 00 00 00 00 00 00 00 00 00 00 00 00 00 00 00 00 00 00 00 00 00 00
00 00 00 00 00 00 00 00 00 00 00 00 00 00 00 00 00 00 00 00 00 00 00 00 00 00 00 00
00 00 00 00 00 00 00 00 00 00 00 00 00 00 00 00 00 00 00 00 10 28 5f 33 28 28 00 00
00 00 00 00 00 00 00 00 00 00 00 00 00 00 00 00 00 10 6b b9 ce de a6 9c 9c 8b 00 00
00 00 00 00 00 00 00 00 00 00 00 00 00 00 00 07 7d e0 89 21 00 00 00 00 00 00 00 00
00 00 00 00 00 00 00 00 00 00 00 00 00 00 03 b3 8b 15 00 00 08 14 2a 42 00 00 00 00
00 00 00 00 00 00 00 00 00 00 00 00 00 00 07 dd 0e 3d 8d af 81 6f 38 09 00 00 00 00
00 00 00 00 00 00 00 00 00 00 00 00 01 0a 80 ff da 6a 34 04 00 00 00 00 00 00 00 00
00 00 00 00 00 00 00 00 00 00 00 29 a4 ea 98 9f 75 00 00 00 00 00 00 00 00 00 00 00
00 00 00 00 00 00 00 00 00 43 d0 d4 6e 0c 00 31 c5 00 00 00 00 00 00 00 00 00 00 00
00 00 00 00 00 00 00 00 7d ca 35 03 00 00 00 6e b7 00 00 00 00 00 00 00 00 00 00 00
00 00 00 00 00 00 0b 88 b6 0a 00 00 00 00 3e e1 18 00 00 00 00 00 00 00 00 00 00 00
00 00 00 00 00 00 71 c0 0a 00 00 00 04 61 c1 2d 00 00 00 00 00 00 00 00 00 00 00 00
00 00 00 00 00 00 f0 3e 00 00 0d 50 da a4 1a 00 00 00 00 00 00 00 00 00 00 00 00 00
00 00 00 00 00 00 88 c2 8c 8c da bc 43 00 00 00 00 00 00 00 00 00 00 00 00 00 00 00
00 00 00 00 00 00 00 1c 66 3d 18 00 00 00 00 00 00 00 00 00 00 00 00 00 00 00 00 00
00 00 00 00 00 00 00 00 00 00 00 00 00 00 00 00 00 00 00 00 00 00 00 00 00 00 00 00
00 00 00 00 00 00 00 00 00 00 00 00 00 00 00 00 00 00 00 00 00 00 00 00 00 00 00 00
00 00 00 00 00 00 00 00 00 00 00 00 00 00 00 00 00 00 00 00 00 00 00 00 00 00 00 00
00 00 00 00 00 00 00 00 00 00 00 00 00 00 00 00 00 00 00 00 00 00 00 00 00 00 00 00
00 00 00 00 00 00 00 00 00 00 00 00 00 00 00 00 00 00 00 00 00 00 00 00 00 00 00 00
00 00 00 00 00 00 00 00 00 00 00 00 00 00 00 00 00 00 00 00 00 00 00 00 00 00 00 00
