00 00 00 00 00 00 00 00 00 00 00 00 00 00 00 00 00 00 00 00 00 00 00 00 00 00 00 00
00 00 00 00 00 00 00 00 00 00 00 00 00 00 00 00 00 00 00 00 00 00 00 00 00 00 00 00
00 00 00 00 00 00 00 00 00 00 00 00 00 00 00 00 00 00 00 00 00 00 00 00 00 00 00 00
00 00 00 00 00 00 00 00 00 00 00 00 00 00 00 00 00 00 00 00 00 00 00 00 00 00 00 00
00 00 00 00 00 00 00 00 00 00 00 00 00 00 00 00 00 00 00 00 00 c6 aa 00 00 00 00 00
00 00 00 00 00 00 00 00 00 00 00 00 00 00 00 00 00 00 00 00 aa ff 00 00 00 00 00 00
00 00 00 00 00 00 00 00 00 00 00 00 00 00 00 00 00 00 00 00 ff e2 00 00 00 00 00 00
00 00 00 00 00 00 00 00 00 00 00 00 00 00 00 00 00 00 00 1d ff 56 00 00 00 00 00 00
00 00 00 00 00 00 00 00 00 00 00 00 c6 56 00 00 00 00 00 c6 ff 1d 00 00 00 00 00 00
00 00 00 00 00 00 00 00 00 00 00 1d ff aa 00 00 00 00 00 ff ff 00 00 00 00 00 00 00
00 00 00 00 00 00 00 00 00 00 00 aa ff 8d 00 00 00 00 72 ff 72 00 00 00 00 00 00 00
00 00 00 00 00 00 00 00 00 00 1d ff ff 39 00 00 00 00 e2 ff 00 00 00 00 00 00 00 00
00 00 00 00 00 00 00 00 00 00 e2 ff 72 00 00 00 00 72 ff aa 00 00 00 00 00 00 00 00
00 00 00 00 00 00 00 00 00 e2 ff e2 00 00 00 00 00 ff ff 1d 00 00 00 00 00 00 00 00
00 00 00 00 00 00 00 1d c6 ff ff 39 00 00 00 00 8d ff c6 00 00 00 00 00 00 00 00 00
00 00 00 00 00 00 00 e2 ff ff ff ff c6 72 00 00 ff ff 1d 00 00 00 00 00 00 00 00 00
00 00 00 00 00 00 00 56 8d 1d 72 c6 ff ff ff ff ff ff 1d 00 00 00 00 00 00 00 00 00
00 00 00 00 00 00 00 00 00 00 00 00 00 56 c6 ff ff 72 00 00 00 00 00 00 00 00 00 00
00 00 00 00 00 00 00 00 00 00 00 00 00 00 8d ff c6 00 00 00 00 00 00 00 00 00 00 00
00 00 00 00 00 00 00 00 00 00 00 00 00 00 ff ff 1d 00 00 00 00 00 00 00 00 00 00 00
00 00 00 00 00 00 00 00 00 00 00 00 00 39 ff c6 00 00 00 00 00 00 00 00 00 00 00 00
00 00 00 00 00 00 00 00 00 00 00 00 00 e2 ff 1d 00 00 00 00 00 00 00 00 00 00 00 00
00 00 00 00 00 00 00 00 00 00 00 00 aa ff aa 00 00 00 00 00 00 00 00 00 00 00 00 00
00 00 00 00 00 00 00 00 00 00 00 00 c6 e2 00 00 00 00 00 00 00 00 00 00 00 00 00 00
00 00 00 00 00 00 00 00 00 00 00 00 00 00 00 00 00 00 00 00 00 00 00 00 00 00 00 00
00 00 00 00 00 00 00 00 00 00 00 00 00 00 00 00 00 00 00 00 00 00 00 00 00 00 00 00
00 00 00 00 00 00 00 00 00 00 00 00 00 00 00 00 00 00 00 00 00 00 00 00 00 00 00 00
00 00 00 00 00 00 00 00 00 00 00 00 00 00 00 00 00 00 00 00 00 00 00 00 00 00 00 00
