00 00 00 00 00 00 00 00 00 00 00 00 00 00 00 00 00 00 00 00 00 00 00 00 00 00 00 00
00 00 00 00 00 00 00 00 00 00 00 00 00 00 00 00 00 00 00 00 00 00 00 00 00 00 00 00
00 00 00 00 00 00 00 00 00 00 00 00 00 00 00 00 00 00 00 00 00 00 00 00 00 00 00 00
00 00 00 00 00 00 00 00 00 00 00 00 00 00 00 00 00 00 00 00 00 00 00 00 00 00 00 00
00 00 00 00 00 00 00 00 00 00 00 00 00 00 00 26 b4 c9 0b 00 00 00 00 00 00 00 00 00
00 00 00 00 00 00 00 00 00 00 00 00 00 00 09 9b fc fc 74 00 00 00 00 00 00 00 00 00
00 00 00 00 00 00 00 00 00 00 00 00 00 00 82 fc fc fc 74 00 00 00 00 00 00 00 00 00
00 00 00 00 00 00 00 00 00 00 00 00 00 3e ec fc fc fc 74 00 00 00 00 00 00 00 00 00
00 00 00 00 00 00 00 00 00 00 00 00 00 f3 fc fc fc fc 3f 00 00 00 00 00 00 00 00 00
00 00 00 00 00 00 00 00 00 00 00 00 4a ff f9 b8 fd fd 0b 00 00 00 00 00 00 00 00 00
00 00 00 00 00 00 00 00 00 00 00 3c f4 fd b9 46 fc fc 5f 00 00 00 00 00 00 00 00 00
00 00 00 00 00 00 00 00 00 00 00 7c fc f7 43 46 fc fc 00 00 00 00 00 00 00 00 00 00
00 00 00 00 00 00 00 00 00 00 97 f4 fc 5e 00 46 fc fc 00 00 00 00 00 00 00 00 00 00
00 00 00 00 00 00 00 00 00 5f f6 fc c8 00 00 ae fc fc 00 00 00 00 00 00 00 00 00 00
00 00 00 00 00 00 00 00 22 fd fd cb 0b 00 00 7b fd fd 00 00 00 00 00 00 00 00 00 00
00 00 00 00 00 00 00 16 d4 fc fc 57 00 00 00 46 fc fc 16 00 00 00 00 00 00 00 00 00
00 00 00 00 00 00 00 92 fd fc dd 19 00 00 00 46 fc fc 74 00 00 00 00 00 00 00 00 00
00 00 00 00 00 00 4c f8 fd fc fc d7 cf d0 cf dc fc fc 74 00 00 00 00 00 00 00 00 00
00 00 00 00 00 00 5d fc fd fc fc fc fc fd fc fc fc fc 74 00 00 00 00 00 00 00 00 00
00 00 00 00 00 00 00 6a 74 74 c7 e6 e6 e7 9d ce fd fd b3 00 00 00 00 00 00 00 00 00
00 00 00 00 00 00 00 00 00 00 00 00 00 00 00 39 f4 fc ea 11 00 00 00 00 00 00 00 00
00 00 00 00 00 00 00 00 00 00 00 00 00 00 00 00 cf fc fd 5c 00 00 00 00 00 00 00 00
00 00 00 00 00 00 00 00 00 00 00 00 00 00 00 00 a5 fc ea 11 00 00 00 00 00 00 00 00
00 00 00 00 00 00 00 00 00 00 00 00 00 00 00 00 33 f2 7e 00 00 00 00 00 00 00 00 00
00 00 00 00 00 00 00 00 00 00 00 00 00 00 00 00 00 00 00 00 00 00 00 00 00 00 00 00
00 00 00 00 00 00 00 00 00 00 00 00 00 00 00 00 00 00 00 00 00 00 00 00 00 00 00 00
00 00 00 00 00 00 00 00 00 00 00 00 00 00 00 00 00 00 00 00 00 00 00 00 00 00 00 00
00 00 00 00 00 00 00 00 00 00 00 00 00 00 00 00 00 00 00 00 00 00 00 00 00 00 00 00
