00 00 00 00 00 00 00 00 00 00 00 00 00 00 00 00 00 00 00 00 00 00 00 00 00 00 00 00
00 00 00 00 00 00 00 00 00 00 00 00 00 00 00 00 00 00 00 00 00 00 00 00 00 00 00 00
00 00 00 00 00 00 00 00 00 00 00 00 00 00 00 00 00 00 00 00 00 00 00 00 00 00 00 00
00 00 00 00 00 00 00 00 00 00 00 00 00 00 00 00 00 00 00 00 00 00 00 00 00 00 00 00
00 00 00 00 00 00 00 00 00 00 00 00 00 00 00 00 00 00 00 00 00 00 00 00 00 00 00 00
00 00 00 00 00 00 00 00 00 00 00 00 00 00 00 00 00 00 00 00 00 00 00 00 00 00 00 00
00 00 00 00 00 00 00 00 00 00 00 00 00 00 00 00 00 00 00 00 00 00 00 00 00 00 00 00
00 00 00 00 00 00 00 00 00 00 00 56 ff 74 00 00 00 00 54 7d cd eb 00 00 00 00 00 00
00 00 00 00 00 00 00 00 00 00 00 d5 fd fc f8 da b9 d0 fb fd fd ea 00 00 00 00 00 00
00 00 00 00 00 00 00 00 00 00 90 fb fd fd fd fd fd fd fd fd fd ea 00 00 00 00 00 00
00 00 00 00 00 00 00 68 8a d4 fb fd 7f 13 13 56 13 26 d2 fd f2 47 00 00 00 00 00 00
00 00 00 00 00 00 00 70 f3 fb da 2d 05 00 00 00 00 a3 fd fd 6e 00 00 00 00 00 00 00
00 00 00 00 00 00 00 0e 98 70 15 00 00 00 00 00 5e f4 fd e1 0c 00 00 00 00 00 00 00
00 00 00 00 00 00 00 00 00 00 00 00 00 00 00 33 f3 fd f0 50 00 00 00 00 00 00 00 00
00 00 00 00 00 00 00 00 00 00 00 00 00 00 00 a6 fd fd ae 00 00 00 00 00 00 00 00 00
00 00 00 00 00 00 00 00 00 00 00 00 00 00 9c f0 fd b4 11 00 00 00 00 00 00 00 00 00
00 00 00 00 00 00 00 00 00 00 00 00 15 67 f0 fd f0 3a 00 00 00 00 00 00 00 00 00 00
00 00 00 00 00 00 00 00 00 00 00 00 4f fd fd f0 58 00 00 00 00 00 00 00 00 00 00 00
00 00 00 00 00 00 00 00 00 00 00 12 b5 fd fd a7 00 00 00 00 00 00 00 00 00 00 00 00
00 00 00 00 00 00 00 00 00 00 00 af fd fd b8 14 00 00 00 00 00 00 00 00 00 00 00 00
00 00 00 00 00 00 00 00 00 00 3e f1 fd f2 31 00 00 00 00 00 00 00 00 00 00 00 00 00
00 00 00 00 00 00 00 00 00 0d b3 fd fd a4 00 00 00 00 00 00 00 00 00 00 00 00 00 00
00 00 00 00 00 00 00 00 00 63 fd fd f5 2e 00 00 00 00 00 00 00 00 00 00 00 00 00 00
00 00 00 00 00 00 00 00 00 6d fd fd a5 00 00 00 00 00 00 00 00 00 00 00 00 00 00 00
00 00 00 00 00 00 00 00 06 e6 fd f9 2b 00 00 00 00 00 00 00 00 00 00 00 00 00 00 00
00 00 00 00 00 00 00 00 66 fd fd 62 00 00 00 00 00 00 00 00 00 00 00 00 00 00 00 00
00 00 00 00 00 00 00 00 00 a1 fd 26 00 00 00 00 00 00 00 00 00 00 00 00 00 00 00 00
00 00 00 00 00 00 00 00 00 00 00 00 00 00 00 00 00 00 00 00 00 00 00 00 00 00 00 00
