00 00 00 00 00 00 00 00 00 00 00 00 00 00 00 00 00 00 00 00 00 00 00 00 00 00 00 00
00 00 00 00 00 00 00 00 00 00 00 00 00 00 00 00 00 00 00 00 00 00 00 00 00 00 00 00
00 00 00 00 00 00 00 00 00 00 00 00 00 00 00 00 00 00 00 00 00 00 00 00 00 00 00 00
00 00 00 00 00 00 00 00 00 00 00 00 00 00 00 00 00 00 00 00 00 00 00 00 00 00 00 00
00 00 00 00 00 00 00 00 00 00 00 00 00 00 2d fe fe fe 94 18 09 00 00 00 00 00 00 00
00 00 00 00 00 00 00 00 00 00 00 00 00 2b fe fc fc fc fc fc 79 0d 00 00 00 00 00 00
00 00 00 00 00 00 00 00 00 00 00 00 3a ed fe fc fc fc fc fc fc 44 00 00 00 00 00 00
00 00 00 00 00 00 00 00 00 00 00 45 e0 fc fe fc fc fc fc fc fc 87 11 00 00 00 00 00
00 00 00 00 00 00 00 00 00 00 4b d8 fc fc fe e7 a8 fc fc fc fc fc 2d 00 00 00 00 00
00 00 00 00 00 00 00 00 00 4d d4 fc fc fc f2 5d 20 72 b1 fc fc fc 9e 0c 00 00 00 00
00 00 00 00 00 00 00 00 4b d4 fc fc fc fc e7 00 00 00 74 fc fc fc fc 15 00 00 00 00
00 00 00 00 00 00 00 45 d8 fc fc fc fc fc 3e 00 00 00 74 fc fc fc fc 15 00 00 00 00
00 00 00 00 00 00 00 5d fc fc fc fc fc 3e 00 00 00 00 15 9e fc fc fc 15 00 00 00 00
00 00 00 00 00 00 40 ef fc fc fc fc fc 15 00 00 00 00 00 8b fc fc fc 15 00 00 00 00
00 00 00 00 00 05 57 fe fe fe fe ed 29 00 00 00 00 00 0b 96 fe fe fe 16 00 00 00 00
00 00 00 00 05 55 fc fc fc fc de 37 00 00 00 00 00 00 74 fc fc fc d6 12 00 00 00 00
00 00 00 00 18 fc fc fc fc fc 5b 00 00 00 00 00 00 1a 99 fc fc fc 2d 00 00 00 00 00
00 00 00 00 18 fc fc fc fc fc 5b 00 00 00 00 12 5d 97 fc fc fc b8 1c 00 00 00 00 00
00 00 00 00 18 fc fc fc fc fc a4 74 74 74 75 8d fc fc fc fc fc 44 00 00 00 00 00 00
00 00 00 00 18 fc fc fc fc fc fc fc fc fc fe fc fc fc fc fc a3 1f 00 00 00 00 00 00
00 00 00 00 09 79 fc fc fc fc fc fc fc fc fe fc fc fc b2 5b 21 00 00 00 00 00 00 00
00 00 00 00 00 0d 77 fc fc fc fc fc fc fc fe fc fc b8 25 00 00 00 00 00 00 00 00 00
00 00 00 00 00 00 0d 79 fc fc fc fc fc fc fe d6 2d 1c 00 00 00 00 00 00 00 00 00 00
00 00 00 00 00 00 00 08 15 15 a9 fc fc 29 16 12 00 00 00 00 00 00 00 00 00 00 00 00
00 00 00 00 00 00 00 00 00 00 00 00 00 00 00 00 00 00 00 00 00 00 00 00 00 00 00 00
00 00 00 00 00 00 00 00 00 00 00 00 00 00 00 00 00 00 00 00 00 00 00 00 00 00 00 00
00 00 00 00 00 00 00 00 00 00 00 00 00 00 00 00 00 00 00 00 00 00 00 00 00 00 00 00
00 00 00 00 00 00 00 00 00 00 00 00 00 00 00 00 00 00 00 00 00 00 00 00 00 00 00 00
