00 00 00 00 00 00 00 00 00 00 00 00 00 00 00 00 00 00 00 00 00 00 00 00 00 00 00 00
00 00 00 00 00 00 00 00 00 00 00 00 00 00 00 00 00 00 00 00 00 00 00 00 00 00 00 00
00 00 00 00 00 00 00 00 00 00 00 00 00 00 00 00 00 00 00 00 00 00 00 00 00 00 00 00
00 00 00 00 00 00 00 00 00 00 00 00 00 00 00 00 00 00 00 00 00 00 00 00 00 00 00 00
00 00 00 00 00 00 00 00 00 00 00 00 00 00 00 00 00 00 00 00 00 00 00 00 00 00 00 00
00 00 00 00 00 00 00 00 00 00 00 00 00 00 00 00 00 00 00 00 00 00 00 00 00 00 00 00
00 00 00 00 00 00 00 00 00 00 00 00 00 00 29 89 ed cb 83 10 00 00 00 00 00 00 00 00
00 00 00 00 00 00 00 00 00 00 00 00 15 6f e1 fe fe fe fe f3 36 00 00 00 00 00 00 00
00 00 00 00 00 00 00 00 00 00 00 1e da fe d9 a5 53 be fd fe 59 00 00 00 00 00 00 00
00 00 00 00 00 00 00 00 00 00 1f d9 fe be 14 00 00 00 80 fe 59 00 00 00 00 00 00 00
00 00 00 00 00 00 00 00 00 00 95 fe f6 3e 00 00 00 00 36 fe 59 00 00 00 00 00 00 00
00 00 00 00 00 00 00 00 00 81 fb fc 4f 00 00 00 00 65 f1 e4 0a 00 00 00 00 00 00 00
00 00 00 00 00 00 00 00 00 d0 fe f9 00 00 00 00 32 ee fe a4 00 00 00 00 00 00 00 00
00 00 00 00 00 00 00 00 00 8d fe fc 8e 44 6c 8e ed fe f3 00 00 00 00 00 00 00 00 00
00 00 00 00 00 00 00 00 00 21 d9 fe fe fe fe fe fe fe 94 00 00 00 00 00 00 00 00 00
00 00 00 00 00 00 00 00 00 00 21 86 c3 79 77 fe ff af 02 00 00 00 00 00 00 00 00 00
00 00 00 00 00 00 00 00 00 00 00 00 00 00 60 fe fe 6a 00 00 00 00 00 00 00 00 00 00
00 00 00 00 00 00 00 00 00 00 00 00 00 50 f2 fe 82 04 00 00 00 00 00 00 00 00 00 00
00 00 00 00 00 00 00 00 00 00 00 00 0b ca fe fe 29 00 00 00 00 00 00 00 00 00 00 00
00 00 00 00 00 00 00 00 00 00 00 01 5b fe fc 74 01 00 00 00 00 00 00 00 00 00 00 00
00 00 00 00 00 00 00 00 00 00 00 06 fe fe c3 00 00 00 00 00 00 00 00 00 00 00 00 00
00 00 00 00 00 00 00 00 00 00 00 6b fe f7 68 00 00 00 00 00 00 00 00 00 00 00 00 00
00 00 00 00 00 00 00 00 00 00 4e fc fe 7f 00 00 00 00 00 00 00 00 00 00 00 00 00 00
00 00 00 00 00 00 00 00 00 00 92 fe c5 14 00 00 00 00 00 00 00 00 00 00 00 00 00 00
00 00 00 00 00 00 00 00 00 00 e2 fc 44 00 00 00 00 00 00 00 00 00 00 00 00 00 00 00
00 00 00 00 00 00 00 00 00 00 aa f9 00 00 00 00 00 00 00 00 00 00 00 00 00 00 00 00
00 00 00 00 00 00 00 00 00 00 00 00 00 00 00 00 00 00 00 00 00 00 00 00 00 00 00 00
00 00 00 00 00 00 00 00 00 00 00 00 00 00 00 00 00 00 00 00 00 00 00 00 00 00 00 00
