00 00 00 00 00 00 00 00 00 00 00 00 00 00 00 00 00 00 00 00 00 00 00 00 00 00 00 00
00 00 00 00 00 00 00 00 00 00 00 00 00 00 00 00 00 00 00 00 00 00 00 00 00 00 00 00
00 00 00 00 00 00 00 00 00 00 00 00 00 00 00 00 00 00 00 00 00 00 00 00 00 00 00 00
00 00 00 00 00 00 00 00 00 00 00 00 00 00 00 00 00 00 00 00 00 00 00 00 00 00 00 00
00 00 00 00 00 00 00 00 00 00 00 00 00 00 0a 1d 1a 00 00 00 00 00 00 00 00 00 00 00
00 00 00 00 00 00 00 00 00 00 00 00 00 0d ac fc e7 13 00 00 00 00 00 00 00 00 00 00
00 00 00 00 00 00 00 00 00 00 00 00 0d b5 fc fc fd d7 c5 c5 c6 ac 39 00 00 00 00 00
00 00 00 00 00 00 00 00 00 00 00 33 e2 f3 fc fc fd fc fc fc fd fc f3 4b 00 00 00 00
00 00 00 00 00 00 00 00 00 00 62 fd ff f7 e1 7d 65 00 00 00 10 d8 fd be 00 00 00 00
00 00 00 00 00 00 00 00 00 00 ac fc f1 54 00 00 00 00 00 00 1d fc fc 8b 00 00 00 00
00 00 00 00 00 00 00 00 00 00 13 6a 38 13 00 00 00 00 00 59 cc fc ba 1f 00 00 00 00
00 00 00 00 00 00 00 00 00 00 00 00 00 00 00 00 00 00 b0 ed fd e3 2b 00 00 00 00 00
00 00 00 00 00 00 00 00 00 00 00 00 00 00 17 1d 9a fd fd e4 97 00 00 00 00 00 00 00
00 00 00 00 00 00 00 00 00 00 00 1a 46 a9 ea fc fd fc 79 09 00 00 00 00 00 00 00 00
00 00 00 00 00 00 00 00 00 00 00 4c fd fc fc fc fd fc 7a 0a 00 00 00 00 00 00 00 00
00 00 00 00 00 00 00 00 00 00 00 00 fd b1 8b 5a 28 d7 fc 80 00 00 00 00 00 00 00 00
00 00 00 00 10 8d 2c 00 00 00 00 00 00 00 00 00 00 aa fd 8c 00 00 00 00 00 00 00 00
00 00 00 00 68 fc a8 00 00 00 00 00 00 00 00 00 00 a9 fc 73 00 00 00 00 00 00 00 00
00 00 00 00 e5 fc 50 00 00 00 00 00 00 00 00 00 93 ea 94 06 00 00 00 00 00 00 00 00
00 00 00 00 cb fc c1 0d 00 00 00 00 00 00 00 97 fd fc 38 00 00 00 00 00 00 00 00 00
00 00 00 00 0d bc f7 fd 8d 8d 35 1d 0d 2d b2 fd fe 9f 19 00 00 00 00 00 00 00 00 00
00 00 00 00 00 00 99 dd fd fc fc fc cf e1 fc fc 86 1c 00 00 00 00 00 00 00 00 00 00
00 00 00 00 00 00 00 19 77 a8 ea fc fd fc ba 38 00 00 00 00 00 00 00 00 00 00 00 00
00 00 00 00 00 00 00 00 00 00 16 1c 1c 1c 13 00 00 00 00 00 00 00 00 00 00 00 00 00
00 00 00 00 00 00 00 00 00 00 00 00 00 00 00 00 00 00 00 00 00 00 00 00 00 00 00 00
00 00 00 00 00 00 00 00 00 00 00 00 00 00 00 00 00 00 00 00 00 00 00 00 00 00 00 00
00 00 00 00 00 00 00 00 00 00 00 00 00 00 00 00 00 00 00 00 00 00 00 00 00 00 00 00
00 00 00 00 00 00 00 00 00 00 00 00 00 00 00 00 00 00 00 00 00 00 00 00 00 00 00 00
