00 00 00 00 00 00 00 00 00 00 00 00 00 00 00 00 00 00 00 00 00 00 00 00 00 00 00 00
00 00 00 00 00 00 00 00 00 00 00 00 00 00 00 00 00 00 00 00 00 00 00 00 00 00 00 00
00 00 00 00 00 00 00 00 00 00 00 00 00 00 00 00 00 00 00 00 00 00 00 00 00 00 00 00
00 00 00 00 00 00 00 00 00 00 00 00 00 00 00 00 00 00 00 00 00 00 00 00 00 00 00 00
00 00 00 00 00 00 00 00 00 00 00 00 da fd fd ff 95 3e 00 00 00 00 00 00 00 00 00 00
00 00 00 00 00 00 00 00 00 00 2a 90 ec fb fb fd fb ec 90 90 00 00 00 00 00 00 00 00
00 00 00 00 00 00 00 00 00 00 63 fb fb fb e1 fd fb fb fb fb a6 10 00 00 00 00 00 00
00 00 00 00 00 00 00 00 00 4f fd fb fb cc 29 8f cd fb fb fb fd a9 0f 00 00 00 00 00
00 00 00 00 00 00 00 00 4f e7 fd fb e1 29 00 00 29 e2 fb fb fd fb a4 00 00 00 00 00
00 00 00 00 00 00 00 25 fd fd ff fd 23 00 00 00 00 00 4f e8 ff fd e3 2a 00 00 00 00
00 00 00 00 00 00 00 8c fb fb fd a8 0f 00 00 00 00 00 00 4d fd fb fb 8e 00 00 00 00
00 00 00 00 00 00 15 dd fb fb a4 0f 00 00 00 00 00 00 00 00 e3 fb fb ec 3d 00 00 00
00 00 00 00 00 20 be fb fb fb 00 00 00 00 00 00 00 00 00 00 49 fb fb fb 47 00 00 00
00 00 00 00 00 49 fb fb fb fb 00 00 00 00 00 00 00 00 00 00 49 fb fb fb 47 00 00 00
00 00 00 00 00 49 fd fd fd c9 00 00 00 00 00 00 00 00 00 00 49 fd fd fd 48 00 00 00
00 00 00 00 00 b0 fb fb fb 47 00 00 00 00 00 00 00 00 00 00 49 fb fb fb 47 00 00 00
00 00 00 00 00 fd fb fb 9d 0a 00 00 00 00 00 00 00 00 00 00 49 fb fb fb 47 00 00 00
00 00 00 00 00 fd fb fb 8e 00 00 00 00 00 00 00 00 00 00 00 96 fb fb cc 29 00 00 00
00 00 00 00 00 7c fb fb dc b4 00 00 00 00 00 00 00 00 00 82 fd fb e1 29 00 00 00 00
00 00 00 00 00 49 fd fd fd fd 49 49 0a 00 00 00 2a 49 96 fd ff fd d8 00 00 00 00 00
00 00 00 00 00 1f bd fb fb fb fd fb 9f 90 90 91 ce fb fb fb fd a8 5c 00 00 00 00 00
00 00 00 00 00 00 14 c3 fb fb fd fb fb fb fb fd fb fb fb e1 a4 0f 00 00 00 00 00 00
00 00 00 00 00 00 00 15 8e dc fd fb fb fb fb fd fb fb cc 29 00 00 00 00 00 00 00 00
00 00 00 00 00 00 00 00 00 33 48 ae fb fb fb fd 93 47 29 00 00 00 00 00 00 00 00 00
00 00 00 00 00 00 00 00 00 00 00 00 00 00 00 00 00 00 00 00 00 00 00 00 00 00 00 00
00 00 00 00 00 00 00 00 00 00 00 00 00 00 00 00 00 00 00 00 00 00 00 00 00 00 00 00
00 00 00 00 00 00 00 00 00 00 00 00 00 00 00 00 00 00 00 00 00 00 00 00 00 00 00 00
00 00 00 00 00 00 00 00 00 00 00 00 00 00 00 00 00 00 00 00 00 00 00 00 00 00 00 00
