00 00 00 00 00 00 00 00 00 00 00 00 00 00 00 00 00 00 00 00 00 00 00 00 00 00 00 00
00 00 00 00 00 00 00 00 00 00 00 00 00 00 00 00 00 00 00 00 00 00 00 00 00 00 00 00
00 00 00 00 00 00 00 00 00 00 00 00 00 00 00 00 26 de e1 00 00 00 00 00 00 00 00 00
00 00 00 00 00 00 00 00 00 00 00 00 00 00 00 26 db fc 63 00 00 00 00 00 00 00 00 00
00 00 00 00 00 00 00 00 00 00 00 00 00 00 20 de fc fc 54 00 00 00 00 00 00 00 00 00
00 00 00 00 00 00 00 00 00 00 00 00 00 23 d7 fd fc c6 1c 00 00 00 00 00 00 00 00 00
00 00 00 00 00 00 00 00 00 00 00 00 20 d7 fc fd cc 19 00 00 00 00 00 00 00 00 00 00
00 00 00 00 00 00 00 00 00 00 00 00 78 fd fd ff 1b 00 00 00 00 00 00 00 00 00 00 00
00 00 00 00 00 00 00 00 00 00 00 4c f6 fc fc 1b 03 00 00 00 00 00 00 00 00 00 00 00
00 00 00 00 00 00 00 00 00 00 1a c8 fc fc dc 00 00 00 00 00 00 00 00 00 00 00 00 00
00 00 00 00 00 00 00 00 00 00 cf fc fc d9 25 00 00 00 00 00 00 00 00 00 00 00 00 00
00 00 00 00 00 00 00 00 00 4f fd fc fc 54 00 00 00 00 00 00 00 00 00 00 00 00 00 00
00 00 00 00 00 00 00 00 0d bf ff fd 85 00 00 00 00 00 a9 fd c0 0c 00 00 00 00 00 00
00 00 00 00 00 00 00 00 9a fc fd b0 06 00 00 00 4c 75 f3 fc fd 98 00 00 00 00 00 00
00 00 00 00 00 00 00 00 a9 fc fd 88 00 00 00 78 f6 fc fc fc fd a7 00 00 00 00 00 00
00 00 00 00 00 00 00 07 b2 fc fd 1b 00 04 6b fd fc f5 81 b1 fd a7 00 00 00 00 00 00
00 00 00 00 00 00 00 39 fc fc fd 1b 00 6b fc fd fc 76 10 cb fd a7 00 00 00 00 00 00
00 00 00 00 00 00 00 00 aa fd ff 1b 39 fd fd ff fd fd fd fd ff 1b 00 00 00 00 00 00
00 00 00 00 00 00 00 00 a9 fc fd b5 c8 fc fc fd fc fc fc fc 1b 03 00 00 00 00 00 00
00 00 00 00 00 00 00 00 83 e3 fd fc fc fc fc fd fc ef b4 37 00 00 00 00 00 00 00 00
00 00 00 00 00 00 00 00 00 7e fd fc fc fc fc fd c3 41 00 00 00 00 00 00 00 00 00 00
00 00 00 00 00 00 00 00 00 00 70 bd dd fc fc 70 4a 00 00 00 00 00 00 00 00 00 00 00
00 00 00 00 00 00 00 00 00 00 00 00 00 00 00 00 00 00 00 00 00 00 00 00 00 00 00 00
00 00 00 00 00 00 00 00 00 00 00 00 00 00 00 00 00 00 00 00 00 00 00 00 00 00 00 00
00 00 00 00 00 00 00 00 00 00 00 00 00 00 00 00 00 00 00 00 00 00 00 00 00 00 00 00
00 00 00 00 00 00 00 00 00 00 00 00 00 00 00 00 00 00 00 00 00 00 00 00 00 00 00 00
00 00 00 00 00 00 00 00 00 00 00 00 00 00 00 00 00 00 00 00 00 00 00 00 00 00 00 00
00 00 00 00 00 00 00 00 00 00 00 00 00 00 00 00 00 00 00 00 00 00 00 00 00 00 00 00
