00 00 00 00 00 00 00 00 00 00 00 00 00 00 00 00 00 00 00 00 00 00 00 00 00 00 00 00
00 00 00 00 00 00 00 00 00 00 00 00 00 00 00 00 00 00 00 00 00 00 00 00 00 00 00 00
00 00 00 00 00 00 00 00 00 00 00 00 00 00 00 00 00 00 00 00 00 00 00 00 00 00 00 00
00 00 00 00 00 00 00 00 00 00 00 00 00 00 00 00 00 00 00 00 00 00 00 00 00 00 00 00
00 00 00 00 00 00 00 00 00 00 00 00 00 00 00 00 00 00 00 00 00 00 00 00 00 00 00 00
00 00 00 00 00 00 00 00 00 00 00 00 00 00 00 00 00 00 00 00 00 00 00 00 00 00 00 00
00 00 00 00 00 00 00 00 00 00 00 00 00 00 00 00 00 00 00 00 03 06 06 01 00 00 00 00
00 00 00 00 00 00 00 00 00 00 00 00 00 00 00 00 0b 2c 94 98 c2 f1 92 3b 00 00 00 00
00 00 00 00 00 00 00 00 00 00 00 00 00 00 1e 89 cd fe fe fe fe f4 ad f3 00 00 00 00
00 00 00 00 00 00 00 00 00 00 00 00 08 78 d7 fe fe d5 87 3d 1b 17 00 17 00 00 00 00
00 00 00 00 00 00 00 00 00 00 00 11 9b fe fe e5 b4 61 04 00 00 00 00 00 00 00 00 00
00 00 00 00 00 00 00 00 00 04 58 bf fe c7 52 1d 00 00 00 00 00 00 00 00 00 00 00 00
00 00 00 00 00 00 00 00 00 06 cf fe fe da 28 08 00 00 00 00 00 00 00 00 00 00 00 00
00 00 00 00 00 00 00 00 00 00 7d f2 d0 fe fe d0 89 0b 00 00 00 00 00 00 00 00 00 00
00 00 00 00 00 00 00 00 00 00 00 2a 08 36 8b d1 fe d3 08 00 00 00 00 00 00 00 00 00
00 00 00 00 0d 06 00 00 00 00 00 00 00 00 00 08 5d ea e4 2a 00 00 00 00 00 00 00 00
00 00 00 00 ac c0 5e 00 00 00 00 00 00 00 00 00 23 ea fe 80 00 00 00 00 00 00 00 00
00 00 00 00 50 fe e9 cf 7e 0b 00 00 00 00 00 00 23 ea f4 61 00 00 00 00 00 00 00 00
00 00 00 00 02 59 a7 f4 fe f6 b1 63 1c 1c 1c 5d f7 fe 9d 00 00 00 00 00 00 00 00 00
00 00 00 00 00 00 00 31 a2 f8 fe fe fe ff fe fe ff 9f 04 00 00 00 00 00 00 00 00 00
00 00 00 00 00 00 00 00 00 27 40 97 9e fe fe 9d 50 08 00 00 00 00 00 00 00 00 00 00
00 00 00 00 00 00 00 00 00 00 00 00 01 05 05 01 00 00 00 00 00 00 00 00 00 00 00 00
00 00 00 00 00 00 00 00 00 00 00 00 00 00 00 00 00 00 00 00 00 00 00 00 00 00 00 00
00 00 00 00 00 00 00 00 00 00 00 00 00 00 00 00 00 00 00 00 00 00 00 00 00 00 00 00
00 00 00 00 00 00 00 00 00 00 00 00 00 00 00 00 00 00 00 00 00 00 00 00 00 00 00 00
00 00 00 00 00 00 00 00 00 00 00 00 00 00 00 00 00 00 00 00 00 00 00 00 00 00 00 00
00 00 00 00 00 00 00 00 00 00 00 00 00 00 00 00 00 00 00 00 00 00 00 00 00 00 00 00
00 00 00 00 00 00 00 00 00 00 00 00 00 00 00 00 00 00 00 00 00 00 00 00 00 00 00 00
