00 00 00 00 00 00 00 00 00 00 00 00 00 00 00 00 00 00 00 00 00 00 00 00 00 00 00 00
00 00 00 00 00 00 00 00 00 00 00 00 00 00 00 00 00 00 00 00 00 00 00 00 00 00 00 00
00 00 00 00 00 00 00 00 00 00 00 00 00 00 00 00 ab d2 5c 00 00 00 00 00 00 00 00 00
00 00 00 00 00 00 00 00 00 00 00 00 00 00 00 ab fd d1 15 00 00 00 00 00 00 00 00 00
00 00 00 00 00 00 00 00 00 00 00 00 00 00 79 fe fd 6f 00 00 00 00 00 00 00 00 00 00
00 00 00 00 00 00 00 00 00 00 00 00 09 58 eb fe 79 04 00 00 00 00 00 00 00 00 00 00
00 00 00 00 00 00 00 00 00 00 00 00 3f fd fd df 09 00 00 00 00 00 00 00 00 00 00 00
00 00 00 00 00 00 00 00 00 00 00 3b e5 fd e1 23 00 00 00 00 00 00 00 00 00 00 00 00
00 00 00 00 00 00 00 00 00 00 09 bb fd fb 65 00 00 00 00 00 00 00 00 00 00 00 00 00
00 00 00 00 00 00 00 00 00 08 91 fd fd e2 00 00 00 00 00 00 00 00 00 00 00 00 00 00
00 00 00 00 00 00 00 00 00 44 fd fd ee 2d 00 00 00 00 00 00 00 00 00 00 00 00 00 00
00 00 00 00 00 00 00 00 00 44 fd fd 9b 00 00 00 00 32 86 63 00 00 00 00 00 00 00 00
00 00 00 00 00 00 00 00 00 ca fe eb 31 00 00 00 34 f1 fe fe 82 00 00 00 00 00 00 00
00 00 00 00 00 00 00 00 85 fb fd 9c 00 00 00 00 eb fd fd fd c7 00 00 00 00 00 00 00
00 00 00 00 00 00 00 00 a5 fd fd 50 00 00 32 9e fc fd cb fd db 1e 00 00 00 00 00 00
00 00 00 00 00 00 00 00 c2 fd fd 50 00 05 ac fe fd 3d 13 d1 fd 50 00 00 00 00 00 00
00 00 00 00 00 00 00 00 d6 fd e1 26 00 0e fd fe e1 13 40 f2 d3 11 00 00 00 00 00 00
00 00 00 00 00 00 00 00 d6 fd fd 50 00 71 fd fe 2f 46 d0 fd ab 00 00 00 00 00 00 00
00 00 00 00 00 00 00 00 6e f5 fd b1 29 5e fd ff b2 cb fd f3 38 00 00 00 00 00 00 00
00 00 00 00 00 00 00 00 00 bb fd fd fd fd fd ff fd fd f5 60 00 00 00 00 00 00 00 00
00 00 00 00 00 00 00 00 00 1d 86 f9 fd fd fd ff fd f8 5d 00 00 00 00 00 00 00 00 00
00 00 00 00 00 00 00 00 00 00 00 53 85 f6 be 79 78 4c 00 00 00 00 00 00 00 00 00 00
00 00 00 00 00 00 00 00 00 00 00 00 00 00 00 00 00 00 00 00 00 00 00 00 00 00 00 00
00 00 00 00 00 00 00 00 00 00 00 00 00 00 00 00 00 00 00 00 00 00 00 00 00 00 00 00
00 00 00 00 00 00 00 00 00 00 00 00 00 00 00 00 00 00 00 00 00 00 00 00 00 00 00 00
00 00 00 00 00 00 00 00 00 00 00 00 00 00 00 00 00 00 00 00 00 00 00 00 00 00 00 00
00 00 00 00 00 00 00 00 00 00 00 00 00 00 00 00 00 00 00 00 00 00 00 00 00 00 00 00
00 00 00 00 00 00 00 00 00 00 00 00 00 00 00 00 00 00 00 00 00 00 00 00 00 00 00 00
