00 00 00 00 00 00 00 00 00 00 00 00 00 00 00 00 00 00 00 00 00 00 00 00 00 00 00 00
00 00 00 00 00 00 00 00 00 00 00 00 00 00 00 00 00 00 00 00 00 00 00 00 00 00 00 00
00 00 00 00 00 00 00 00 00 00 00 00 00 00 00 00 00 00 00 00 00 00 00 00 00 00 00 00
00 00 00 00 00 00 00 00 00 00 00 00 00 00 00 00 00 00 00 00 00 00 00 00 00 00 00 00
00 00 00 00 00 00 00 00 00 00 00 00 00 00 00 00 00 00 00 00 00 00 00 00 00 00 00 00
00 00 00 00 00 00 00 00 00 03 2d aa 2e 00 00 00 00 09 80 80 09 00 00 00 00 00 00 00
00 00 00 00 00 00 00 00 00 61 fc fc 2d 00 00 00 00 a6 fc ef 21 00 00 00 00 00 00 00
00 00 00 00 00 00 00 00 00 8a fc fc 2d 00 00 00 33 f0 fc e6 00 00 00 00 00 00 00 00
00 00 00 00 00 00 00 00 00 8a fc fc 2d 00 00 00 a4 fc fc bc 00 00 00 00 00 00 00 00
00 00 00 00 00 00 00 00 00 8a fc fc 2d 00 00 00 b8 fc fc 3f 00 00 00 00 00 00 00 00
00 00 00 00 00 00 00 00 00 ff fd fd 2e 00 00 00 b9 fd fd 7f 00 00 00 00 00 00 00 00
00 00 00 00 00 00 00 00 4a fd fc fc 2d 00 00 00 b8 fc fc e6 00 00 00 00 00 00 00 00
00 00 00 00 00 00 00 00 92 fd fc ca 0d 00 00 22 ea fc fc e6 00 00 00 00 00 00 00 00
00 00 00 00 00 00 00 00 e6 fd fc 59 00 00 00 2f fc fc fc f9 4b 00 00 00 00 00 00 00
00 00 00 00 00 00 00 00 e6 fd fc ec 87 74 74 8c fc fc fc fd 5c 00 00 00 00 00 00 00
00 00 00 00 00 00 00 33 f3 ff fd fd fd fd ff fd fd fd fd 6a 00 00 00 00 00 00 00 00
00 00 00 00 00 00 00 5d fc fd fc fc fc fc fd fc fc fc fc 00 00 00 00 00 00 00 00 00
00 00 00 00 00 00 00 19 ad 7a 45 45 45 45 45 9a fc fc fc 00 00 00 00 00 00 00 00 00
00 00 00 00 00 00 00 00 00 00 00 00 00 00 00 63 fc fc fc 00 00 00 00 00 00 00 00 00
00 00 00 00 00 00 00 00 00 00 00 00 00 00 00 2f fc fc fc 00 00 00 00 00 00 00 00 00
00 00 00 00 00 00 00 00 00 00 00 00 00 00 00 2f fd fd fd 00 00 00 00 00 00 00 00 00
00 00 00 00 00 00 00 00 00 00 00 00 00 00 00 44 fc fc fc 00 00 00 00 00 00 00 00 00
00 00 00 00 00 00 00 00 00 00 00 00 00 00 00 a1 fc fc dd 00 00 00 00 00 00 00 00 00
00 00 00 00 00 00 00 00 00 00 00 00 00 00 00 a1 fc fc 60 00 00 00 00 00 00 00 00 00
00 00 00 00 00 00 00 00 00 00 00 00 00 00 00 6d a8 60 02 00 00 00 00 00 00 00 00 00
00 00 00 00 00 00 00 00 00 00 00 00 00 00 00 00 00 00 00 00 00 00 00 00 00 00 00 00
00 00 00 00 00 00 00 00 00 00 00 00 00 00 00 00 00 00 00 00 00 00 00 00 00 00 00 00
00 00 00 00 00 00 00 00 00 00 00 00 00 00 00 00 00 00 00 00 00 00 00 00 00 00 00 00
