00 00 00 00 00 00 00 00 00 00 00 00 00 00 00 00 00 00 00 00 00 00 00 00 00 00 00 00
00 00 00 00 00 00 00 00 00 00 00 00 00 00 00 00 00 00 00 00 00 00 00 00 00 00 00 00
00 00 00 00 00 00 00 00 00 00 00 00 00 00 00 00 00 00 00 00 00 00 00 00 00 00 00 00
00 00 00 00 00 00 00 00 00 00 00 00 00 00 00 00 00 00 00 00 00 00 00 00 00 00 00 00
00 00 00 00 00 00 00 00 00 00 00 00 00 00 00 00 00 00 00 00 00 00 00 00 00 00 00 00
00 00 00 00 00 00 00 00 00 00 00 00 00 00 00 00 00 00 00 00 00 00 00 00 00 00 00 00
00 00 00 00 00 00 00 00 00 00 00 00 00 1f c1 fe fd fe d5 15 00 00 00 00 00 00 00 00
00 00 00 00 00 00 00 00 00 00 00 00 29 ad fc fd fc fd fc b7 00 00 00 00 00 00 00 00
00 00 00 00 00 00 00 00 00 00 00 5c e9 f4 cb 66 14 48 fd 8e 00 00 00 00 00 00 00 00
00 00 00 00 00 00 00 00 00 00 00 e9 d4 51 00 15 66 c1 ab 14 00 00 00 00 00 00 00 00
00 00 00 00 00 00 00 00 00 00 7b fe 97 00 00 3e 7a fe 97 00 00 00 00 00 00 00 00 00
00 00 00 00 00 00 00 00 00 00 cb fd 97 00 00 00 b7 fd 6f 00 00 00 00 00 00 00 00 00
00 00 00 00 00 00 00 00 00 00 29 fe d5 98 47 ad fd e0 14 00 00 00 00 00 00 00 00 00
00 00 00 00 00 00 00 00 00 00 00 ac fc fd fc fd fc cb 00 00 00 00 00 00 00 00 00 00
00 00 00 00 00 00 00 00 00 00 00 00 52 a3 cb d6 fd 66 00 00 00 00 00 00 00 00 00 00
00 00 00 00 00 00 00 00 00 00 00 00 00 00 00 fd fc 66 00 00 00 00 00 00 00 00 00 00
00 00 00 00 00 00 00 00 00 00 00 00 00 00 52 fe e9 00 00 00 00 00 00 00 00 00 00 00
00 00 00 00 00 00 00 00 00 00 00 00 00 29 f3 fd 46 00 00 00 00 00 00 00 00 00 00 00
00 00 00 00 00 00 00 00 00 00 00 00 00 48 fd cb 00 00 00 00 00 00 00 00 00 00 00 00
00 00 00 00 00 00 00 00 00 00 00 00 29 e9 fc 51 00 00 00 00 00 00 00 00 00 00 00 00
00 00 00 00 00 00 00 00 00 00 00 00 7b fe e9 00 00 00 00 00 00 00 00 00 00 00 00 00
00 00 00 00 00 00 00 00 00 00 00 15 df fd 6f 00 00 00 00 00 00 00 00 00 00 00 00 00
00 00 00 00 00 00 00 00 00 00 00 ad fd 8e 00 00 00 00 00 00 00 00 00 00 00 00 00 00
00 00 00 00 00 00 00 00 00 00 52 fd d4 14 00 00 00 00 00 00 00 00 00 00 00 00 00 00
00 00 00 00 00 00 00 00 00 0b d5 ff 83 00 00 00 00 00 00 00 00 00 00 00 00 00 00 00
00 00 00 00 00 00 00 00 00 33 fc c0 1e 00 00 00 00 00 00 00 00 00 00 00 00 00 00 00
00 00 00 00 00 00 00 00 00 00 00 00 00 00 00 00 00 00 00 00 00 00 00 00 00 00 00 00
00 00 00 00 00 00 00 00 00 00 00 00 00 00 00 00 00 00 00 00 00 00 00 00 00 00 00 00
