00 00 00 00 00 00 00 00 00 00 00 00 00 00 00 00 00 00 00 00 00 00 00 00 00 00 00 00
00 00 00 00 00 00 00 00 00 00 00 00 00 00 00 00 00 00 00 00 00 00 00 00 00 00 00 00
00 00 00 00 00 00 00 00 00 00 00 00 00 00 00 00 00 00 00 00 00 00 00 00 00 00 00 00
00 00 00 00 00 00 00 00 00 00 00 00 00 00 00 00 00 00 00 00 00 00 00 00 00 00 00 00
00 00 00 00 00 00 00 00 00 00 00 00 00 00 3c 60 60 30 00 00 00 00 00 00 00 00 00 00
00 00 00 00 00 00 00 00 00 00 00 00 10 ab e4 fd fb dc 33 20 00 00 00 00 00 00 00 00
00 00 00 00 00 00 00 00 00 00 00 00 7f fb fb fd fb fb fb fb 50 00 00 00 00 00 00 00
00 00 00 00 00 00 00 00 00 00 18 b6 ec fb d3 bd ec fb fb fb f2 c1 00 00 00 00 00 00
00 00 00 00 00 00 00 00 00 64 c2 fb fb d3 23 00 47 ad fb fb fd f0 9e 13 00 00 00 00
00 00 00 00 00 00 00 00 40 fd ff fd cd 13 00 00 00 00 28 da ff fd fd 5b 00 00 00 00
00 00 00 00 00 00 00 10 ba fb fd f7 6e 00 00 00 00 00 00 27 e9 fb fb bc 00 00 00 00
00 00 00 00 00 00 10 bd fb fb cd 6e 00 00 00 00 00 00 00 00 30 dc fb dc 30 00 00 00
00 00 00 00 00 00 48 fb fb fb 9e 00 00 00 00 00 00 00 00 00 00 33 fb fb e8 00 00 00
00 00 00 00 00 00 be fb fb fb 3b 00 00 00 00 00 00 00 00 00 00 20 fb fb fb 00 00 00
00 00 00 00 00 60 fd fd fd 5f 00 00 00 00 00 00 00 00 00 00 00 20 fd fd c1 00 00 00
00 00 00 00 00 d6 fb fb cc 17 00 00 00 00 00 00 00 00 00 00 00 34 fb fb 5e 00 00 00
00 00 00 00 00 fd fb fb 6d 00 00 00 00 00 00 00 00 00 00 00 30 dd fb db 2f 00 00 00
00 00 00 00 00 fd fb fb 46 00 00 00 00 00 00 00 00 00 00 00 ea fb fb bc 00 00 00 00
00 00 00 00 00 fd fb fb bc 00 00 00 00 00 00 00 00 00 28 9e fd fb ac 46 00 00 00 00
00 00 00 00 00 00 bf fd fd fd 60 18 00 00 00 00 0c ae fd fd ff dd 00 00 00 00 00 00
00 00 00 00 00 00 47 fb fb fb fd cd be be be bf c5 fb fb e7 dd 5d 00 00 00 00 00 00
00 00 00 00 00 00 10 7e ec fb fd fb fb fb fb fd fb fb 8c 2f 00 00 00 00 00 00 00 00
00 00 00 00 00 00 00 00 43 bc bd bc bc bc bc bd bc 6d 04 00 00 00 00 00 00 00 00 00
00 00 00 00 00 00 00 00 00 00 00 00 00 00 00 00 00 00 00 00 00 00 00 00 00 00 00 00
00 00 00 00 00 00 00 00 00 00 00 00 00 00 00 00 00 00 00 00 00 00 00 00 00 00 00 00
00 00 00 00 00 00 00 00 00 00 00 00 00 00 00 00 00 00 00 00 00 00 00 00 00 00 00 00
00 00 00 00 00 00 00 00 00 00 00 00 00 00 00 00 00 00 00 00 00 00 00 00 00 00 00 00
00 00 00 00 00 00 00 00 00 00 00 00 00 00 00 00 00 00 00 00 00 00 00 00 00 00 00 00
