00 00 00 00 00 00 00 00 00 00 00 00 00 00 00 00 00 00 00 00 00 00 00 00 00 00 00 00
00 00 00 00 00 00 00 00 00 00 00 00 00 00 00 00 00 00 00 00 00 00 00 00 00 00 00 00
00 00 00 00 00 00 00 00 00 00 00 00 00 00 00 00 00 00 00 00 00 00 00 00 00 00 00 00
00 00 00 00 00 00 00 00 00 00 00 00 00 00 00 04 5d d4 af 16 00 00 00 00 00 00 00 00
00 00 00 00 00 00 00 00 00 00 00 00 00 00 06 97 fe fa f9 aa 00 00 00 00 00 00 00 00
00 00 00 00 00 00 00 00 00 00 00 00 00 00 78 fe e3 82 ed 51 00 00 00 00 00 00 00 00
00 00 00 00 00 00 00 00 00 00 00 00 00 8b fd e0 47 01 04 00 00 00 00 00 00 00 00 00
00 00 00 00 00 00 00 00 00 00 00 00 13 d6 fa 5e 00 00 00 00 00 00 00 00 00 00 00 00
00 00 00 00 00 00 00 00 00 00 00 00 b9 fe 89 00 00 00 00 00 00 00 00 00 00 00 00 00
00 00 00 00 00 00 00 00 00 00 00 58 ed ed 33 00 00 00 00 00 00 00 00 00 00 00 00 00
00 00 00 00 00 00 00 00 00 00 00 e6 fe 5d 00 00 00 00 00 00 00 00 00 00 00 00 00 00
00 00 00 00 00 00 00 00 00 00 00 f6 f1 17 00 00 00 00 00 00 00 00 00 00 00 00 00 00
00 00 00 00 00 00 00 00 00 00 65 fe 90 00 00 00 00 00 00 00 00 00 00 00 00 00 00 00
00 00 00 00 00 00 00 00 00 0b d6 fe 3d 00 00 00 00 00 00 00 00 00 00 00 00 00 00 00
00 00 00 00 00 00 00 00 00 36 fe da 0e 00 00 05 4e 41 00 00 00 00 00 00 00 00 00 00
00 00 00 00 00 00 00 00 00 89 fe 71 51 8c e7 ed fe fb e8 71 04 00 00 00 00 00 00 00
00 00 00 00 00 00 00 00 00 d9 fe e0 f5 f5 99 47 35 45 bd fe 8d 03 00 00 00 00 00 00
00 00 00 00 00 00 00 00 00 d9 fe a4 50 00 00 00 00 00 07 e6 fe 39 00 00 00 00 00 00
00 00 00 00 00 00 00 00 2c f5 fe 09 00 00 00 00 00 00 02 91 ff 39 00 00 00 00 00 00
00 00 00 00 00 00 00 00 00 d7 fe 0b 00 00 00 00 00 01 7d fe b8 0d 00 00 00 00 00 00
00 00 00 00 00 00 00 00 00 60 fe 82 00 00 00 00 15 88 fe b6 09 00 00 00 00 00 00 00
00 00 00 00 00 00 00 00 00 0c cd f9 92 3f 7e ac eb f9 8c 0a 00 00 00 00 00 00 00 00
00 00 00 00 00 00 00 00 00 00 16 9b ee fe fe d4 81 34 00 00 00 00 00 00 00 00 00 00
00 00 00 00 00 00 00 00 00 00 00 00 00 00 00 00 00 00 00 00 00 00 00 00 00 00 00 00
00 00 00 00 00 00 00 00 00 00 00 00 00 00 00 00 00 00 00 00 00 00 00 00 00 00 00 00
00 00 00 00 00 00 00 00 00 00 00 00 00 00 00 00 00 00 00 00 00 00 00 00 00 00 00 00
00 00 00 00 00 00 00 00 00 00 00 00 00 00 00 00 00 00 00 00 00 00 00 00 00 00 00 00
00 00 00 00 00 00 00 00 00 00 00 00 00 00 00 00 00 00 00 00 00 00 00 00 00 00 00 00
