00 00 00 00 00 00 00 00 00 00 00 00 00 00 00 00 00 00 00 00 00 00 00 00 00 00 00 00
00 00 00 00 00 00 00 00 00 00 00 00 00 00 00 00 00 00 00 00 00 00 00 00 00 00 00 00
00 00 00 00 00 00 00 00 00 00 00 00 00 00 00 00 00 00 00 00 00 00 00 00 00 00 00 00
00 00 00 00 00 00 00 00 07 27 87 93 c1 93 aa d8 5c 0d 00 00 00 00 00 00 00 00 00 00
00 00 00 00 00 00 38 4f c5 fe fe fe e4 f3 e3 fe fe b7 2f 00 00 00 00 00 00 00 00 00
00 00 00 00 00 00 b5 f9 e6 3c 20 20 15 1c 15 20 58 d6 f2 0b 00 00 00 00 00 00 00 00
00 00 00 00 00 00 00 00 00 00 00 00 00 00 00 00 00 19 cf 89 00 00 00 00 00 00 00 00
00 00 00 00 00 00 00 00 00 00 00 00 00 00 00 00 00 00 63 f8 3d 00 00 00 00 00 00 00
00 00 00 00 00 00 00 00 00 00 00 00 00 00 00 00 00 00 63 fe 51 00 00 00 00 00 00 00
00 00 00 00 00 00 00 00 00 00 00 00 00 00 00 00 00 00 63 fe 51 00 00 00 00 00 00 00
00 00 00 00 00 00 00 00 00 00 00 00 00 00 00 00 00 00 63 fe 51 00 00 00 00 00 00 00
00 00 00 00 00 00 00 00 00 00 00 00 00 00 00 00 00 00 63 fe 51 00 00 00 00 00 00 00
00 00 00 00 00 00 00 00 00 00 00 00 00 00 00 00 00 00 a7 ed 1d 00 00 00 00 00 00 00
00 00 00 00 00 00 00 00 00 00 00 00 00 00 00 00 00 00 cf e3 00 00 00 00 00 00 00 00
00 00 00 00 00 00 00 00 00 00 00 00 00 00 00 00 00 39 fc 46 00 00 00 00 00 00 00 00
00 00 00 00 00 00 00 00 00 14 9d a8 83 39 00 00 00 56 fe 0a 00 00 00 00 00 00 00 00
00 00 00 00 00 00 00 00 4e de fe fe fe fb cf a7 6c ee 85 02 00 00 00 00 00 00 00 00
00 00 00 00 00 00 00 03 cf fe 23 0a 30 7e e3 f9 fe fe 3c 00 00 00 00 00 00 00 00 00
00 00 00 00 00 00 00 50 fe ab 09 00 00 00 00 c9 fe ff b6 03 00 00 00 00 00 00 00 00
00 00 00 00 00 00 00 73 ed 27 00 00 00 07 7f f6 c9 dc fe 90 00 00 00 00 00 00 00 00
00 00 00 00 00 00 00 73 d8 09 00 00 0c 8c fe bd 09 1d 9b fd 66 06 0e 00 00 00 00 00
00 00 00 00 00 00 00 73 fe a3 47 8a cd fa 73 10 00 00 00 8a fe 94 c8 21 00 00 00 00
00 00 00 00 00 00 00 13 d3 fe fe ea 6d 23 00 00 00 00 00 10 dc fe af 00 00 00 00 00
00 00 00 00 00 00 00 00 00 00 00 00 00 00 00 00 00 00 00 00 00 00 00 00 00 00 00 00
00 00 00 00 00 00 00 00 00 00 00 00 00 00 00 00 00 00 00 00 00 00 00 00 00 00 00 00
00 00 00 00 00 00 00 00 00 00 00 00 00 00 00 00 00 00 00 00 00 00 00 00 00 00 00 00
00 00 00 00 00 00 00 00 00 00 00 00 00 00 00 00 00 00 00 00 00 00 00 00 00 00 00 00
00 00 00 00 00 00 00 00 00 00 00 00 00 00 00 00 00 00 00 00 00 00 00 00 00 00 00 00
