00 00 00 00 00 00 00 00 00 00 00 00 00 00 00 00 00 00 00 00 00 00 00 00 00 00 00 00
00 00 00 00 00 00 00 00 00 00 00 00 00 00 00 00 00 00 00 00 00 00 00 00 00 00 00 00
00 00 00 00 00 00 00 00 00 00 00 00 00 00 00 00 00 00 00 00 00 00 00 00 00 00 00 00
00 00 00 00 00 00 00 00 00 00 00 00 00 00 00 00 00 00 00 00 00 00 00 00 00 00 00 00
00 00 00 00 00 00 00 00 00 00 f9 fe ff fe bf fe fe fe d2 59 00 00 00 00 00 00 00 00
00 00 00 00 00 00 00 00 00 00 f8 fd fd fd 6a 9d cc fd fd f8 d3 25 00 00 00 00 00 00
00 00 00 00 00 00 00 00 00 00 28 28 28 28 0e 00 14 28 b8 fd fd 60 00 00 00 00 00 00
00 00 00 00 00 00 00 00 00 00 00 00 00 00 00 00 00 00 71 fd fd 60 00 00 00 00 00 00
00 00 00 00 00 00 00 00 00 00 00 00 00 00 00 00 00 0f e1 fd fd 60 00 00 00 00 00 00
00 00 00 00 00 00 00 00 00 00 00 00 00 00 00 08 52 c1 fd fa d9 27 00 00 00 00 00 00
00 00 00 00 00 00 00 00 00 00 00 00 00 00 56 c8 fd fd fd bf 00 00 00 00 00 00 00 00
00 00 00 00 00 00 00 00 00 00 00 63 93 f8 fb fd fd d0 18 05 00 00 00 00 00 00 00 00
00 00 00 00 00 00 00 00 00 00 de fa fd fd fd fd ba 14 00 00 00 00 00 00 00 00 00 00
00 00 00 00 00 00 00 00 00 00 f8 fd fd fd fd fd fd 98 09 00 00 00 00 00 00 00 00 00
00 00 00 00 00 00 00 00 00 00 43 44 44 44 44 93 fd fd 22 00 00 00 00 00 00 00 00 00
00 00 00 00 00 00 00 00 00 00 00 00 00 00 00 03 a9 fd 22 00 00 00 00 00 00 00 00 00
00 00 00 00 00 00 00 00 00 00 00 00 00 00 00 00 7d fd 22 00 00 00 00 00 00 00 00 00
00 00 00 00 00 00 00 00 00 00 00 00 00 00 00 04 bb fd 22 00 00 00 00 00 00 00 00 00
00 00 00 00 00 58 19 00 00 00 00 00 00 00 0c b6 fd fd 22 00 00 00 00 00 00 00 00 00
00 00 00 00 54 f8 b4 00 00 00 00 00 00 00 49 fd fd a3 05 00 00 00 00 00 00 00 00 00
00 00 00 00 61 fd f1 62 00 00 00 00 00 92 ea fd df 27 00 00 00 00 00 00 00 00 00 00
00 00 00 00 1d e1 fd f3 b3 b3 2d 5b b3 e9 fd fc 6d 00 00 00 00 00 00 00 00 00 00 00
00 00 00 00 00 51 cc fd fd fd fd fd fd fd fb 97 00 00 00 00 00 00 00 00 00 00 00 00
00 00 00 00 00 00 1a 86 fd fd fd fd fd e3 68 00 00 00 00 00 00 00 00 00 00 00 00 00
00 00 00 00 00 00 00 00 00 00 00 00 00 00 00 00 00 00 00 00 00 00 00 00 00 00 00 00
00 00 00 00 00 00 00 00 00 00 00 00 00 00 00 00 00 00 00 00 00 00 00 00 00 00 00 00
00 00 00 00 00 00 00 00 00 00 00 00 00 00 00 00 00 00 00 00 00 00 00 00 00 00 00 00
00 00 00 00 00 00 00 00 00 00 00 00 00 00 00 00 00 00 00 00 00 00 00 00 00 00 00 00
