00 00 00 00 00 00 00 00 00 00 00 00 00 00 00 00 00 00 00 00 00 00 00 00 00 00 00 00
00 00 00 00 00 00 00 00 00 00 00 00 00 00 00 00 00 00 00 00 00 00 00 00 00 00 00 00
00 00 00 00 00 00 00 00 00 00 00 00 00 00 00 00 00 00 00 00 00 00 00 00 00 00 00 00
00 00 00 00 00 00 00 00 00 00 00 00 00 00 00 00 00 00 00 00 00 00 00 00 00 00 00 00
00 00 00 00 00 00 00 00 00 00 00 00 00 00 00 00 00 00 00 00 00 00 00 00 00 00 00 00
00 00 00 00 00 00 00 00 00 00 00 00 00 00 00 00 00 00 00 00 00 00 00 00 00 00 00 00
00 00 00 00 00 00 00 00 0b 6d e3 df 9b b2 d3 50 03 00 00 00 00 00 00 00 00 00 00 00
00 00 00 00 00 00 00 3c cf e5 55 00 00 00 1d d6 8d 10 00 00 00 00 00 00 00 00 00 00
00 00 00 00 00 00 14 d9 f4 25 00 00 00 00 00 0f b7 96 00 00 00 00 00 00 00 00 00 00
00 00 00 00 00 00 95 fe 56 00 00 00 00 00 00 00 1a dd 58 00 00 00 00 00 00 00 00 00
00 00 00 00 00 16 ee cc 00 00 00 00 00 00 00 00 00 aa ae 00 00 00 00 00 00 00 00 00
00 00 00 00 00 24 f7 61 00 00 00 00 00 00 00 00 00 aa f9 4b 00 00 00 00 00 00 00 00
00 00 00 00 00 00 e0 55 00 00 00 00 00 00 00 00 1d f5 fe 74 00 00 00 00 00 00 00 00
00 00 00 00 00 00 d7 76 00 00 00 00 00 00 00 52 f6 fe fe 3b 00 00 00 00 00 00 00 00
00 00 00 00 00 00 93 e4 0e 00 00 00 00 00 00 23 ec fe fe 26 00 00 00 00 00 00 00 00
00 00 00 00 00 00 23 e3 ca 2f 00 00 00 00 3e cb d2 e5 e7 0f 00 00 00 00 00 00 00 00
00 00 00 00 00 00 00 1d 94 fc b4 65 65 7d f7 9d 0a f8 a2 00 00 00 00 00 00 00 00 00
00 00 00 00 00 00 00 00 00 41 9c d0 de d0 50 00 22 fb 8a 00 00 00 00 00 00 00 00 00
00 00 00 00 00 00 00 00 00 00 00 00 0a 00 00 00 46 fe 76 00 00 00 00 00 00 00 00 00
00 00 00 00 00 00 00 00 00 00 00 00 00 00 00 00 46 ff 3e 00 00 00 00 00 00 00 00 00
00 00 00 00 00 00 00 00 00 00 00 00 00 00 00 00 46 fe 3e 00 00 00 00 00 00 00 00 00
00 00 00 00 00 00 00 00 00 00 00 00 00 00 00 00 46 fe 3e 00 00 00 00 00 00 00 00 00
00 00 00 00 00 00 00 00 00 00 00 00 00 00 00 00 46 ff 40 00 00 00 00 00 00 00 00 00
00 00 00 00 00 00 00 00 00 00 00 00 00 00 00 00 46 fe 94 00 00 00 00 00 00 00 00 00
00 00 00 00 00 00 00 00 00 00 00 00 00 00 00 00 0d d1 f8 58 4e 7b 00 00 00 00 00 00
00 00 00 00 00 00 00 00 00 00 00 00 00 00 00 00 00 14 aa f9 e1 22 00 00 00 00 00 00
00 00 00 00 00 00 00 00 00 00 00 00 00 00 00 00 00 00 00 00 00 00 00 00 00 00 00 00
00 00 00 00 00 00 00 00 00 00 00 00 00 00 00 00 00 00 00 00 00 00 00 00 00 00 00 00
