00 00 00 00 00 00 00 00 00 00 00 00 00 00 00 00 00 00 00 00 00 00 00 00 00 00 00 00
00 00 00 00 00 00 00 00 00 00 00 00 00 00 00 00 00 00 00 00 00 00 00 00 00 00 00 00
00 00 00 00 00 00 00 00 00 00 00 00 00 00 00 00 00 00 00 00 00 00 00 00 00 00 00 00
00 00 00 00 00 00 00 00 00 00 00 00 00 00 00 00 00 00 00 00 00 00 00 00 00 00 00 00
00 00 00 00 00 00 00 00 00 00 00 00 00 00 00 00 00 00 00 00 00 00 00 00 00 00 00 00
00 00 00 00 00 00 00 00 00 00 00 00 00 00 00 00 04 76 46 00 00 00 00 00 00 00 00 00
00 00 00 00 35 00 00 00 00 00 00 00 00 00 00 00 07 fe f7 eb eb 89 25 00 00 00 00 00
00 00 00 00 16 00 00 00 00 00 00 00 00 3f 15 00 05 d8 fe e6 c5 fe da 23 00 00 00 00
00 00 00 00 00 00 00 00 00 00 00 00 45 f3 d2 44 00 1e 3d 2a 0f a7 fe dd 00 00 00 00
00 00 00 00 00 00 00 00 00 00 00 00 5b fe fe 6c 00 00 00 00 2b ba fe fe 00 00 00 00
00 00 00 00 00 00 00 00 00 00 00 00 5b fe fe e3 00 00 00 3a b1 fe fd a5 00 00 00 00
00 00 00 00 00 00 00 00 00 00 00 00 2c e6 fe e3 00 41 83 ee fe fe a2 00 00 00 00 00
00 00 00 00 00 00 00 00 00 00 00 00 00 49 fe fe f9 fc fe fe e3 2f 03 00 00 00 00 00
00 00 00 00 00 00 00 00 00 00 00 00 00 46 fe fe fe fe a9 a4 32 00 00 00 00 00 00 00
00 00 00 00 00 00 00 00 00 00 00 44 77 dc fe fe fe 99 03 00 00 00 00 00 00 00 00 00
00 00 00 00 00 00 00 00 00 25 bb fd fe fe fe fe fe 82 00 00 00 00 00 00 00 00 00 00
00 00 00 00 00 00 00 07 2f db fe fe f5 73 d2 ff fa 2e 00 00 00 00 00 00 00 00 00 00
00 00 00 00 00 00 00 3c fe fe fe bb 47 00 bb fe f8 00 00 00 00 00 00 00 00 00 00 00
00 00 00 00 00 00 00 c2 fe f8 82 03 00 22 dc fe f8 00 00 00 00 00 00 00 00 00 00 00
00 00 00 00 00 00 20 da fe 6e 00 00 00 7e fe f3 48 00 00 00 00 00 00 00 00 00 00 00
00 00 00 00 00 00 4d fe fe 67 00 00 4f f8 fe e3 00 00 00 00 00 00 00 00 00 00 00 00
00 00 00 00 00 00 3a f0 fe 8b 3f 7b dc fe f3 61 00 00 00 00 00 00 00 00 00 00 00 00
00 00 00 00 00 00 00 ab fe fe fe fe fe fe 6d 00 00 00 00 00 00 00 00 00 00 00 00 00
00 00 00 00 00 00 00 15 73 ea ea ea b9 60 1a 00 00 00 00 00 00 00 00 00 00 00 00 00
00 00 00 00 00 00 00 00 00 00 00 00 00 00 00 00 00 00 00 00 00 00 00 00 00 00 00 00
00 00 00 00 00 00 00 00 00 00 00 00 00 00 00 00 00 00 00 00 00 00 00 00 00 00 00 00
00 00 00 00 00 00 00 00 00 00 00 00 00 00 00 00 00 00 00 00 00 00 00 00 00 00 00 00
00 00 00 00 00 00 00 00 00 00 00 00 00 00 00 00 00 00 00 00 00 00 00 00 00 00 00 00
