00 00 00 00 00 00 00 00 00 00 00 00 00 00 00 00 00 00 00 00 00 00 00 00 00 00 00 00
00 00 00 00 00 00 00 00 00 00 00 00 00 00 00 00 00 00 00 00 00 00 00 00 00 00 00 00
00 00 00 00 00 00 00 00 00 00 00 00 00 00 00 00 00 00 00 00 00 00 00 00 00 00 00 00
00 00 00 00 00 00 00 00 00 00 00 00 00 00 17 7d 7d 7d 73 00 00 00 00 00 00 00 00 00
00 00 00 00 00 00 00 00 00 00 00 00 00 55 d1 fd fd fd fd f1 36 00 00 00 00 00 00 00
00 00 00 00 00 00 00 00 00 00 00 00 00 7e fd fd fd fd fd fd f1 00 00 00 00 00 00 00
00 00 00 00 00 00 00 00 00 00 00 00 00 04 13 13 13 6e fd fd f7 00 00 00 00 00 00 00
00 00 00 00 00 00 00 00 00 00 00 00 00 00 00 00 00 1b fd fd f7 00 00 00 00 00 00 00
00 00 00 00 00 00 00 00 00 00 00 00 00 00 00 00 00 1b fd fd f7 00 00 00 00 00 00 00
00 00 00 00 00 00 00 00 00 00 00 00 00 00 00 00 00 89 fd fd f7 00 00 00 00 00 00 00
00 00 00 00 00 00 00 00 00 00 00 00 00 00 00 00 44 ec fd fd f7 00 00 00 00 00 00 00
00 00 00 00 00 00 00 00 00 00 00 00 00 00 00 0c bd fd fd fd 8e 00 00 00 00 00 00 00
00 00 00 00 00 00 00 00 00 00 00 00 00 00 0c a1 fd fd fd f6 5b 00 00 00 00 00 00 00
00 00 00 00 00 00 00 00 00 00 00 00 00 0d 5e fd fd fd fd fd fc 7b 00 00 00 00 00 00
00 00 00 00 00 00 00 00 00 00 00 00 28 a1 fd fd fd fd fd fd fd fd 00 00 00 00 00 00
00 00 00 00 00 00 00 00 00 00 25 50 ea fd fd fd fd fd fd fd fc 8c 00 00 00 00 00 00
00 00 00 00 00 00 00 00 65 93 ec fd fd fd fd fd fd f9 d6 cf 52 00 00 00 00 00 00 00
00 00 00 00 00 0e 21 93 f0 fd fd fd fd fd fd e7 88 51 00 00 00 00 00 00 00 00 00 00
00 00 00 0d 96 c4 fd fd fd fd fd fd fd ea 88 20 00 00 00 00 00 00 00 00 00 00 00 00
00 00 54 c6 fd fd fd fd fd fd f8 c8 68 1d 00 00 00 00 00 00 00 00 00 00 00 00 00 00
00 00 fe fd fd fd fd fd f2 84 4f 00 00 00 00 00 00 00 00 00 00 00 00 00 00 00 00 00
00 00 b5 f7 f7 f7 f7 84 12 00 00 00 00 00 00 00 00 00 00 00 00 00 00 00 00 00 00 00
00 00 00 00 00 00 00 00 00 00 00 00 00 00 00 00 00 00 00 00 00 00 00 00 00 00 00 00
00 00 00 00 00 00 00 00 00 00 00 00 00 00 00 00 00 00 00 00 00 00 00 00 00 00 00 00
00 00 00 00 00 00 00 00 00 00 00 00 00 00 00 00 00 00 00 00 00 00 00 00 00 00 00 00
00 00 00 00 00 00 00 00 00 00 00 00 00 00 00 00 00 00 00 00 00 00 00 00 00 00 00 00
00 00 00 00 00 00 00 00 00 00 00 00 00 00 00 00 00 00 00 00 00 00 00 00 00 00 00 00
00 00 00 00 00 00 00 00 00 00 00 00 00 00 00 00 00 00 00 00 00 00 00 00 00 00 00 00
