00 00 00 00 00 00 00 00 00 00 00 00 00 00 00 00 00 00 00 00 00 00 00 00 00 00 00 00
00 00 00 00 00 00 00 00 00 00 00 00 00 00 00 00 00 00 00 00 00 00 00 00 00 00 00 00
00 00 00 00 00 00 00 00 00 00 00 00 00 00 00 00 00 00 00 00 00 00 00 00 00 00 00 00
00 00 00 00 00 00 00 00 00 00 00 00 00 00 00 00 00 00 00 00 00 00 00 00 00 00 00 00
00 00 00 00 00 00 00 00 00 00 00 00 00 00 00 00 00 00 00 00 00 00 00 00 00 00 00 00
00 00 00 00 00 00 00 00 00 00 00 00 00 00 40 79 06 6d a2 fd 9a 26 00 00 00 00 00 00
00 00 00 00 00 00 00 00 00 00 00 00 44 b8 f6 fd f0 fb fc fc fc de 27 00 00 00 00 00
00 00 00 00 00 00 00 00 00 00 00 56 f3 fc fc d1 67 1a 8a b7 fc fc 5d 00 00 00 00 00
00 00 00 00 00 00 00 00 00 00 2e f0 fc f8 ac 5c 00 00 00 0b c4 fc a2 00 00 00 00 00
00 00 00 00 00 00 00 00 00 00 36 fc fc f2 20 00 00 00 00 12 cc f1 44 00 00 00 00 00
00 00 00 00 00 00 00 00 00 00 0e a5 fc fc d9 00 00 00 58 cc fc b8 00 00 00 00 00 00
00 00 00 00 00 00 00 00 00 00 00 0d bc fc fc 16 11 a0 f0 fc c2 19 00 00 00 00 00 00
00 00 00 00 00 00 00 00 00 00 00 00 92 fc fc d1 c7 fc f3 be 18 00 00 00 00 00 00 00
00 00 00 00 00 00 00 00 00 00 00 00 1b fc fc fd fc f0 5d 00 00 00 00 00 00 00 00 00
00 00 00 00 00 00 00 00 00 00 00 00 62 fc fc fd fc 1a 00 00 00 00 00 00 00 00 00 00
00 00 00 00 00 00 00 00 00 00 5a 8d fd fd fd ff fd 1a 00 00 00 00 00 00 00 00 00 00
00 00 00 00 00 00 00 00 00 79 f9 fc fc fc fc fd fc 1a 00 00 00 00 00 00 00 00 00 00
00 00 00 00 00 00 00 23 87 f7 fc fc 6d 26 fc fd fc 1a 00 00 00 00 00 00 00 00 00 00
00 00 00 00 00 00 00 5e fc fc eb 97 0f 0a d6 fd fc 1a 00 00 00 00 00 00 00 00 00 00
00 00 00 00 00 00 00 5e fc fc a3 00 00 00 85 fd fc 1a 00 00 00 00 00 00 00 00 00 00
00 00 00 00 00 00 00 c0 fc ca 11 00 00 0a dd fd fc 1a 00 00 00 00 00 00 00 00 00 00
00 00 00 00 00 00 00 e2 fc 73 00 00 00 23 fc fd 9d 08 00 00 00 00 00 00 00 00 00 00
00 00 00 00 00 00 00 8e fc e3 3e 1b 70 d5 fc f0 0b 00 00 00 00 00 00 00 00 00 00 00
00 00 00 00 00 00 00 59 fa fc fc fc fc fb ee 38 00 00 00 00 00 00 00 00 00 00 00 00
00 00 00 00 00 00 00 00 65 e0 fc fc fc a8 00 00 00 00 00 00 00 00 00 00 00 00 00 00
00 00 00 00 00 00 00 00 00 00 00 00 00 00 00 00 00 00 00 00 00 00 00 00 00 00 00 00
00 00 00 00 00 00 00 00 00 00 00 00 00 00 00 00 00 00 00 00 00 00 00 00 00 00 00 00
00 00 00 00 00 00 00 00 00 00 00 00 00 00 00 00 00 00 00 00 00 00 00 00 00 00 00 00
