00 00 00 00 00 00 00 00 00 00 00 00 00 00 00 00 00 00 00 00 00 00 00 00 00 00 00 00
00 00 00 00 00 00 00 00 00 00 00 00 00 00 00 00 00 00 00 00 00 00 00 00 00 00 00 00
00 00 00 00 00 00 00 00 00 00 00 00 00 00 00 00 00 00 00 00 00 00 00 00 00 00 00 00
00 00 00 00 00 00 00 00 00 00 00 00 00 00 00 00 00 00 00 00 00 00 00 00 00 00 00 00
00 00 00 00 00 00 00 00 00 00 00 00 00 00 00 00 00 00 00 00 00 00 00 00 00 00 00 00
00 00 00 00 00 00 00 00 00 00 00 00 00 00 00 00 00 00 00 00 00 00 00 00 00 00 00 00
00 00 00 00 00 00 00 00 00 00 00 00 00 00 00 00 00 00 00 00 00 00 00 00 00 00 00 00
00 00 00 00 00 00 00 27 79 60 00 00 00 40 7a 79 f1 fe db 20 00 00 00 00 00 00 00 00
00 00 00 00 00 00 5a f5 fd c7 12 7a f1 f7 fe fd fd fd fd d8 22 00 00 00 00 00 00 00
00 00 00 00 00 00 0a 62 fd f8 e8 fd f8 9f a0 67 1a 62 fd fd c7 00 00 00 00 00 00 00
00 00 00 00 00 00 00 0d d1 fd f0 9e 25 00 00 00 00 37 ed fd d5 00 00 00 00 00 00 00
00 00 00 00 00 00 00 2b e5 fd 6b 00 00 00 00 00 00 00 a5 fd e0 19 00 00 00 00 00 00
00 00 00 00 00 00 00 12 d4 fd 50 00 00 00 00 00 00 00 44 fd fd 5d 00 00 00 00 00 00
00 00 00 00 00 00 00 26 e1 fd 50 00 00 00 00 00 00 00 44 fd fd 5d 00 00 00 00 00 00
00 00 00 00 00 00 00 a5 fd fd 50 00 00 00 00 00 00 00 52 fd e4 22 00 00 00 00 00 00
00 00 00 00 00 00 00 d6 fd fa 4b 00 00 00 00 00 00 00 c9 fd d5 00 00 00 00 00 00 00
00 00 00 00 00 00 00 d6 fd c7 00 00 00 00 00 00 00 00 c9 fd 8e 00 00 00 00 00 00 00
00 00 00 00 00 00 00 d7 fe 43 00 00 00 00 00 00 00 51 fe c9 00 00 00 00 00 00 00 00
00 00 00 00 00 00 00 d6 e1 26 00 00 00 00 00 00 00 89 fd 8f 00 00 00 00 00 00 00 00
00 00 00 00 00 00 00 8e 13 00 00 00 00 00 00 00 55 f9 e4 2a 00 00 00 00 00 00 00 00
00 00 00 00 00 00 00 15 00 00 00 00 00 00 00 00 5e fd 49 00 00 00 00 00 00 00 00 00
00 00 00 00 00 00 00 00 00 00 00 00 00 00 00 00 c8 e8 27 00 00 00 00 00 00 00 00 00
00 00 00 00 00 00 00 00 00 00 00 00 00 00 00 6c f7 90 00 00 00 00 00 00 00 00 00 00
00 00 00 00 00 00 00 00 00 00 00 00 00 00 14 f3 bd 0d 00 00 00 00 00 00 00 00 00 00
00 00 00 00 00 00 00 00 00 00 00 00 00 00 86 fd 91 00 00 00 00 00 00 00 00 00 00 00
00 00 00 00 00 00 00 00 00 00 00 00 00 4f ff b8 0b 00 00 00 00 00 00 00 00 00 00 00
00 00 00 00 00 00 00 00 00 00 00 00 00 86 79 06 00 00 00 00 00 00 00 00 00 00 00 00
00 00 00 00 00 00 00 00 00 00 00 00 00 00 00 00 00 00 00 00 00 00 00 00 00 00 00 00
