00 00 00 00 00 00 00 00 00 00 00 00 00 00 00 00 00 00 00 00 00 00 00 00 00 00 00 00
00 00 00 00 00 00 00 00 00 00 00 00 00 00 00 00 00 00 00 00 00 00 00 00 00 00 00 00
00 00 00 00 00 00 00 00 00 00 00 00 00 00 00 00 00 00 00 00 00 00 00 00 00 00 00 00
00 00 00 00 00 00 00 00 00 00 00 00 00 00 3f ff fd 38 00 00 00 00 00 00 00 00 00 00
00 00 00 00 00 00 00 00 00 00 00 00 00 00 8c fd fc 37 00 00 00 00 00 00 00 00 00 00
00 00 00 00 00 00 00 00 00 00 00 00 00 07 a5 fd e9 2b 00 00 00 00 00 00 00 00 00 00
00 00 00 00 00 00 00 00 00 00 00 00 07 36 fc fd 4a 00 00 00 00 00 00 00 00 00 00 00
00 00 00 00 00 00 00 00 00 00 00 00 39 fc fc fd 1b 00 00 00 00 00 00 00 00 00 00 00
00 00 00 00 00 00 00 00 00 00 00 00 78 fd fd 4f 00 00 00 00 00 00 00 00 00 00 00 00
00 00 00 00 00 00 00 00 00 00 00 c9 f6 fc 7f 00 00 00 00 00 00 00 00 00 00 00 00 00
00 00 00 00 00 00 00 00 00 20 78 f6 ef b4 19 00 00 00 00 00 00 00 00 00 00 00 00 00
00 00 00 00 00 00 00 00 00 8c fd fc b4 00 00 00 00 00 04 1d 10 00 00 00 00 00 00 00
00 00 00 00 00 00 00 00 10 cb fd cc 19 00 00 00 00 20 99 fc cb 0f 00 00 00 00 00 00
00 00 00 00 00 00 00 00 5c fd ff 1b 00 00 00 00 93 fd fd fd ff fd 38 00 00 00 00 00
00 00 00 00 00 00 00 33 f3 fc d7 12 00 00 00 93 f9 fc fc fc fd fc b4 00 00 00 00 00
00 00 00 00 00 00 00 58 fc fc 6e 00 00 07 87 fd fc ef e9 fc fd fc 56 00 00 00 00 00
00 00 00 00 00 00 00 b5 fc fc 00 00 07 83 fc fd f2 85 e0 fc fd b3 13 00 00 00 00 00
00 00 00 00 00 00 00 39 fc fc 4f 00 39 fc fc fd d6 a5 fc fc be 0c 00 00 00 00 00 00
00 00 00 00 00 00 00 39 fd fd ff fd fd fd fd ff fd fd f0 3f 00 00 00 00 00 00 00 00
00 00 00 00 00 00 00 26 b1 fc fd fc fc fc fc fd df 88 18 00 00 00 00 00 00 00 00 00
00 00 00 00 00 00 00 00 07 85 c4 d6 fc fc fc a5 25 00 00 00 00 00 00 00 00 00 00 00
00 00 00 00 00 00 00 00 00 00 00 1c c7 fc fc d8 12 00 00 00 00 00 00 00 00 00 00 00
00 00 00 00 00 00 00 00 00 00 00 00 19 cd fc 70 0c 00 00 00 00 00 00 00 00 00 00 00
00 00 00 00 00 00 00 00 00 00 00 00 00 00 00 00 00 00 00 00 00 00 00 00 00 00 00 00
00 00 00 00 00 00 00 00 00 00 00 00 00 00 00 00 00 00 00 00 00 00 00 00 00 00 00 00
00 00 00 00 00 00 00 00 00 00 00 00 00 00 00 00 00 00 00 00 00 00 00 00 00 00 00 00
00 00 00 00 00 00 00 00 00 00 00 00 00 00 00 00 00 00 00 00 00 00 00 00 00 00 00 00
00 00 00 00 00 00 00 00 00 00 00 00 00 00 00 00 00 00 00 00 00 00 00 00 00 00 00 00
