00 00 00 00 00 00 00 00 00 00 00 00 00 00 00 00 00 00 00 00 00 00 00 00 00 00 00 00
00 00 00 00 00 00 00 00 00 00 00 00 00 00 00 00 00 00 00 00 00 00 00 00 00 00 00 00
00 00 00 00 00 00 00 00 00 00 00 00 00 00 00 00 00 00 00 00 00 00 00 00 00 00 00 00
00 00 00 00 00 00 00 00 00 00 00 00 00 00 00 00 00 00 00 00 00 00 00 00 00 00 00 00
00 00 00 00 00 00 00 00 00 00 00 00 b0 3f 00 00 00 00 00 00 00 00 00 00 00 00 00 00
00 00 00 00 00 00 00 00 00 00 00 52 f3 58 00 00 00 00 00 00 00 00 00 00 00 00 00 00
00 00 00 00 00 00 00 00 00 00 13 d7 a4 00 00 00 00 00 00 00 00 00 00 00 00 00 00 00
00 00 00 00 00 00 00 00 00 0d c2 fc 5a 00 00 00 00 00 00 59 0d 00 00 00 00 00 00 00
00 00 00 00 00 00 00 00 00 1d fd f4 19 00 00 00 00 04 80 f4 19 00 00 00 00 00 00 00
00 00 00 00 00 00 00 00 00 68 fc 5d 00 00 00 00 00 68 fc 5d 00 00 00 00 00 00 00 00
00 00 00 00 00 00 00 00 00 b2 fc 38 00 00 00 00 00 e5 e9 25 00 00 00 00 00 00 00 00
00 00 00 00 00 00 00 00 33 fd ca 06 00 00 00 00 65 fd 91 00 00 00 00 00 00 00 00 00
00 00 00 00 00 00 00 00 72 ff b8 00 00 00 00 00 7e e2 00 00 00 00 00 00 00 00 00 00
00 00 00 00 00 00 00 00 71 fd 54 00 00 00 00 13 e7 e1 00 00 00 00 00 00 00 00 00 00
00 00 00 00 00 00 00 00 71 fd ab 00 00 00 00 7b fc bb 00 00 7e 00 00 00 00 00 00 00
00 00 00 00 00 00 00 00 3f fd dd 19 00 00 00 c5 fc 7e 71 c8 95 00 00 00 00 00 00 00
00 00 00 00 00 00 00 00 00 b3 fd d8 5b 1d 1d cc fd fe f7 89 3f 00 00 00 00 00 00 00
00 00 00 00 00 00 00 00 00 16 ea fc fc fd fc fc fc b8 41 00 00 00 00 00 00 00 00 00
00 00 00 00 00 00 00 00 00 00 26 5e a8 b2 fc fc a4 00 00 00 00 00 00 00 00 00 00 00
00 00 00 00 00 00 00 00 00 00 00 00 00 04 b2 fc 8b 00 00 00 00 00 00 00 00 00 00 00
00 00 00 00 00 00 00 00 00 00 00 00 00 00 aa fd 4e 00 00 00 00 00 00 00 00 00 00 00
00 00 00 00 00 00 00 00 00 00 00 00 00 07 bb fc 1c 00 00 00 00 00 00 00 00 00 00 00
00 00 00 00 00 00 00 00 00 00 00 00 00 13 e0 fc 41 00 00 00 00 00 00 00 00 00 00 00
00 00 00 00 00 00 00 00 00 00 00 00 00 00 45 fc 5a 00 00 00 00 00 00 00 00 00 00 00
00 00 00 00 00 00 00 00 00 00 00 00 00 00 00 00 00 00 00 00 00 00 00 00 00 00 00 00
00 00 00 00 00 00 00 00 00 00 00 00 00 00 00 00 00 00 00 00 00 00 00 00 00 00 00 00
00 00 00 00 00 00 00 00 00 00 00 00 00 00 00 00 00 00 00 00 00 00 00 00 00 00 00 00
00 00 00 00 00 00 00 00 00 00 00 00 00 00 00 00 00 00 00 00 00 00 00 00 00 00 00 00
