00 00 00 00 00 00 00 00 00 00 00 00 00 00 00 00 00 00 00 00 00 00 00 00 00 00 00 00
00 00 00 00 00 00 00 00 00 00 00 00 00 00 00 00 00 00 00 00 00 00 00 00 00 00 00 00
00 00 00 00 00 00 00 00 00 00 00 00 00 00 00 00 00 00 00 00 00 00 00 00 00 00 00 00
00 00 00 00 00 00 00 00 00 00 00 00 00 00 00 00 00 00 00 00 00 00 00 00 00 00 00 00
00 00 00 00 00 00 00 00 00 00 00 00 00 20 ca ff fd fd af 15 00 00 00 00 00 00 00 00
00 00 00 00 00 00 00 00 00 00 00 54 90 be fb fd fb fb fb ae 00 00 00 00 00 00 00 00
00 00 00 00 00 00 00 06 25 a6 da ec fb fb fb fd fb fb fb fb 9c 00 00 00 00 00 00 00
00 00 00 00 00 00 00 73 fb fb fd fb fb fb fb fd fb fb fb fb b4 00 00 00 00 00 00 00
00 00 00 00 00 00 69 f1 fb fb fd fb fb fb 7a 48 47 47 94 fb b4 00 00 00 00 00 00 00
00 00 00 00 00 49 fd fd fd fd ca fd fd 8f 00 00 00 00 00 00 00 00 00 00 00 00 00 00
00 00 00 00 00 1f bd fb fb fb 1f bd fb 8e 00 00 00 00 00 00 00 00 00 00 00 00 00 00
00 00 00 00 00 3f ec fb fb 60 00 7c f6 8e 00 00 00 00 00 00 00 15 a6 15 00 00 00 00
00 00 00 00 00 49 fb fb fb 47 00 00 d9 8e 00 00 00 00 00 00 20 be fb 8e 00 00 00 00
00 00 00 00 00 49 fb fb fb 47 00 00 d9 8e 00 00 00 00 00 00 49 fb fb 8e 00 00 00 00
00 00 00 00 00 49 fd fd fd 48 00 00 9c 67 00 00 00 00 00 00 49 fd fd fd 48 00 00 00
00 00 00 00 00 49 fb fb fb ae 00 00 00 00 00 00 00 00 00 00 49 fb fb fb 47 00 00 00
00 00 00 00 00 49 fb fb fb fb 00 00 00 00 00 00 00 00 00 00 49 fb fb fb 47 00 00 00
00 00 00 00 00 2a cd fb fb fb 4f 00 00 00 00 00 00 00 00 00 49 fb fb fb 47 00 00 00
00 00 00 00 00 00 29 e2 fb fb e8 4d 00 00 00 00 00 00 00 00 49 fb fb fb 47 00 00 00
00 00 00 00 00 00 00 a6 fd fd ff fd e3 49 15 00 00 00 00 00 7d fd fd 8f 00 00 00 00
00 00 00 00 00 00 00 10 a9 fb fd fb fb fb ae 69 00 00 3f 90 fd fb fb 8e 00 00 00 00
00 00 00 00 00 00 00 00 0f 23 fd fb fb fb fb f3 d9 d9 e7 fb fd fb dc 14 00 00 00 00
00 00 00 00 00 00 00 00 00 00 8f 8e ec fb fb fd fb fb fb fb fd fb 89 00 00 00 00 00
00 00 00 00 00 00 00 00 00 00 00 00 3d 47 c8 fd fb fb fb fb c9 47 0a 00 00 00 00 00
00 00 00 00 00 00 00 00 00 00 00 00 00 00 00 00 00 00 00 00 00 00 00 00 00 00 00 00
00 00 00 00 00 00 00 00 00 00 00 00 00 00 00 00 00 00 00 00 00 00 00 00 00 00 00 00
00 00 00 00 00 00 00 00 00 00 00 00 00 00 00 00 00 00 00 00 00 00 00 00 00 00 00 00
00 00 00 00 00 00 00 00 00 00 00 00 00 00 00 00 00 00 00 00 00 00 00 00 00 00 00 00
