00 00 00 00 00 00 00 00 00 00 00 00 00 00 00 00 00 00 00 00 00 00 00 00 00 00 00 00
00 00 00 00 00 00 00 00 00 00 00 00 00 00 00 00 00 00 00 00 00 00 00 00 00 00 00 00
00 00 00 00 00 00 00 00 00 00 00 00 00 00 00 00 00 00 00 00 00 00 00 00 00 00 00 00
00 00 00 00 00 00 00 00 00 00 00 00 00 00 00 00 00 00 00 00 00 00 00 00 00 00 00 00
00 00 00 00 00 00 00 00 00 00 00 00 00 00 00 00 00 00 00 00 00 00 00 00 00 00 00 00
00 00 00 00 00 00 00 00 15 8e cb cb cb a2 52 00 00 00 00 00 00 00 00 00 00 00 00 00
00 00 00 00 00 00 00 3e fe fd fe fd fe fd fe fd c1 47 00 00 00 00 00 00 00 00 00 00
00 00 00 00 00 00 00 66 fd fc fd d4 97 c0 fd fc fd fc 8e 14 00 00 00 00 00 00 00 00
00 00 00 00 00 00 00 00 00 29 00 00 00 00 15 8e cb f3 fe d5 52 00 00 00 00 00 00 00
00 00 00 00 00 00 00 00 00 00 00 00 00 00 00 00 00 51 fd fc cb 00 00 00 00 00 00 00
00 00 00 00 00 00 00 00 00 29 15 00 00 00 00 00 48 98 fe fd b7 00 00 00 00 00 00 00
00 00 00 00 00 00 00 00 7b f3 df cb cb cb cb cb fd fc fd 82 14 00 00 00 00 00 00 00
00 00 00 00 00 00 00 00 84 fd fe fd fe fd fe fd fe fd 84 0a 00 00 00 00 00 00 00 00
00 00 00 00 00 00 00 00 0a 32 5b 5b 97 97 ac fc d5 fc fd d4 7b 00 00 00 00 00 00 00
00 00 00 00 00 00 00 00 00 00 00 00 00 00 00 00 15 b7 ea fd fe ac 15 00 00 00 00 00
00 00 00 00 00 00 00 00 00 00 00 00 00 00 00 00 00 00 33 97 fd fc cb 14 00 00 00 00
00 00 00 00 0b 5c 98 83 00 00 00 00 00 00 00 00 00 00 00 00 15 cb fe ac 00 00 00 00
00 00 00 00 d5 fc 83 1e 00 00 00 00 00 00 00 00 00 00 00 00 00 8e fd fc 00 00 00 00
00 00 00 00 fe fd ad 1f 00 00 00 00 00 00 00 00 00 00 1f 33 ad fd fe ac 00 00 00 00
00 00 00 00 d5 fc fd e8 8e 66 52 00 00 29 3e 66 66 b7 e9 fc fd fc c0 1e 00 00 00 00
00 00 00 00 15 b7 ff fd ff fd fe fd fe fd fe fd fe fd fe fd b7 3d 00 00 00 00 00 00
00 00 00 00 00 00 47 97 d5 fc fd fc fd fc fd fc fd ab 32 32 00 00 00 00 00 00 00 00
00 00 00 00 00 00 00 00 00 00 00 52 66 14 00 00 00 00 00 00 00 00 00 00 00 00 00 00
00 00 00 00 00 00 00 00 00 00 00 00 00 00 00 00 00 00 00 00 00 00 00 00 00 00 00 00
00 00 00 00 00 00 00 00 00 00 00 00 00 00 00 00 00 00 00 00 00 00 00 00 00 00 00 00
00 00 00 00 00 00 00 00 00 00 00 00 00 00 00 00 00 00 00 00 00 00 00 00 00 00 00 00
00 00 00 00 00 00 00 00 00 00 00 00 00 00 00 00 00 00 00 00 00 00 00 00 00 00 00 00
00 00 00 00 00 00 00 00 00 00 00 00 00 00 00 00 00 00 00 00 00 00 00 00 00 00 00 00
