00 00 00 00 00 00 00 00 00 00 00 00 00 00 00 00 00 00 00 00 00 00 00 00 00 00 00 00
00 00 00 00 00 00 00 00 00 00 00 00 00 00 00 00 00 00 00 00 00 00 00 00 00 00 00 00
00 00 00 00 00 00 00 00 00 00 00 00 00 00 00 00 00 00 00 00 00 00 00 00 00 00 00 00
00 00 00 00 00 00 00 00 00 00 00 00 00 00 00 00 00 00 00 00 00 00 00 00 00 00 00 00
00 00 00 00 00 00 00 00 00 00 00 00 00 00 00 00 00 00 00 00 00 00 00 00 00 00 00 00
00 00 00 00 00 00 00 00 00 00 00 00 00 00 00 00 00 00 00 00 00 00 00 00 00 00 00 00
00 00 00 00 00 00 00 00 00 02 3b e5 fe ff ff fe e5 69 12 00 00 00 00 00 00 00 00 00
00 00 00 00 00 00 00 00 00 5a fd fd fd fd fd fd fd fd 96 00 00 00 00 00 00 00 00 00
00 00 00 00 00 00 00 00 27 e2 fc a5 85 20 76 95 fc fd fa a5 00 00 00 00 00 00 00 00
00 00 00 00 00 00 00 00 bd fd cd 00 00 00 00 00 44 ce fd e3 1a 00 00 00 00 00 00 00
00 00 00 00 00 00 00 00 9b fd aa 00 00 00 00 00 00 84 fd fd 2b 00 00 00 00 00 00 00
00 00 00 00 00 00 00 00 09 77 0a 00 00 00 00 01 25 e4 fd c3 05 00 00 00 00 00 00 00
00 00 00 00 00 00 00 00 00 00 00 00 00 0b 31 9f fd fd f8 6b 00 00 00 00 00 00 00 00
00 00 00 00 00 00 00 00 00 00 11 57 5e cf fd fd fd dc 67 00 00 00 00 00 00 00 00 00
00 00 00 00 00 00 00 03 62 af ed fd fd fd fd fc a5 22 00 00 00 00 00 00 00 00 00 00
00 00 00 00 00 00 00 2c fd fd fd fd fd fd fd f6 89 0b 00 00 00 00 00 00 00 00 00 00
00 00 00 00 00 00 00 0a 86 a1 a1 7d 36 4d c3 fd fd d2 30 00 00 00 00 00 00 00 00 00
00 00 00 00 00 00 00 00 00 00 00 00 00 00 06 ae fd fd 77 00 00 00 00 00 00 00 00 00
00 00 00 00 00 00 00 00 00 00 00 00 00 00 00 11 e9 fd be 00 00 00 00 00 00 00 00 00
00 00 00 00 00 00 00 00 00 00 00 00 00 00 00 00 51 fd e2 00 00 00 00 00 00 00 00 00
00 00 00 00 00 00 00 00 00 00 00 00 00 00 00 0c d1 fd d7 00 00 00 00 00 00 00 00 00
00 00 00 00 00 00 00 00 00 00 00 00 00 00 00 7c fd fd 77 00 00 00 00 00 00 00 00 00
00 00 00 00 00 00 00 00 00 00 00 00 00 00 79 fb fd fd 4b 00 00 00 00 00 00 00 00 00
00 00 00 00 00 00 00 00 00 00 00 0c 56 d2 fd fd e8 2e 01 00 00 00 00 00 00 00 00 00
00 00 00 00 00 00 00 00 35 4c b3 cc fd fd e4 ae 1a 00 00 00 00 00 00 00 00 00 00 00
00 00 00 00 00 00 00 00 bd fd fd fd 9a 7b 18 00 00 00 00 00 00 00 00 00 00 00 00 00
00 00 00 00 00 00 00 00 00 00 00 00 00 00 00 00 00 00 00 00 00 00 00 00 00 00 00 00
00 00 00 00 00 00 00 00 00 00 00 00 00 00 00 00 00 00 00 00 00 00 00 00 00 00 00 00
