00 00 00 00 00 00 00 00 00 00 00 00 00 00 00 00 00 00 00 00 00 00 00 00 00 00 00 00
00 00 00 00 00 00 00 00 00 00 00 00 00 00 00 00 00 00 00 00 00 00 00 00 00 00 00 00
00 00 00 00 00 00 00 00 00 00 00 00 00 00 00 00 00 00 00 00 00 00 00 00 00 00 00 00
00 00 00 00 00 00 00 00 00 00 00 00 00 00 00 00 00 00 00 00 00 00 00 00 00 00 00 00
00 00 00 00 00 00 00 00 00 00 00 00 00 00 00 00 00 00 00 00 00 00 00 00 00 00 00 00
00 00 00 00 00 00 00 00 45 96 b4 ff fe ff fe fe ed 96 8a 21 00 00 00 00 00 00 00 00
00 00 00 00 00 00 00 1d ef fd fd fd fd fd fd fd fd fd fd cc 30 00 00 00 00 00 00 00
00 00 00 00 00 00 00 11 ca fd fd fd fd ee d9 d9 d9 f5 fd fd f0 3d 00 00 00 00 00 00
00 00 00 00 00 00 00 00 54 fd fd f8 91 26 00 00 00 33 d1 fd fd ec 1b 00 00 00 00 00
00 00 00 00 00 00 00 04 8f fd fd ee 00 00 00 00 00 00 0b b1 fd fd 64 00 00 00 00 00
00 00 00 00 00 00 00 6d fd fd fd 87 00 00 00 00 00 00 00 4f fd fd fa 41 00 00 00 00
00 00 00 00 00 00 06 be fd fd fd 1f 00 00 00 00 00 00 00 0a e1 fd fd 5d 00 00 00 00
00 00 00 00 00 00 5e fd fd fd ec 17 00 00 00 00 00 00 00 00 7d fd fd 5d 00 00 00 00
00 00 00 00 00 00 8a fd fd fd 5d 00 00 00 00 00 00 00 00 00 7d fd fd 5d 00 00 00 00
00 00 00 00 00 00 c5 fd fd e3 00 00 00 00 00 00 00 00 00 00 bc fd fb 4a 00 00 00 00
00 00 00 00 00 00 c5 fd fd e3 00 00 00 00 00 00 00 00 00 00 e4 fd f7 25 00 00 00 00
00 00 00 00 00 00 c5 fd fd e3 00 00 00 00 00 00 00 00 00 4d fd fd fd 5d 00 00 00 00
00 00 00 00 00 00 c5 fd fd e3 00 00 00 00 00 00 00 00 00 73 fd fd f6 17 00 00 00 00
00 00 00 00 00 00 c5 fd fd f1 36 00 00 00 00 00 00 00 1e dc fd fd e6 00 00 00 00 00
00 00 00 00 00 00 c5 fd fd fd b5 00 00 00 00 00 00 00 a7 fd fd fd 41 00 00 00 00 00
00 00 00 00 00 00 61 fd fd fd f6 24 00 00 00 00 04 87 fc fd fc 87 04 00 00 00 00 00
00 00 00 00 00 00 00 ae fd fd fd d7 3c 00 0e 44 b7 fd fd fd cd 00 00 00 00 00 00 00
00 00 00 00 00 00 00 4e db fd fd fd e6 da e1 fd fd fd f8 d3 1d 00 00 00 00 00 00 00
00 00 00 00 00 00 00 00 41 e2 fd fd fd fd fd fd fd ae 56 00 00 00 00 00 00 00 00 00
00 00 00 00 00 00 00 00 00 18 2e 89 da d1 95 95 5b 0c 00 00 00 00 00 00 00 00 00 00
00 00 00 00 00 00 00 00 00 00 00 00 00 00 00 00 00 00 00 00 00 00 00 00 00 00 00 00
00 00 00 00 00 00 00 00 00 00 00 00 00 00 00 00 00 00 00 00 00 00 00 00 00 00 00 00
00 00 00 00 00 00 00 00 00 00 00 00 00 00 00 00 00 00 00 00 00 00 00 00 00 00 00 00
