00 00 00 00 00 00 00 00 00 00 00 00 00 00 00 00 00 00 00 00 00 00 00 00 00 00 00 00
00 00 00 00 00 00 00 00 00 00 00 00 00 00 00 00 00 00 00 00 00 00 00 00 00 00 00 00
00 00 00 00 00 00 00 00 00 00 00 00 00 00 00 00 00 00 00 00 00 00 00 00 00 00 00 00
00 00 00 00 00 00 00 00 00 00 00 00 00 00 00 00 00 00 00 00 00 00 00 00 00 00 00 00
00 00 00 00 00 00 00 00 00 00 00 00 00 00 00 00 00 00 00 00 00 00 00 00 00 00 00 00
00 00 00 00 00 00 00 00 00 00 00 00 02 35 b1 fd ff fd a2 15 00 00 00 00 00 00 00 00
00 00 00 00 00 00 00 00 00 00 00 00 28 fc fc c2 4d 99 f1 c5 00 00 00 00 00 00 00 00
00 00 00 00 00 00 00 00 00 00 00 00 a4 fc 62 06 00 00 50 9e 89 16 00 00 00 00 00 00
00 00 00 00 00 00 00 00 00 00 00 08 e9 98 03 00 00 00 00 01 53 1a 00 00 00 00 00 00
00 00 00 00 00 00 00 00 00 00 00 71 fc 63 00 00 00 00 00 00 00 00 00 00 00 00 00 00
00 00 00 00 00 00 00 00 00 00 00 96 f4 16 00 00 00 00 00 00 00 00 00 00 00 00 00 00
00 00 00 00 00 00 00 00 00 00 00 c6 f1 02 2d a9 e8 e7 e7 e7 9f 53 01 00 00 00 00 00
00 00 00 00 00 00 00 00 00 00 00 c6 f8 ab fc fc f8 d0 d0 d0 d0 7a 09 00 00 00 00 00
00 00 00 00 00 00 00 00 00 00 00 75 fc fc e5 50 39 00 00 00 00 00 00 00 00 00 00 00
00 00 00 00 00 00 00 00 00 00 19 d0 fc a6 17 00 00 00 00 00 00 00 00 00 00 00 00 00
00 00 00 00 00 00 00 00 00 00 46 fd fd d7 09 00 00 00 00 00 00 00 00 00 00 00 00 00
00 00 00 00 00 00 00 00 00 00 a5 fc 92 fc 8e 00 00 00 00 00 00 00 00 00 00 00 00 00
00 00 00 00 00 00 00 00 00 13 ed b3 0b d6 cd 0d 00 00 00 00 00 00 00 00 00 00 00 00
00 00 00 00 00 00 00 00 00 50 fc a4 00 5d f7 5a 00 00 00 00 00 00 00 00 00 00 00 00
00 00 00 00 00 00 00 00 00 84 fc 5d 00 00 a3 d6 00 00 00 00 00 00 00 00 00 00 00 00
00 00 00 00 00 00 00 00 00 84 fc 37 00 00 4e fc 00 00 00 00 00 00 00 00 00 00 00 00
00 00 00 00 00 00 00 00 00 1f f8 9f 01 00 4e fc 66 00 00 00 00 00 00 00 00 00 00 00
00 00 00 00 00 00 00 00 00 00 63 fc 29 00 4e fc 2b 00 00 00 00 00 00 00 00 00 00 00
00 00 00 00 00 00 00 00 00 00 0f b2 dd 79 b3 fc 00 00 00 00 00 00 00 00 00 00 00 00
00 00 00 00 00 00 00 00 00 00 00 0c ea fc db 5f 00 00 00 00 00 00 00 00 00 00 00 00
00 00 00 00 00 00 00 00 00 00 00 00 00 00 00 00 00 00 00 00 00 00 00 00 00 00 00 00
00 00 00 00 00 00 00 00 00 00 00 00 00 00 00 00 00 00 00 00 00 00 00 00 00 00 00 00
00 00 00 00 00 00 00 00 00 00 00 00 00 00 00 00 00 00 00 00 00 00 00 00 00 00 00 00
