00 00 00 00 00 00 00 00 00 00 00 00 00 00 00 00 00 00 00 00 00 00 00 00 00 00 00 00
00 00 00 00 00 00 00 00 00 00 00 00 00 00 00 00 00 00 00 00 00 00 00 00 00 00 00 00
00 00 00 00 00 00 00 00 00 00 00 00 00 00 00 00 00 00 00 00 00 00 00 00 00 00 00 00
00 00 00 00 00 00 00 00 00 00 00 00 00 00 00 00 00 00 00 00 00 00 00 00 00 00 00 00
00 00 00 00 00 00 00 00 00 00 00 00 00 00 00 00 00 27 2b 2b 00 00 00 00 00 00 00 00
00 00 00 00 00 00 00 00 00 00 00 00 00 00 00 32 a4 f7 fc fc bf 30 00 00 00 00 00 00
00 00 00 00 00 00 00 00 00 00 00 00 00 06 6e f5 fc fc fc fc fd ed 53 07 00 00 00 00
00 00 00 00 00 00 00 00 00 00 00 00 29 be fc fd fc c2 a2 ac c8 fc fc 9a 00 00 00 00
00 00 00 00 00 00 00 00 00 00 00 00 ab fc fc ec 44 04 00 00 07 4d f4 f2 23 00 00 00
00 00 00 00 00 00 00 00 00 00 19 c9 fd fd da 00 00 00 00 00 00 00 ab fd 93 00 00 00
00 00 00 00 00 00 00 00 00 00 e3 fc fc a9 0b 00 00 00 00 00 00 00 7f fc e2 00 00 00
00 00 00 00 00 00 00 00 06 99 fd fc ab 07 00 00 00 00 00 00 00 00 7f fc fc 00 00 00
00 00 00 00 00 00 00 06 9b fc fd a9 07 00 00 00 00 00 00 00 00 00 7f fc b6 00 00 00
00 00 00 00 00 00 00 6e fc fc ec 25 00 00 00 00 00 00 00 00 00 00 ab fc 67 00 00 00
00 00 00 00 00 00 44 f5 fd fd c2 1b 00 00 00 00 00 00 00 00 00 92 fd f3 23 00 00 00
00 00 00 00 00 00 be fc fc 89 00 00 00 00 00 00 00 00 00 00 67 ed fc 99 00 00 00 00
00 00 00 00 00 30 f7 fc c2 04 00 00 00 00 00 00 00 00 06 99 fd fc b4 07 00 00 00 00
00 00 00 00 00 ae fc fc 77 00 00 00 00 00 00 00 00 29 be fc fd cd 33 00 00 00 00 00
00 00 00 00 00 fd fc eb 0e 00 00 00 00 00 00 00 50 df fc fc 81 0b 00 00 00 00 00 00
00 00 00 00 00 ff fd ec 0e 00 00 00 00 1d 57 d2 fd fd c7 3e 00 00 00 00 00 00 00 00
00 00 00 00 00 da fc fc d3 66 56 55 b6 e8 fc fd e0 74 15 00 00 00 00 00 00 00 00 00
00 00 00 00 00 30 f7 fc fc fc fd fc fc fc f4 d6 28 00 00 00 00 00 00 00 00 00 00 00
00 00 00 00 00 00 3f 88 e7 fc fd fc dd a2 31 00 00 00 00 00 00 00 00 00 00 00 00 00
00 00 00 00 00 00 00 00 1c 2a 2a 2a 15 00 00 00 00 00 00 00 00 00 00 00 00 00 00 00
00 00 00 00 00 00 00 00 00 00 00 00 00 00 00 00 00 00 00 00 00 00 00 00 00 00 00 00
00 00 00 00 00 00 00 00 00 00 00 00 00 00 00 00 00 00 00 00 00 00 00 00 00 00 00 00
00 00 00 00 00 00 00 00 00 00 00 00 00 00 00 00 00 00 00 00 00 00 00 00 00 00 00 00
00 00 00 00 00 00 00 00 00 00 00 00 00 00 00 00 00 00 00 00 00 00 00 00 00 00 00 00
