00 00 00 00 00 00 00 00 00 00 00 00 00 00 00 00 00 00 00 00 00 00 00 00 00 00 00 00
00 00 00 00 00 00 00 00 00 00 00 00 00 00 00 00 00 00 00 00 00 00 00 00 00 00 00 00
00 00 00 00 00 00 00 00 00 00 00 00 00 00 00 00 00 00 00 00 00 00 00 00 00 00 00 00
00 00 00 00 00 00 00 00 00 00 00 00 00 00 00 00 00 00 00 00 00 00 00 00 00 00 00 00
00 00 00 00 00 00 00 00 00 00 00 00 00 00 3f 49 49 00 00 00 00 00 00 00 00 00 00 00
00 00 00 00 00 00 00 00 00 00 00 00 2a 90 ec fb fb 00 00 00 00 00 00 00 00 00 00 00
00 00 00 00 00 00 00 00 00 00 00 9c e4 fb fb fb fb 00 00 00 00 00 00 00 00 00 00 00
00 00 00 00 00 00 00 00 00 00 00 b4 fd fb fb fb fb 4f 00 00 00 00 00 00 00 00 00 00
00 00 00 00 00 00 00 00 00 00 4f e7 fd fb fb fb fb b4 00 00 00 00 00 00 00 00 00 00
00 00 00 00 00 00 00 00 00 0b 96 fd ff fd fd fd fd ff fd 57 00 00 00 00 00 00 00 00
00 00 00 00 00 00 00 00 00 8c fb fb fd a8 6b a9 fb fd fb d7 00 00 00 00 00 00 00 00
00 00 00 00 00 00 00 00 7d f6 fb fb a4 0f 00 5d f1 fd fb dc 15 00 00 00 00 5e d9 00
00 00 00 00 00 00 00 00 90 fb fb ad 00 00 00 00 b4 fd fb fb 8e 00 00 00 00 6d ad 00
00 00 00 00 00 00 00 35 dd fb fb 47 00 00 00 00 33 fd fb fb dc 33 00 00 00 1f 14 00
00 00 00 00 00 00 00 ff fd fd dd 33 00 00 00 00 00 49 fd fd fd 48 00 00 00 00 00 00
00 00 00 00 00 00 00 fd fb fb 8e 00 00 00 00 00 00 49 fb fb fb 47 00 00 00 00 00 00
00 00 00 00 00 00 00 fd fb fb 8e 00 00 00 00 00 00 63 fb fb eb 3d 00 00 00 00 00 00
00 00 00 00 00 00 00 fd fb fb 8e 00 00 00 00 00 4f fd fb eb 52 00 00 00 00 00 00 00
00 00 00 00 00 00 00 fd fb fb 8e 00 00 00 00 4f e7 fd fb d7 00 00 00 00 00 00 00 00
00 00 00 00 00 00 00 ff fd fd fd 7c 49 49 63 fd fd ff fd a4 00 00 00 00 00 00 00 00
00 00 00 00 00 00 00 95 fb fb fb fb fd fb fb fb fb d3 6b 0f 00 00 00 00 00 3f 90 00
00 00 00 00 00 00 00 3e ec fb fb fb fd fb fb fb e1 9a 00 00 00 00 00 00 00 6d fb 00
00 00 00 00 00 00 00 00 53 ec fb fb fd fb fb cc 29 00 00 00 00 00 00 00 00 3e 8e 00
00 00 00 00 00 00 00 00 00 3d 47 47 48 47 47 29 00 00 00 00 00 00 00 00 00 00 00 00
00 00 00 00 00 00 00 00 00 00 00 00 00 00 00 00 00 00 00 00 00 00 00 00 00 00 00 00
00 00 00 00 00 00 00 00 00 00 00 00 00 00 00 00 00 00 00 00 00 00 00 00 00 00 00 00
00 00 00 00 00 00 00 00 00 00 00 00 00 00 00 00 00 00 00 00 00 00 00 00 00 00 00 00
00 00 00 00 00 00 00 00 00 00 00 00 00 00 00 00 00 00 00 00 00 00 00 00 00 00 00 00
