00 00 00 00 00 00 00 00 00 00 00 00 00 00 00 00 00 00 00 00 00 00 00 00 00 00 00 00
00 00 00 00 00 00 00 00 00 00 00 00 00 00 00 00 00 00 00 00 00 00 00 00 00 00 00 00
00 00 00 00 00 00 00 00 00 00 00 00 00 00 00 00 00 00 00 00 00 00 00 00 00 00 00 00
00 00 00 00 00 00 00 00 00 00 00 00 00 00 00 00 00 00 00 00 00 00 00 00 00 00 00 00
00 00 00 00 00 00 00 00 00 00 00 00 00 12 2b 2b 60 ae fd fe 8a 16 00 00 00 00 00 00
00 00 00 00 00 00 00 00 00 00 00 00 16 c7 fd fc fc fc fc fd fc a1 00 00 00 00 00 00
00 00 00 00 00 00 00 00 00 00 00 00 06 ce fd ec e7 e7 8f f5 fc f2 2a 00 00 00 00 00
00 00 00 00 00 00 00 00 00 00 00 00 00 23 80 15 00 00 00 94 fc fc 54 00 00 00 00 00
00 00 00 00 00 00 00 00 00 00 00 00 00 00 00 00 00 00 00 68 fc fc 54 00 00 00 00 00
00 00 00 00 00 00 00 00 00 00 00 00 00 00 00 00 00 00 00 94 fd e8 00 00 00 00 00 00
00 00 00 00 00 00 00 00 00 00 00 00 00 00 00 00 00 00 00 e3 fc 98 00 00 00 00 00 00
00 00 00 00 00 00 00 00 00 00 00 00 00 00 00 00 00 00 09 fd fc 7e 00 00 00 00 00 00
00 00 00 00 00 00 00 00 00 00 00 00 00 00 00 00 00 00 b0 fd fc 64 00 00 00 00 00 00
00 00 00 00 00 00 00 00 00 00 00 00 00 00 6b 6a 6a 84 f6 fd 89 04 00 00 00 00 00 00
00 00 00 00 00 00 00 00 00 00 00 27 8b fd ff fd fd fd fd d4 1b 00 00 00 00 00 00 00
00 00 00 00 00 00 00 00 00 0f a4 f7 fc fc fd fc fc fc fc 1b 00 00 00 00 00 00 00 00
00 00 00 00 00 00 00 00 09 c0 fc fc ee 8f 33 e2 fc fc fc 6b 00 00 00 00 00 00 00 00
00 00 00 00 00 00 00 2b ba fd fc 8d 1c 00 da fc f7 91 d7 e5 1b 00 00 00 00 00 00 00
00 00 00 00 00 00 36 cc fc bf 44 04 1b 96 fd fc 63 00 12 23 00 00 00 00 00 00 00 00
00 00 00 00 00 0f c0 fd ec 00 00 1f da fd f7 61 00 00 00 00 00 00 00 00 00 00 00 00
00 00 00 00 00 a4 fc fc 70 0f 55 d5 fc d9 35 00 00 00 00 00 00 00 00 00 00 00 00 00
00 00 00 00 00 be fc e2 da ed fc f2 86 0c 00 00 00 00 00 00 00 00 00 00 00 00 00 00
00 00 00 00 00 be fc fc fc f3 99 2a 00 00 00 00 00 00 00 00 00 00 00 00 00 00 00 00
00 00 00 00 00 92 fc fc d0 23 00 00 00 00 00 00 00 00 00 00 00 00 00 00 00 00 00 00
00 00 00 00 00 00 00 00 00 00 00 00 00 00 00 00 00 00 00 00 00 00 00 00 00 00 00 00
00 00 00 00 00 00 00 00 00 00 00 00 00 00 00 00 00 00 00 00 00 00 00 00 00 00 00 00
00 00 00 00 00 00 00 00 00 00 00 00 00 00 00 00 00 00 00 00 00 00 00 00 00 00 00 00
00 00 00 00 00 00 00 00 00 00 00 00 00 00 00 00 00 00 00 00 00 00 00 00 00 00 00 00
