00 00 00 00 00 00 00 00 00 00 00 00 00 00 00 00 00 00 00 00 00 00 00 00 00 00 00 00
00 00 00 00 00 00 00 00 00 00 00 00 00 00 00 00 00 00 00 00 00 00 00 00 00 00 00 00
00 00 00 00 00 00 00 00 00 00 00 00 00 00 00 00 00 00 00 00 00 00 00 00 00 00 00 00
00 00 00 00 00 00 00 00 00 00 00 00 00 00 00 00 00 00 00 00 00 00 00 00 00 00 00 00
00 00 00 00 00 00 00 00 00 00 00 00 00 00 00 00 00 00 00 00 00 00 00 00 00 00 00 00
00 00 00 00 00 00 00 00 00 00 00 00 00 00 00 00 00 00 00 00 00 00 00 00 00 00 00 00
00 00 00 00 00 00 00 00 00 00 00 00 00 00 00 00 00 00 00 00 00 00 00 00 00 00 00 00
00 00 00 00 00 00 00 00 00 00 00 00 0b b9 ff fd fd e6 84 84 1f 00 00 00 00 00 00 00
00 00 00 00 00 00 00 00 00 00 09 47 f2 fc fc e4 e7 fc fc fc a7 00 00 00 00 00 00 00
00 00 00 00 00 00 00 00 00 1c a6 fc fc eb 5c 00 0e 8e fc fc 96 00 00 00 00 00 00 00
00 00 00 00 00 00 00 00 0c cc fc ea 98 2c 00 00 30 e1 fc b4 10 00 00 00 00 00 00 00
00 00 00 00 00 00 00 0c a4 fc e8 3d 00 00 00 06 b3 fc fc 3c 00 00 00 00 00 00 00 00
00 00 00 00 00 00 00 31 fc fc 4c 00 00 00 2c c7 fc fc fc 3c 00 00 00 00 00 00 00 00
00 00 00 00 00 00 00 59 fc e4 20 00 00 63 e7 f4 dc fc cb 0c 00 00 00 00 00 00 00 00
00 00 00 00 00 00 00 a9 fc cf 61 61 ce ea f3 20 9d fc 91 00 00 00 00 00 00 00 00 00
00 00 00 00 00 00 00 3c fc fc fc fc fc c8 16 0b c6 e7 29 00 00 00 00 00 00 00 00 00
00 00 00 00 00 00 00 1a 83 e0 fc fc 8e 0b 00 52 fc cc 00 00 00 00 00 00 00 00 00 00
00 00 00 00 00 00 00 00 00 00 00 00 00 00 0d fd fd 8d 00 00 00 00 00 00 00 00 00 00
00 00 00 00 00 00 00 00 00 00 00 00 00 00 52 fc dc 24 00 00 00 00 00 00 00 00 00 00
00 00 00 00 00 00 00 00 00 00 00 00 00 00 d0 fc 60 00 00 00 00 00 00 00 00 00 00 00
00 00 00 00 00 00 00 00 00 00 00 00 00 18 fd f7 4e 00 00 00 00 00 00 00 00 00 00 00
00 00 00 00 00 00 00 00 00 00 00 00 00 79 fd c7 00 00 00 00 00 00 00 00 00 00 00 00
00 00 00 00 00 00 00 00 00 00 00 00 20 d8 f4 1a 00 00 00 00 00 00 00 00 00 00 00 00
00 00 00 00 00 00 00 00 00 00 00 00 cf fc f1 00 00 00 00 00 00 00 00 00 00 00 00 00
00 00 00 00 00 00 00 00 00 00 21 c8 f9 fc 5c 00 00 00 00 00 00 00 00 00 00 00 00 00
00 00 00 00 00 00 00 00 00 00 55 fc fc 8e 00 00 00 00 00 00 00 00 00 00 00 00 00 00
00 00 00 00 00 00 00 00 00 00 55 fc c8 0b 00 00 00 00 00 00 00 00 00 00 00 00 00 00
00 00 00 00 00 00 00 00 00 00 00 00 00 00 00 00 00 00 00 00 00 00 00 00 00 00 00 00
