00 00 00 00 00 00 00 00 00 00 00 00 00 00 00 00 00 00 00 00 00 00 00 00 00 00 00 00
00 00 00 00 00 00 00 00 00 00 00 00 00 00 00 00 00 00 00 00 00 00 00 00 00 00 00 00
00 00 00 00 00 00 00 00 00 00 00 00 00 00 00 00 09 a8 fe fe 37 00 00 00 00 00 00 00
00 00 00 00 00 00 00 00 00 00 00 00 00 00 00 26 a4 fd f8 a3 11 00 00 00 00 00 00 00
00 00 00 00 00 00 00 00 00 00 00 00 00 00 00 90 fd fd bc 00 00 00 00 00 00 00 00 00
00 00 00 00 00 00 00 00 00 00 00 00 00 00 75 fa fd c9 0a 00 00 00 00 00 00 00 00 00
00 00 00 00 00 00 00 00 00 00 00 00 00 33 f2 fe d2 36 00 00 00 00 00 00 00 00 00 00
00 00 00 00 00 00 00 00 00 00 00 00 37 bb fd f3 7a 00 00 00 00 00 00 00 00 00 00 00
00 00 00 00 00 00 00 00 00 00 00 00 6b fd fd d8 00 00 00 00 00 00 00 00 00 00 00 00
00 00 00 00 00 00 00 00 00 00 00 4b d7 fd cd 2c 00 00 00 00 00 00 00 00 00 00 00 00
00 00 00 00 00 00 00 00 00 00 1c d2 fd e6 80 00 00 00 00 00 00 00 00 00 00 00 00 00
00 00 00 00 00 00 00 00 00 00 b9 fd fd b0 00 00 00 00 00 00 00 00 00 00 00 00 00 00
00 00 00 00 00 00 00 00 00 47 fe fe d2 00 00 00 00 0e f6 e6 90 90 47 00 00 00 00 00
00 00 00 00 00 00 00 00 10 e3 fd fa 6b 00 00 09 60 cf fd fd fd fd f0 2e 00 00 00 00
00 00 00 00 00 00 00 28 a1 fd fd 6c 00 00 2c a8 fd fd c9 9a bc fd ec 28 00 00 00 00
00 00 00 00 00 00 00 6e fd fd c5 0b 00 07 dc ff f8 bc 0a 00 04 80 fc 3f 00 00 00 00
00 00 00 00 00 00 0f dc fd f1 2b 00 1e c1 fd fe a3 00 00 00 3b d0 e0 17 00 00 00 00
00 00 00 00 00 00 43 fd fd c6 00 04 a5 fd fd 67 11 00 2f a1 da fa 58 00 00 00 00 00
00 00 00 00 00 00 48 fd fd 66 00 71 fd fd 63 07 29 7a ef fd fd b8 00 00 00 00 00 00
00 00 00 00 00 00 6e fd fd e8 9b ca fd fd a7 d3 fd fd fd f4 7b 09 00 00 00 00 00 00
00 00 00 00 00 00 12 9d fa fd fd fd fd fd fd fe fd fd a9 34 00 00 00 00 00 00 00 00
00 00 00 00 00 00 00 00 89 a7 fd fd ea 8f 8f 51 21 21 02 00 00 00 00 00 00 00 00 00
00 00 00 00 00 00 00 00 00 00 00 00 00 00 00 00 00 00 00 00 00 00 00 00 00 00 00 00
00 00 00 00 00 00 00 00 00 00 00 00 00 00 00 00 00 00 00 00 00 00 00 00 00 00 00 00
00 00 00 00 00 00 00 00 00 00 00 00 00 00 00 00 00 00 00 00 00 00 00 00 00 00 00 00
00 00 00 00 00 00 00 00 00 00 00 00 00 00 00 00 00 00 00 00 00 00 00 00 00 00 00 00
00 00 00 00 00 00 00 00 00 00 00 00 00 00 00 00 00 00 00 00 00 00 00 00 00 00 00 00
00 00 00 00 00 00 00 00 00 00 00 00 00 00 00 00 00 00 00 00 00 00 00 00 00 00 00 00
