00 00 00 00 00 00 00 00 00 00 00 00 00 00 00 00 00 00 00 00 00 00 00 00 00 00 00 00
00 00 00 00 00 00 00 00 00 00 00 00 00 00 00 00 00 00 00 00 00 00 00 00 00 00 00 00
00 00 00 00 00 00 00 00 00 00 00 00 00 00 00 00 00 00 00 00 00 00 00 00 00 00 00 00
00 00 00 00 00 00 00 00 00 00 00 00 00 00 00 00 00 00 00 00 00 00 00 00 00 00 00 00
00 00 00 00 00 00 00 00 00 00 00 00 00 00 00 00 00 00 00 00 00 ad fd cb 00 00 00 00
00 00 00 00 00 00 00 00 00 00 00 00 00 00 00 00 00 00 00 00 29 fd fc 51 00 00 00 00
00 00 00 00 00 00 00 00 00 0b 84 29 00 00 00 00 00 00 00 00 7b ff fd 00 00 00 00 00
00 00 00 00 00 00 00 00 00 84 fc cb 00 00 00 00 00 00 00 15 df fd ab 00 00 00 00 00
00 00 00 00 00 00 00 00 00 98 fd 52 00 00 00 00 00 00 00 98 fd ff 5b 00 00 00 00 00
00 00 00 00 00 00 00 00 29 e9 fc 00 00 00 00 00 00 00 00 98 fc d5 0a 00 00 00 00 00
00 00 00 00 00 00 00 0b d5 fe c0 00 00 00 00 00 00 00 00 d6 fd b7 00 00 00 00 00 00
00 00 00 00 00 00 00 84 fc e9 32 00 00 00 00 00 00 00 7b fd fc 3d 00 00 00 00 00 00
00 00 00 00 00 00 00 d6 fd b7 00 00 00 00 00 00 00 0b d5 fe 97 00 00 00 00 00 00 00
00 00 00 00 00 00 29 fd fc 3d 00 00 00 00 00 00 00 84 fc fd 97 00 00 00 00 00 00 00
00 00 00 00 00 00 a3 fe c0 00 00 00 00 00 00 0b 33 fe fd fe 83 00 00 00 00 00 00 00
00 00 00 00 00 00 cb fd e8 8e 66 66 66 66 b7 d5 fc fd fc 83 0a 00 00 00 00 00 00 00
00 00 00 00 00 00 7b ea fd fe fd fe fd fe fd fe fd fe 5b 00 00 00 00 00 00 00 00 00
00 00 00 00 00 00 00 5c e8 fd fc fd fc 97 97 fd fc ac 0a 00 00 00 00 00 00 00 00 00
00 00 00 00 00 00 00 00 00 00 00 00 00 00 3e fe fd 00 00 00 00 00 00 00 00 00 00 00
00 00 00 00 00 00 00 00 00 00 00 00 00 3e cb fd ab 00 00 00 00 00 00 00 00 00 00 00
00 00 00 00 00 00 00 00 00 00 00 00 00 d6 fd cb 00 00 00 00 00 00 00 00 00 00 00 00
00 00 00 00 00 00 00 00 00 00 00 00 7b fd fc 51 00 00 00 00 00 00 00 00 00 00 00 00
00 00 00 00 00 00 00 00 00 00 00 34 e9 fe 97 00 00 00 00 00 00 00 00 00 00 00 00 00
00 00 00 00 00 00 00 00 00 00 00 e9 fc c0 32 00 00 00 00 00 00 00 00 00 00 00 00 00
00 00 00 00 00 00 00 00 00 00 00 00 00 00 00 00 00 00 00 00 00 00 00 00 00 00 00 00
00 00 00 00 00 00 00 00 00 00 00 00 00 00 00 00 00 00 00 00 00 00 00 00 00 00 00 00
00 00 00 00 00 00 00 00 00 00 00 00 00 00 00 00 00 00 00 00 00 00 00 00 00 00 00 00
00 00 00 00 00 00 00 00 00 00 00 00 00 00 00 00 00 00 00 00 00 00 00 00 00 00 00 00
