00 00 00 00 00 00 00 00 00 00 00 00 00 00 00 00 00 00 00 00 00 00 00 00 00 00 00 00
00 00 00 00 00 00 00 00 00 00 00 00 00 00 00 00 00 00 00 00 00 00 00 00 00 00 00 00
00 00 00 00 00 00 00 00 00 00 00 00 00 00 00 00 00 00 00 00 00 00 00 00 00 00 00 00
00 00 00 00 00 00 00 00 00 00 00 00 00 00 00 00 00 00 00 00 00 00 00 00 00 00 00 00
00 00 00 00 00 00 00 00 00 00 00 00 00 00 00 00 00 00 00 00 00 00 00 00 00 00 00 00
00 00 00 00 00 00 00 00 00 00 00 00 00 00 00 1c 3b 3b 3b 17 00 00 00 00 00 00 00 00
00 00 00 00 00 00 00 00 00 00 00 00 00 00 1c b3 fb fb fb a7 12 00 00 00 00 00 00 00
00 00 00 00 00 00 00 00 44 af a1 00 00 87 c2 fb fb fb fb fb ba 79 00 00 00 00 00 00
00 00 00 00 00 00 1c 46 f0 fb e7 00 7f f7 fd fb df f8 fb fb fb f5 6b 00 00 00 00 00
00 00 00 00 00 00 af fb fb fb e7 1f b4 fb fd cd 2f 8f bf fb fb fb 73 00 00 00 00 00
00 00 00 00 00 00 af fb fb fb 6f 4e fb fb 61 34 00 00 25 bf fb fb c7 24 00 00 00 00
00 00 00 00 00 64 ef fb fb 77 07 5c fb 56 00 00 00 00 00 17 db fb fb de 00 00 00 00
00 00 00 00 13 9e fb fb dc 42 14 fb d0 27 00 00 00 00 00 00 d6 fb fb fb 00 00 00 00
00 00 00 00 a4 fb fb fb 99 00 09 73 35 00 00 00 00 00 00 00 d6 fb fb fb 00 00 00 00
00 00 00 00 fd fb fb fb 99 00 00 00 00 00 00 00 00 00 00 00 d6 fb fb fb 00 00 00 00
00 00 00 00 ff fd fd fd 9a 00 00 00 00 00 00 00 00 00 00 25 e0 fd fd fd 00 00 00 00
00 00 00 00 fd fb fb fb 99 00 00 00 00 00 00 00 00 00 00 9b fb fb fb a0 00 00 00 00
00 00 00 00 fd fb fb fb 99 00 00 00 00 00 00 00 00 00 44 de fb fb 9c 12 00 00 00 00
00 00 00 00 48 fb fb fb f4 71 24 00 00 00 00 00 1c 46 f0 fb fb fb 73 00 00 00 00 00
00 00 00 00 24 c7 fb fb fb fb ef 62 62 62 63 62 cc fb fb fb fb dc 47 00 00 00 00 00
00 00 00 00 00 2d cc fb fb fb fb fb fb fb fd fb fb fb fb fb ef 42 00 00 00 00 00 00
00 00 00 00 00 00 1a da ef fb fb fb fb fb fd fb fb f8 e7 e7 3f 00 00 00 00 00 00 00
00 00 00 00 00 00 00 00 44 ad ef fb d0 e9 fd fb c4 92 00 00 00 00 00 00 00 00 00 00
00 00 00 00 00 00 00 00 00 00 62 73 35 5a 74 73 23 00 00 00 00 00 00 00 00 00 00 00
00 00 00 00 00 00 00 00 00 00 00 00 00 00 00 00 00 00 00 00 00 00 00 00 00 00 00 00
00 00 00 00 00 00 00 00 00 00 00 00 00 00 00 00 00 00 00 00 00 00 00 00 00 00 00 00
00 00 00 00 00 00 00 00 00 00 00 00 00 00 00 00 00 00 00 00 00 00 00 00 00 00 00 00
00 00 00 00 00 00 00 00 00 00 00 00 00 00 00 00 00 00 00 00 00 00 00 00 00 00 00 00
