00 00 00 00 00 00 00 00 00 00 00 00 00 00 00 00 00 00 00 00 00 00 00 00 00 00 00 00
00 00 00 00 00 00 00 00 00 00 00 00 00 00 00 00 00 00 00 00 00 00 00 00 00 00 00 00
00 00 00 00 00 00 00 00 00 00 00 00 00 00 00 00 00 00 00 00 00 00 00 00 00 00 00 00
00 00 00 00 00 00 00 00 00 00 00 00 00 00 00 00 00 00 00 00 00 00 00 00 00 00 00 00
00 00 00 00 00 00 00 00 00 00 00 00 00 00 00 00 00 00 00 00 00 00 00 00 00 00 00 00
00 00 00 00 00 00 00 00 00 00 00 00 00 00 00 00 00 00 00 00 00 00 00 00 00 00 00 00
00 00 00 00 00 00 00 00 00 00 00 00 00 00 00 00 00 00 00 00 00 00 00 00 00 00 00 00
00 00 00 00 00 00 00 f3 ff ff fe ff d6 7d 7d 7d 7d 66 00 00 00 00 00 00 00 00 00 00
00 00 00 00 00 00 00 f1 fd fd fd fd fd fd fd fd fd fc f8 a4 76 30 00 00 00 00 00 00
00 00 00 00 00 00 00 b8 fd 99 b6 fd fd fd fd fd fd fd fd fd fd f6 a2 00 00 00 00 00
00 00 00 00 00 00 00 42 60 02 07 13 13 13 13 75 95 95 db fd fd fd f0 00 00 00 00 00
00 00 00 00 00 00 00 00 00 00 00 00 00 00 00 00 00 00 11 2a d8 fd fc 69 00 00 00 00
00 00 00 00 00 00 00 00 00 00 00 00 00 00 00 00 00 00 00 1d f1 fd fd 75 00 00 00 00
00 00 00 00 00 00 00 00 00 00 00 00 00 00 00 00 00 00 39 ae fd fd c6 12 00 00 00 00
00 00 00 00 00 00 00 00 00 00 00 00 00 00 00 00 00 4f ef fd fd f7 4c 00 00 00 00 00
00 00 00 00 00 00 00 00 00 00 00 00 00 00 00 11 a6 ee fd fd f6 65 00 00 00 00 00 00
00 00 00 00 00 00 00 00 00 00 00 00 00 00 00 9f fd fd fd f5 66 00 00 00 00 00 00 00
00 00 00 00 00 00 00 00 00 00 00 00 00 11 5d ed fd fd f4 a9 00 00 00 00 00 00 00 00
00 00 00 00 00 00 00 00 00 00 00 00 00 63 fd fd fd f4 67 00 00 00 00 00 00 00 00 00
00 00 00 00 00 00 00 00 00 00 00 00 91 ee fd fd c1 40 00 00 00 00 00 00 00 00 00 00
00 00 00 00 00 00 00 00 00 00 3e a9 ef fd f3 75 18 00 00 00 00 00 00 00 00 00 00 00
00 00 00 00 00 00 00 00 0e 21 b3 fd fd e3 61 00 00 00 00 00 00 00 00 00 00 00 00 00
00 00 00 00 00 00 00 00 77 fd fd fd bf 14 00 00 00 00 00 00 00 00 00 00 00 00 00 00
00 00 00 00 00 00 00 4d f6 fd fd c1 13 00 00 00 00 00 00 00 00 00 00 00 00 00 00 00
00 00 00 00 00 00 43 f8 fd fd 80 11 00 00 00 00 00 00 00 00 00 00 00 00 00 00 00 00
00 00 00 00 00 00 bc fd fd 81 0f 00 00 00 00 00 00 00 00 00 00 00 00 00 00 00 00 00
00 00 00 00 00 00 b5 fd c7 0d 00 00 00 00 00 00 00 00 00 00 00 00 00 00 00 00 00 00
00 00 00 00 00 00 00 00 00 00 00 00 00 00 00 00 00 00 00 00 00 00 00 00 00 00 00 00
