00 00 00 00 00 00 00 00 00 00 00 00 00 00 00 00 00 00 00 00 00 00 00 00 00 00 00 00
00 00 00 00 00 00 00 00 00 00 00 00 00 00 00 00 00 00 00 00 00 00 00 00 00 00 00 00
00 00 00 00 00 00 00 00 00 00 00 00 00 00 00 00 00 00 00 00 00 00 00 00 00 00 00 00
00 00 00 00 00 00 00 00 00 00 00 00 00 00 00 00 00 00 00 00 00 00 00 00 00 00 00 00
00 00 00 00 00 00 00 00 00 00 00 00 00 00 00 00 00 00 00 00 00 00 00 00 00 00 00 00
00 00 00 00 00 00 00 00 00 00 00 00 02 98 cb b5 8d 3a 11 00 00 00 00 00 00 00 00 00
00 00 00 00 00 00 00 00 00 00 00 00 00 28 ac f7 bc e8 ea 23 00 00 00 00 00 00 00 00
00 00 00 00 00 00 00 00 00 00 11 52 65 8f fc f5 43 23 e1 d6 00 00 00 00 00 00 00 00
00 00 00 00 00 00 00 00 05 84 ed fe fe fe fe fe f3 50 d2 f8 23 00 00 00 00 00 00 00
00 00 00 00 00 00 00 00 a3 fb d3 6b 17 24 78 f0 f6 62 da 8f 00 00 00 00 00 00 00 00
00 00 00 00 00 00 00 2f fb a6 00 00 00 00 00 10 2b bd d4 19 00 00 00 00 00 00 00 00
00 00 00 00 00 00 00 28 fa d6 0e 00 00 00 00 0a 94 fa 63 00 00 00 00 00 00 00 00 00
00 00 00 00 00 00 00 00 89 fe ea 67 06 00 00 9a e1 55 00 00 00 00 00 00 00 00 00 00
00 00 00 00 00 00 00 00 03 2c c3 fe b8 18 81 eb 23 00 00 00 00 00 00 00 00 00 00 00
00 00 00 00 00 00 00 00 00 00 00 65 f0 fe fe 42 00 00 00 00 00 00 00 00 00 00 00 00
00 00 00 00 00 00 00 00 00 00 00 00 ac fe fe 6c 00 00 00 00 00 00 00 00 00 00 00 00
00 00 00 00 00 00 00 00 00 00 02 9a fd 62 be fe 68 00 00 00 00 00 00 00 00 00 00 00
00 00 00 00 00 00 00 00 00 00 5b fe 83 00 0d d4 e1 40 00 00 00 00 00 00 00 00 00 00
00 00 00 00 00 00 00 00 00 14 ee fe 1d 00 00 37 f4 c3 14 00 00 00 00 00 00 00 00 00
00 00 00 00 00 00 00 00 00 5a fe db 06 00 00 00 64 fe 6f 00 00 00 00 00 00 00 00 00
00 00 00 00 00 00 00 00 00 7f fe 74 00 00 00 00 17 f8 7e 00 00 00 00 00 00 00 00 00
00 00 00 00 00 00 00 00 00 7f fe 3f 00 00 00 00 31 fc 7e 00 00 00 00 00 00 00 00 00
00 00 00 00 00 00 00 00 00 7c f8 1d 00 00 00 26 a7 fe 65 00 00 00 00 00 00 00 00 00
00 00 00 00 00 00 00 00 00 1d e9 d3 73 73 87 fe f4 82 00 00 00 00 00 00 00 00 00 00
00 00 00 00 00 00 00 00 00 00 46 ec fe fe fe ad 26 00 00 00 00 00 00 00 00 00 00 00
00 00 00 00 00 00 00 00 00 00 00 00 00 00 00 00 00 00 00 00 00 00 00 00 00 00 00 00
00 00 00 00 00 00 00 00 00 00 00 00 00 00 00 00 00 00 00 00 00 00 00 00 00 00 00 00
00 00 00 00 00 00 00 00 00 00 00 00 00 00 00 00 00 00 00 00 00 00 00 00 00 00 00 00
