00 00 00 00 00 00 00 00 00 00 00 00 00 00 00 00 00 00 00 00 00 00 00 00 00 00 00 00
00 00 00 00 00 00 00 00 00 00 00 00 00 00 00 00 00 00 00 00 00 00 00 00 00 00 00 00
00 00 00 00 00 00 00 00 00 00 00 00 00 00 00 00 00 00 00 00 00 00 00 00 00 00 00 00
00 00 00 00 00 00 00 00 00 00 00 00 00 00 00 00 00 00 00 00 00 00 00 00 00 00 00 00
00 00 00 00 00 00 00 00 1a 76 76 76 76 76 56 00 00 00 00 00 00 00 00 00 00 00 00 00
00 00 00 00 00 00 00 7b ee fd fd fd fd fd f8 d0 56 00 00 00 00 00 00 00 00 00 00 00
00 00 00 00 00 00 52 f7 fd fd fd fd fd fd fd fd f9 d1 27 00 00 00 00 00 00 00 00 00
00 00 00 00 00 00 7f fd fd f6 75 3d 3d b8 d5 fd fd fd df 28 00 00 00 00 00 00 00 00
00 00 00 00 00 50 f7 fd f6 73 00 00 00 00 17 b6 f1 fd fd dc 2a 00 00 00 00 00 00 00
00 00 00 00 00 76 fd fd c6 00 00 00 00 00 00 00 54 fd fd fd dc 28 00 00 00 00 00 00
00 00 00 00 00 bc fd fd c6 00 00 00 00 00 00 00 0e 7f fd fd fd df 27 00 00 00 00 00
00 00 00 00 00 fe fd fd c6 00 00 00 00 00 00 00 00 01 7f fd fd fd e3 2a 00 00 00 00
00 00 00 00 00 fe fd fd 4b 00 00 00 00 00 00 00 00 00 0d 53 f1 fd fd 60 00 00 00 00
00 00 00 00 00 fe fd fd 3d 00 00 00 00 00 00 00 00 00 00 00 b7 fd fd d5 20 00 00 00
00 00 00 00 00 fe fd fd 3d 00 00 00 00 00 00 00 00 00 00 00 43 f3 fd fd 8e 00 00 00
00 00 00 00 00 fe fd fd 4c 00 00 00 00 00 00 00 00 00 00 00 00 c7 fd fd fd 00 00 00
00 00 00 00 00 b0 fd fd c7 03 00 00 00 00 00 00 00 00 00 00 00 c7 fd fd fd 00 00 00
00 00 00 00 00 76 fd fd fd 52 00 00 00 00 00 00 00 00 00 00 00 c7 fd fd fd 00 00 00
00 00 00 00 00 46 f5 fd fd f5 9e 33 00 00 00 00 00 00 00 00 5a dd fd fd fd 00 00 00
00 00 00 00 00 00 54 f0 fd fd fd ec 56 53 53 43 00 03 53 8a f9 fd fd f6 61 00 00 00
00 00 00 00 00 00 00 57 ee fd fd fd fd fd fd f3 c7 c9 fd fd fd fd f3 66 00 00 00 00
00 00 00 00 00 00 00 00 57 d9 fd fd fd fd fd fd fd fd fd fd fd bb 3f 00 00 00 00 00
00 00 00 00 00 00 00 00 00 0d 60 a6 e8 fb fd fd fb e8 e8 e8 72 15 00 00 00 00 00 00
00 00 00 00 00 00 00 00 00 00 00 00 00 68 74 74 68 00 00 00 00 00 00 00 00 00 00 00
00 00 00 00 00 00 00 00 00 00 00 00 00 00 00 00 00 00 00 00 00 00 00 00 00 00 00 00
00 00 00 00 00 00 00 00 00 00 00 00 00 00 00 00 00 00 00 00 00 00 00 00 00 00 00 00
00 00 00 00 00 00 00 00 00 00 00 00 00 00 00 00 00 00 00 00 00 00 00 00 00 00 00 00
00 00 00 00 00 00 00 00 00 00 00 00 00 00 00 00 00 00 00 00 00 00 00 00 00 00 00 00
