00 00 00 00 00 00 00 00 00 00 00 00 00 00 00 00 00 00 00 00 00 00 00 00 00 00 00 00
00 00 00 00 00 00 00 00 00 00 00 00 00 00 00 00 00 00 00 00 00 00 00 00 00 00 00 00
00 00 00 00 00 00 00 00 00 00 00 00 00 00 00 00 00 00 00 00 00 00 00 00 00 00 00 00
00 00 00 00 00 00 00 00 00 00 00 00 00 00 00 00 00 00 00 00 00 00 00 00 00 00 00 00
00 00 00 00 00 00 00 00 00 00 00 00 00 00 00 00 00 00 00 00 00 00 00 00 00 00 00 00
00 00 00 00 00 00 00 00 00 00 00 00 00 00 00 00 00 00 00 00 00 00 00 00 00 00 00 00
00 00 00 00 00 00 00 00 00 00 00 00 00 00 00 00 00 00 00 00 00 00 00 00 00 00 00 00
00 00 00 00 00 00 00 00 00 00 00 3f 78 be c2 c2 c3 9a 14 00 00 00 00 00 00 00 00 00
00 00 00 00 00 00 00 00 00 00 43 f5 fd b6 b2 b2 bc fd 59 00 00 00 00 00 00 00 00 00
00 00 00 00 00 00 00 00 00 55 fe b4 31 00 00 00 00 9d a4 00 00 00 00 00 00 00 00 00
00 00 00 00 00 00 00 00 00 a6 bd 61 00 00 00 00 00 86 e1 00 00 00 00 00 00 00 00 00
00 00 00 00 00 00 00 00 00 05 05 05 00 00 00 00 00 8b ee 00 00 00 00 00 00 00 00 00
00 00 00 00 00 00 00 00 00 00 00 00 00 00 00 00 06 d9 cb 00 00 00 00 00 00 00 00 00
00 00 00 00 00 00 00 00 00 00 00 00 00 00 00 00 4b fd 62 00 00 00 00 00 00 00 00 00
00 00 00 00 00 00 00 08 4f 8b f5 ff ae 4f 10 00 a6 dc 09 00 00 00 00 00 00 00 00 00
00 00 00 00 00 00 10 ce fd c2 77 80 e1 fd e8 bb fe 77 00 00 00 00 00 00 00 00 00 00
00 00 00 00 00 00 83 f9 89 04 00 00 08 40 c4 fd fe f5 ba 5a 14 00 00 00 00 05 00 00
00 00 00 00 00 00 fe 88 00 00 00 00 18 91 fd cc 3c 79 cf fd ec c3 b0 78 9a d3 00 00
00 00 00 00 00 00 fe b4 4b 59 95 ca ef f9 82 0c 00 00 02 1e 60 87 da fd da 5b 00 00
00 00 00 00 00 00 ce fe fe f8 e0 e0 a2 1f 00 00 00 00 00 00 00 00 00 00 00 00 00 00
00 00 00 00 00 00 06 2d 5d 36 00 00 00 00 00 00 00 00 00 00 00 00 00 00 00 00 00 00
00 00 00 00 00 00 00 00 00 00 00 00 00 00 00 00 00 00 00 00 00 00 00 00 00 00 00 00
00 00 00 00 00 00 00 00 00 00 00 00 00 00 00 00 00 00 00 00 00 00 00 00 00 00 00 00
00 00 00 00 00 00 00 00 00 00 00 00 00 00 00 00 00 00 00 00 00 00 00 00 00 00 00 00
00 00 00 00 00 00 00 00 00 00 00 00 00 00 00 00 00 00 00 00 00 00 00 00 00 00 00 00
00 00 00 00 00 00 00 00 00 00 00 00 00 00 00 00 00 00 00 00 00 00 00 00 00 00 00 00
00 00 00 00 00 00 00 00 00 00 00 00 00 00 00 00 00 00 00 00 00 00 00 00 00 00 00 00
00 00 00 00 00 00 00 00 00 00 00 00 00 00 00 00 00 00 00 00 00 00 00 00 00 00 00 00
