00 00 00 00 00 00 00 00 00 00 00 00 00 00 00 00 00 00 00 00 00 00 00 00 00 00 00 00
00 00 00 00 00 00 00 00 00 00 00 00 00 00 00 00 00 00 00 00 00 00 00 00 00 00 00 00
00 00 00 00 00 00 00 00 00 00 00 00 00 00 00 00 00 00 00 00 00 00 00 00 00 00 00 00
00 00 00 00 00 00 00 00 00 00 00 00 00 00 00 00 00 00 00 00 00 00 00 00 00 00 00 00
00 00 00 00 00 00 00 00 00 00 00 00 00 00 00 00 00 00 00 00 00 00 00 00 00 00 00 00
00 00 00 00 00 00 00 00 00 00 00 00 00 00 00 00 00 00 00 00 00 00 00 00 00 00 00 00
00 00 00 00 00 00 00 00 00 00 00 00 00 00 00 00 00 00 00 00 00 00 00 00 00 00 00 00
00 00 00 00 00 26 71 bf 71 72 ee fd ed 71 72 71 71 26 00 00 00 00 00 00 00 00 00 00
00 00 00 00 00 d2 fc fc fc fd fc fc fc fc fd fc fc d1 00 00 00 00 00 00 00 00 00 00
00 00 00 00 00 61 d0 fc fc fd fc fc fc fc fd fc fc df 00 00 00 00 00 00 00 00 00 00
00 00 00 00 00 00 13 54 54 54 54 54 54 54 9f fc fc df 00 00 00 00 00 00 00 00 00 00
00 00 00 00 00 00 00 00 00 00 00 00 00 00 71 fc fc df 00 00 00 00 00 00 00 00 00 00
00 00 00 00 00 00 00 00 00 00 00 00 00 00 72 fd fd e1 00 00 00 00 00 00 00 00 00 00
00 00 00 00 00 00 00 00 00 00 00 00 00 00 71 fc fc e9 55 56 55 55 4c 00 00 00 00 00
00 00 00 00 00 00 00 00 00 00 13 39 39 87 de fc fc fc fc fd fc fc df 00 00 00 00 00
00 00 00 00 00 00 00 00 00 00 b2 fc fc fc fd fc fc fc fc f0 df df 79 00 00 00 00 00
00 00 00 00 00 00 00 00 00 00 e1 fc fc fc fd fc fc ec 70 3f 00 00 00 00 00 00 00 00
00 00 00 00 00 00 00 00 00 00 00 6f 4b fd ff fd 38 00 00 00 00 00 00 00 00 00 00 00
00 00 00 00 00 00 00 00 00 00 00 00 1d fc fd fc 37 00 00 00 00 00 00 00 00 00 00 00
00 00 00 00 00 00 00 00 00 00 00 00 1d fc fd fc 37 00 00 00 00 00 00 00 00 00 00 00
00 00 00 00 00 00 00 00 00 00 00 00 1d fc fd c3 13 00 00 00 00 00 00 00 00 00 00 00
00 00 00 00 00 00 00 00 00 00 00 00 1d fc fd a7 00 00 00 00 00 00 00 00 00 00 00 00
00 00 00 00 00 00 00 00 00 00 00 00 5c fd ff 6a 00 00 00 00 00 00 00 00 00 00 00 00
00 00 00 00 00 00 00 00 00 00 00 00 a9 fc fd 1b 00 00 00 00 00 00 00 00 00 00 00 00
00 00 00 00 00 00 00 00 00 00 00 2d ea fc fd 1b 00 00 00 00 00 00 00 00 00 00 00 00
00 00 00 00 00 00 00 00 00 00 00 13 c4 fc f0 18 00 00 00 00 00 00 00 00 00 00 00 00
00 00 00 00 00 00 00 00 00 00 00 00 5b ad 3f 00 00 00 00 00 00 00 00 00 00 00 00 00
00 00 00 00 00 00 00 00 00 00 00 00 00 00 00 00 00 00 00 00 00 00 00 00 00 00 00 00
