00 00 00 00 00 00 00 00 00 00 00 00 00 00 00 00 00 00 00 00 00 00 00 00 00 00 00 00
00 00 00 00 00 00 00 00 00 00 00 00 00 00 00 00 00 00 00 00 00 00 00 00 00 00 00 00
00 00 00 00 00 00 00 00 00 00 00 00 00 00 00 00 00 00 00 00 00 00 00 00 00 00 00 00
00 00 00 00 00 00 00 00 00 00 00 00 00 00 00 00 00 00 00 00 00 00 00 00 00 00 00 00
00 00 00 00 00 00 00 00 00 00 00 00 00 00 00 00 00 00 00 00 00 00 00 00 00 00 00 00
00 00 00 00 00 00 00 00 00 00 00 00 00 00 00 00 00 00 00 00 00 00 00 00 00 00 00 00
00 00 00 00 00 00 00 00 00 00 00 00 00 00 29 71 c1 fe fd 98 1e 00 00 00 00 00 00 00
00 00 00 00 00 00 00 00 00 00 00 00 00 7b f3 fd fc fd fc fd ac 00 00 00 00 00 00 00
00 00 00 00 00 00 00 00 00 00 00 00 7b fe fd f4 7a 66 a2 fe fd 00 00 00 00 00 00 00
00 00 00 00 00 00 00 00 00 00 00 7b f3 fd ab 28 00 00 8e fd fc a3 00 00 00 00 00 00
00 00 00 00 00 00 00 00 00 00 7b fe fd a3 14 00 00 00 8e fe fd ea 1e 00 00 00 00 00
00 00 00 00 00 00 00 00 00 29 f3 fd 82 14 00 00 00 52 df fd fc 5b 0a 00 00 00 00 00
00 00 00 00 00 00 00 00 00 71 fd fe 83 33 33 33 84 d6 fd fe ac 00 00 00 00 00 00 00
00 00 00 00 00 00 00 00 00 70 fc fd fc fd fc fd fc fd fc ac 0a 00 00 00 00 00 00 00
00 00 00 00 00 00 00 00 00 15 66 ea d5 cb cb 84 e9 fe d5 00 00 00 00 00 00 00 00 00
00 00 00 00 00 00 00 00 00 00 00 1e 0a 00 29 e9 fc e9 47 00 00 00 00 00 00 00 00 00
00 00 00 00 00 00 00 00 00 00 00 00 00 00 7b fe fd 8e 00 00 00 00 00 00 00 00 00 00
00 00 00 00 00 00 00 00 00 00 00 00 00 52 f3 fd d4 14 00 00 00 00 00 00 00 00 00 00
00 00 00 00 00 00 00 00 00 00 00 00 52 fe fd b7 00 00 00 00 00 00 00 00 00 00 00 00
00 00 00 00 00 00 00 00 00 00 00 15 b6 fd d4 3d 00 00 00 00 00 00 00 00 00 00 00 00
00 00 00 00 00 00 00 00 00 00 00 98 fd fe 97 00 00 00 00 00 00 00 00 00 00 00 00 00
00 00 00 00 00 00 00 00 00 00 7b e9 fc d5 1e 00 00 00 00 00 00 00 00 00 00 00 00 00
00 00 00 00 00 00 00 00 00 5c e9 fe 97 29 00 00 00 00 00 00 00 00 00 00 00 00 00 00
00 00 00 00 00 00 00 00 29 e9 fc d5 1e 00 00 00 00 00 00 00 00 00 00 00 00 00 00 00
00 00 00 00 00 00 00 00 7b ff fd 3e 00 00 00 00 00 00 00 00 00 00 00 00 00 00 00 00
00 00 00 00 00 00 00 29 f3 fd d4 14 00 00 00 00 00 00 00 00 00 00 00 00 00 00 00 00
00 00 00 00 00 00 00 00 00 00 00 00 00 00 00 00 00 00 00 00 00 00 00 00 00 00 00 00
00 00 00 00 00 00 00 00 00 00 00 00 00 00 00 00 00 00 00 00 00 00 00 00 00 00 00 00
