00 00 00 00 00 00 00 00 00 00 00 00 00 00 00 00 00 00 00 00 00 00 00 00 00 00 00 00
00 00 00 00 00 00 00 00 00 00 00 00 00 00 00 00 00 00 00 00 00 00 00 00 00 00 00 00
00 00 00 00 00 00 00 00 00 00 00 00 00 00 00 00 00 00 00 00 00 00 00 00 00 00 00 00
00 00 00 00 00 00 00 00 00 00 00 00 00 00 00 00 00 00 00 00 00 00 00 00 00 00 00 00
00 00 00 00 00 00 00 00 00 00 00 08 50 cb b8 08 00 00 00 00 00 00 00 00 00 00 00 00
00 00 00 00 00 00 00 00 00 00 57 da fe e6 fa 80 00 00 00 00 00 00 00 00 00 00 00 00
00 00 00 00 00 00 00 00 00 2c cd cd 34 0f 8e fc 2f 00 00 00 00 00 00 00 00 00 00 00
00 00 00 00 00 00 00 00 27 e7 b4 21 00 00 03 fe 36 00 00 00 00 00 00 00 00 00 00 00
00 00 00 00 00 00 00 00 a3 d5 0a 00 00 00 00 ff 36 00 00 00 00 00 00 00 00 00 00 00
00 00 00 00 00 00 00 00 e4 61 00 00 00 00 00 fe 36 00 00 00 00 00 00 00 00 00 00 00
00 00 00 00 00 00 00 00 0a 04 00 00 00 00 03 fe 36 00 00 00 00 00 00 00 00 00 00 00
00 00 00 00 00 00 00 00 00 00 00 00 00 00 57 fe 36 00 00 00 00 00 00 00 00 00 00 00
00 00 00 00 00 00 00 00 00 00 00 00 00 00 9a fa 2a 00 00 00 00 00 00 00 00 00 00 00
00 00 00 00 00 00 00 00 00 00 00 00 00 00 c9 e7 00 00 00 00 00 00 00 00 00 00 00 00
00 00 00 00 00 00 00 00 00 00 00 00 00 6d fe 65 00 00 00 00 00 00 00 00 00 00 00 00
00 00 00 00 00 00 00 00 00 00 00 00 00 91 fe 28 00 00 00 00 00 00 00 00 00 00 00 00
00 00 00 00 00 00 00 00 00 00 00 00 09 dd a4 00 00 00 00 00 00 00 00 00 00 00 00 00
00 00 00 00 00 00 00 00 00 00 00 00 3c fe 5f 00 00 00 00 00 00 00 00 00 00 00 00 00
00 00 00 00 00 00 00 00 00 00 00 02 b1 dd 2d 27 1b 05 00 00 00 00 00 00 00 00 00 00
00 00 00 00 00 00 00 00 00 00 00 5d fe fe fe fe f2 dc a4 80 1c 00 00 00 00 00 00 00
00 00 00 00 00 00 00 00 00 00 2a f4 fe fe f9 f7 f6 f8 fe fe e3 3e 00 00 00 00 00 00
00 00 00 00 00 00 00 00 00 11 d3 fe c6 6b 1b 00 00 13 4a 7b a4 94 00 00 00 00 00 00
00 00 00 00 00 00 00 00 00 77 fe a8 0d 00 00 00 00 00 00 00 00 00 00 00 00 00 00 00
00 00 00 00 00 00 00 00 00 a9 d8 0d 00 00 00 00 00 00 00 00 00 00 00 00 00 00 00 00
00 00 00 00 00 00 00 00 00 00 00 00 00 00 00 00 00 00 00 00 00 00 00 00 00 00 00 00
00 00 00 00 00 00 00 00 00 00 00 00 00 00 00 00 00 00 00 00 00 00 00 00 00 00 00 00
00 00 00 00 00 00 00 00 00 00 00 00 00 00 00 00 00 00 00 00 00 00 00 00 00 00 00 00
00 00 00 00 00 00 00 00 00 00 00 00 00 00 00 00 00 00 00 00 00 00 00 00 00 00 00 00
