00 00 00 00 00 00 00 00 00 00 00 00 00 00 00 00 00 00 00 00 00 00 00 00 00 00 00 00
00 00 00 00 00 00 00 00 00 00 00 00 00 00 00 00 00 00 00 00 00 00 00 00 00 00 00 00
00 00 00 00 00 00 00 00 00 00 00 00 00 00 00 00 00 00 00 00 00 00 00 00 00 00 00 00
00 00 00 00 00 00 00 00 00 00 00 00 00 00 00 00 00 00 00 00 00 00 00 00 00 00 00 00
00 00 00 00 00 00 00 00 00 00 00 00 00 00 00 00 00 00 00 00 00 00 00 00 00 00 00 00
00 00 00 00 00 00 00 00 00 00 00 00 00 00 00 00 00 00 00 00 00 00 00 00 00 00 00 00
00 00 00 00 00 00 00 00 00 00 00 00 00 20 47 68 9d 9e 9d 9d 9d 9d 9d 77 42 00 00 00
00 00 00 00 00 00 00 00 00 00 0d 7a ec f4 fd fd fd fe fd fd fd fd fd fd fc ec ce 00
00 00 00 00 00 00 00 00 00 0d b9 fd f5 c8 de f8 53 1a 32 72 72 26 1a 1a 20 32 1a 00
00 00 00 00 00 00 00 00 00 4d fd e6 4b 00 15 39 00 00 00 00 00 00 00 00 00 00 00 00
00 00 00 00 00 00 00 00 22 e5 fd 7d 00 00 00 00 00 00 00 00 00 00 00 00 00 00 00 00
00 00 00 00 00 00 00 00 77 fd d3 07 00 00 00 00 00 00 00 00 00 00 00 00 00 00 00 00
00 00 00 00 00 00 00 21 f8 fd 8c 00 00 00 00 00 00 00 00 00 00 00 00 00 00 00 00 00
00 00 00 00 00 00 00 31 f7 fd ee b8 8d 61 61 40 09 00 00 00 00 00 00 00 00 00 00 00
00 00 00 00 00 00 00 00 68 d9 fd fd fd fd fd fd fd 94 03 00 00 00 00 00 00 00 00 00
00 00 00 00 00 00 00 00 00 00 13 58 58 61 af b1 fe ff e5 0b 00 00 00 00 00 00 00 00
00 00 00 00 00 00 00 00 00 00 00 00 00 00 00 01 27 cd fd 7e 00 00 00 00 00 00 00 00
00 00 00 00 00 00 00 00 00 00 00 00 00 00 00 00 00 4f fd bf 00 00 00 00 00 00 00 00
00 00 00 00 00 00 00 00 00 00 00 00 00 00 00 00 00 62 fd ad 00 00 00 00 00 00 00 00
00 00 00 00 00 00 00 a2 23 00 00 00 00 00 00 00 10 f2 fd 3b 00 00 00 00 00 00 00 00
00 00 00 00 00 00 00 c7 f1 80 2c 1d 00 00 00 11 c6 fe f3 0f 00 00 00 00 00 00 00 00
00 00 00 00 00 00 00 2c e7 fd fd f4 c9 c9 c9 dd fd fe 4a 00 00 00 00 00 00 00 00 00
00 00 00 00 00 00 00 00 11 52 a6 eb ee ef ec f0 cd 5b 02 00 00 00 00 00 00 00 00 00
00 00 00 00 00 00 00 00 00 00 00 00 0a 0f 05 13 00 00 00 00 00 00 00 00 00 00 00 00
00 00 00 00 00 00 00 00 00 00 00 00 00 00 00 00 00 00 00 00 00 00 00 00 00 00 00 00
00 00 00 00 00 00 00 00 00 00 00 00 00 00 00 00 00 00 00 00 00 00 00 00 00 00 00 00
00 00 00 00 00 00 00 00 00 00 00 00 00 00 00 00 00 00 00 00 00 00 00 00 00 00 00 00
00 00 00 00 00 00 00 00 00 00 00 00 00 00 00 00 00 00 00 00 00 00 00 00 00 00 00 00
