00 00 00 00 00 00 00 00 00 00 00 00 00 00 00 00 00 00 00 00 00 00 00 00 00 00 00 00
00 00 00 00 00 00 00 00 00 00 00 00 00 00 00 00 00 00 00 00 00 00 00 00 00 00 00 00
00 00 00 00 00 00 00 00 00 00 00 00 00 00 00 00 00 00 00 00 00 00 00 00 00 00 00 00
00 00 00 00 00 00 00 00 00 00 00 00 00 00 00 00 00 00 00 00 00 00 00 00 00 00 00 00
00 00 00 00 00 00 00 00 00 00 00 00 00 00 00 00 19 85 85 29 03 00 00 00 00 00 00 00
00 00 00 00 00 00 00 00 00 00 00 00 00 00 02 5f d4 fd fd fd a5 20 00 00 00 00 00 00
00 00 00 00 00 00 00 00 00 00 00 00 00 12 a3 fd fd fd fd fd fd d9 20 00 00 00 00 00
00 00 00 00 00 00 00 00 00 00 00 00 4a d2 fe fd f6 7c 54 77 f4 fd d9 1f 00 00 00 00
00 00 00 00 00 00 00 00 00 00 00 18 c9 fd fe cf 3e 00 00 00 63 f5 fd a1 00 00 00 00
00 00 00 00 00 00 00 00 00 00 3c c8 fd fd 76 1a 00 00 00 00 00 da fd fd 00 00 00 00
00 00 00 00 00 00 00 00 00 3c f4 fd fd ac 00 00 00 00 00 00 00 da fd fd 00 00 00 00
00 00 00 00 00 00 00 00 46 c8 fd fd 72 02 00 00 00 00 00 00 00 da fd fd 00 00 00 00
00 00 00 00 00 00 00 15 d4 fd fd 72 03 00 00 00 00 00 00 00 00 da fd fd 00 00 00 00
00 00 00 00 00 00 12 cc fd fd 73 02 00 00 00 00 00 00 00 00 29 eb fd c3 00 00 00 00
00 00 00 00 00 07 a3 fe fe af 00 00 00 00 00 00 00 00 00 27 ae fe f9 45 00 00 00 00
00 00 00 00 00 91 fd fd cf 1a 00 00 00 00 00 00 00 00 12 94 fd fd 90 00 00 00 00 00
00 00 00 00 19 d4 fd ce 1c 00 00 00 00 00 00 00 00 19 c0 fd fd de 42 00 00 00 00 00
00 00 00 00 d6 fd e5 1c 00 00 00 00 00 00 00 05 43 e2 fd fd d6 1d 00 00 00 00 00 00
00 00 00 00 fe fd bc 00 00 00 00 00 00 00 3e 89 fd fd ef 65 0e 00 00 00 00 00 00 00
00 00 00 00 fe fd 60 00 00 00 00 00 20 82 fe fd fd cc 50 00 00 00 00 00 00 00 00 00
00 00 00 00 fe fd 94 56 56 78 ce ce e2 fd fe fd b7 10 00 00 00 00 00 00 00 00 00 00
00 00 00 00 fe fd fd fd fd fd fd fd fd fd 9d 57 0e 00 00 00 00 00 00 00 00 00 00 00
00 00 00 00 fe fd fd fd fd fd fd 9f 90 1d 00 00 00 00 00 00 00 00 00 00 00 00 00 00
00 00 00 00 11 84 84 84 84 84 22 02 00 00 00 00 00 00 00 00 00 00 00 00 00 00 00 00
00 00 00 00 00 00 00 00 00 00 00 00 00 00 00 00 00 00 00 00 00 00 00 00 00 00 00 00
00 00 00 00 00 00 00 00 00 00 00 00 00 00 00 00 00 00 00 00 00 00 00 00 00 00 00 00
00 00 00 00 00 00 00 00 00 00 00 00 00 00 00 00 00 00 00 00 00 00 00 00 00 00 00 00
00 00 00 00 00 00 00 00 00 00 00 00 00 00 00 00 00 00 00 00 00 00 00 00 00 00 00 00
