00 00 00 00 00 00 00 00 00 00 00 00 00 00 00 00 00 00 00 00 00 00 00 00 00 00 00 00
00 00 00 00 00 00 00 00 00 00 00 00 00 00 00 00 00 00 00 00 00 00 00 00 00 00 00 00
00 00 00 00 00 00 00 00 00 00 00 00 00 00 00 00 00 00 00 00 00 00 00 00 00 00 00 00
00 00 00 00 00 00 00 00 00 00 00 00 00 00 00 00 00 00 00 00 00 00 00 00 00 00 00 00
00 00 00 00 00 00 00 00 00 00 00 00 00 00 00 00 00 00 00 00 00 00 00 00 00 00 00 00
00 00 00 00 00 00 00 00 00 00 24 d3 fe fe f1 90 90 23 00 00 00 00 00 00 00 00 00 00
00 00 00 00 00 00 00 00 00 3e f7 fd fd fd fe fd fd f7 5b 00 00 00 00 00 00 00 00 00
00 00 00 00 00 00 00 00 00 59 fd ec 9a 9a 9a df fd fd f4 ab 34 00 00 00 00 00 00 00
00 00 00 00 00 00 00 00 00 51 f1 5f 00 00 00 07 36 e5 fd fd 8d 00 00 00 00 00 00 00
00 00 00 00 00 00 00 00 00 00 27 00 00 00 00 00 00 17 fd fd fa 41 00 00 00 00 00 00
00 00 00 00 00 00 00 00 00 00 00 00 00 00 00 00 23 c7 fd fd ce 16 00 00 00 00 00 00
00 00 00 00 00 00 00 00 00 00 00 00 00 0a 4b c7 f1 fd fd f5 4e 00 00 00 00 00 00 00
00 00 00 00 00 00 00 00 00 10 2d 71 9b f1 fe fd fd fa b9 16 00 00 00 00 00 00 00 00
00 00 00 00 00 00 00 33 bc d3 fd fd fd fd fe fd fd ee 1b 00 00 00 00 00 00 00 00 00
00 00 00 00 00 00 00 85 fd fd fd fd fd fd ce fd fd fd d0 18 00 00 00 00 00 00 00 00
00 00 00 00 00 00 00 0a b7 b7 6f 6f 1d 00 00 00 87 fd fe 46 00 00 00 00 00 00 00 00
00 00 00 00 00 00 00 00 00 00 00 00 00 00 00 00 00 d6 fd e3 0f 00 00 00 00 00 00 00
00 00 00 00 00 00 00 00 00 00 00 00 00 00 00 00 00 85 fd fd 16 00 00 00 00 00 00 00
00 00 00 00 00 00 00 00 00 00 00 00 00 00 00 00 00 8e fd fd 16 00 00 00 00 00 00 00
00 00 00 00 00 00 00 00 00 00 00 00 00 00 00 00 5a fa fd ea 11 00 00 00 00 00 00 00
00 00 00 00 00 00 00 00 00 00 00 00 00 00 0c a6 f4 fd fd 4f 00 00 00 00 00 00 00 00
00 00 00 00 00 00 00 00 00 00 00 07 2d 7a ec fd fd ee 6c 05 00 00 00 00 00 00 00 00
00 00 00 00 00 00 51 91 45 9b 9b d7 fd fd ff fd ec 34 00 00 00 00 00 00 00 00 00 00
00 00 00 00 00 00 b0 fd fd fd fd fd fd fd b1 63 28 00 00 00 00 00 00 00 00 00 00 00
00 00 00 00 00 00 0d 2a 8f e6 c8 8f 6e 21 00 00 00 00 00 00 00 00 00 00 00 00 00 00
00 00 00 00 00 00 00 00 00 00 00 00 00 00 00 00 00 00 00 00 00 00 00 00 00 00 00 00
00 00 00 00 00 00 00 00 00 00 00 00 00 00 00 00 00 00 00 00 00 00 00 00 00 00 00 00
00 00 00 00 00 00 00 00 00 00 00 00 00 00 00 00 00 00 00 00 00 00 00 00 00 00 00 00
