00 00 00 00 00 00 00 00 00 00 00 00 00 00 00 00 00 00 00 00 00 00 00 00 00 00 00 00
00 00 00 00 00 00 00 00 00 00 00 00 00 00 00 00 00 00 00 00 00 00 00 00 00 00 00 00
00 00 00 00 00 00 00 00 00 00 00 00 00 00 00 00 00 00 00 00 00 00 00 00 00 00 00 00
00 00 00 00 00 00 00 00 00 00 00 00 00 00 00 00 00 00 00 00 00 00 00 00 00 00 00 00
00 00 00 00 00 00 00 00 00 00 0f 60 7a 82 94 94 60 20 00 00 00 00 00 00 00 00 00 00
00 00 00 00 00 00 00 00 00 00 a4 fc fc fc fd fc fc ed 92 00 00 00 00 00 00 00 00 00
00 00 00 00 00 00 00 00 00 00 89 fc d4 aa e8 f7 fc fc fc d8 29 00 00 00 00 00 00 00
00 00 00 00 00 00 00 00 00 00 40 d7 3f 00 00 3f 54 aa fc fd e0 29 00 00 00 00 00 00
00 00 00 00 00 00 00 00 00 00 00 12 00 00 00 00 00 0b 56 fd fc aa 00 00 00 00 00 00
00 00 00 00 00 00 00 00 00 00 00 00 00 00 00 00 00 00 00 ed fd f5 31 00 00 00 00 00
00 00 00 00 00 00 00 00 00 00 00 00 00 00 00 00 00 00 00 94 fc fc 54 00 00 00 00 00
00 00 00 00 00 00 00 00 00 00 00 00 00 00 00 00 00 00 00 94 fc fc 54 00 00 00 00 00
00 00 00 00 00 00 00 00 00 00 00 00 00 00 00 00 00 00 00 da fc d4 1c 00 00 00 00 00
00 00 00 00 00 00 00 00 00 00 00 00 00 00 12 6a 9e 8c 6a fd fc 7e 00 00 00 00 00 00
00 00 00 00 00 00 00 00 00 00 00 5d ae fd ff fd fd fd fd ff fd c8 4e 19 00 00 00 00
00 00 00 00 00 00 00 00 00 32 a4 f7 fc fc fd e0 d2 fc fc fd fc fc fc bf 00 00 00 00
00 00 00 00 00 00 00 20 ab f5 fc fc d4 7e 41 41 be fc fc 7f 2f 15 15 0c 00 00 00 00
00 00 00 00 00 00 55 be fc f3 99 54 1c 00 52 e8 fc ec 91 00 00 00 00 00 00 00 00 00
00 00 00 00 00 50 df fc d0 23 00 00 00 84 fd fc f4 42 00 00 00 00 00 00 00 00 00 00
00 00 00 00 19 e3 fd c7 12 00 0f 60 ae fd ff 8e 09 00 00 00 00 00 00 00 00 00 00 00
00 00 00 00 9d fc c9 15 00 67 d3 fc fc fc 97 10 00 00 00 00 00 00 00 00 00 00 00 00
00 00 00 00 c8 fc f2 e8 e8 fd fc e9 7e 52 00 00 00 00 00 00 00 00 00 00 00 00 00 00
00 00 00 00 43 ed fc fc fc d8 99 2a 00 00 00 00 00 00 00 00 00 00 00 00 00 00 00 00
00 00 00 00 00 20 5f 79 2a 12 00 00 00 00 00 00 00 00 00 00 00 00 00 00 00 00 00 00
00 00 00 00 00 00 00 00 00 00 00 00 00 00 00 00 00 00 00 00 00 00 00 00 00 00 00 00
00 00 00 00 00 00 00 00 00 00 00 00 00 00 00 00 00 00 00 00 00 00 00 00 00 00 00 00
00 00 00 00 00 00 00 00 00 00 00 00 00 00 00 00 00 00 00 00 00 00 00 00 00 00 00 00
00 00 00 00 00 00 00 00 00 00 00 00 00 00 00 00 00 00 00 00 00 00 00 00 00 00 00 00
