00 00 00 00 00 00 00 00 00 00 00 00 00 00 00 00 00 00 00 00 00 00 00 00 00 00 00 00
00 00 00 00 00 00 00 00 00 00 00 00 00 00 00 00 00 00 00 00 00 00 00 00 00 00 00 00
00 00 00 00 00 00 00 00 00 00 00 00 00 00 00 00 00 00 00 00 00 00 00 00 00 00 00 00
00 00 00 00 00 00 00 00 00 00 00 00 00 00 00 00 00 00 00 00 00 00 00 00 00 00 00 00
00 00 00 00 00 00 00 00 00 00 00 00 00 00 00 00 00 00 00 00 00 00 00 00 00 00 00 00
00 00 00 00 00 00 00 00 00 00 00 00 00 00 00 00 00 00 00 00 00 00 00 00 00 00 00 00
00 00 00 00 00 00 00 0d 8e ff af 82 6b 07 07 07 02 00 00 00 00 00 00 00 00 00 00 00
00 00 00 00 00 00 01 94 fd fd fd fd fd fd fd fd a2 62 0d 08 00 00 00 00 00 00 00 00
00 00 00 00 00 00 0d fd fb eb eb ee fd fd fd fd fd fd fd d5 8f 1f 02 00 00 00 00 00
00 00 00 00 00 00 06 ae ce 00 00 12 69 69 c3 eb fd fd fd fd fd fd 9c 50 00 00 00 00
00 00 00 00 00 00 00 00 00 00 00 00 00 00 00 1b 63 63 c9 de fa fd fd cf 5f 00 00 00
00 00 00 00 00 00 00 00 00 00 00 00 00 00 00 00 00 00 00 00 52 ee fd fd eb 00 00 00
00 00 00 00 00 00 00 00 00 00 00 00 00 00 00 00 00 00 00 00 58 f5 fd e9 6c 00 00 00
00 00 00 00 00 00 00 00 00 00 00 00 00 00 00 00 00 00 12 9c f4 fd fd 87 00 00 00 00
00 00 00 00 00 00 00 00 00 00 00 00 00 00 00 00 00 12 b8 fd fd fd 92 28 00 00 00 00
00 00 00 00 00 00 00 00 00 00 00 00 00 00 00 00 56 cf fd fd e5 bf 0e 00 00 00 00 00
00 00 00 00 00 00 00 00 00 00 00 00 00 00 51 c0 f0 fd fd c3 34 00 00 00 00 00 00 00
00 00 00 00 00 00 00 00 00 00 00 00 0f a3 ef fd fd e5 88 08 00 00 00 00 00 00 00 00
00 00 00 00 00 00 00 00 00 00 00 0e af fd fd fd be 39 00 00 00 00 00 00 00 00 00 00
00 00 00 00 00 00 00 00 00 00 4a da fd fd e8 85 0a 00 00 00 00 00 00 00 00 00 00 00
00 00 00 00 00 00 00 00 0a 6d f0 fd fd bb 3d 00 00 00 00 00 00 00 00 00 00 00 00 00
00 00 00 00 00 00 00 39 af fd fd ec 45 09 00 00 00 00 00 00 00 00 00 00 00 00 00 00
00 00 00 00 00 03 70 f3 fd fd ba 3e 00 00 00 00 00 00 00 00 00 00 00 00 00 00 00 00
00 00 00 00 00 3e fd fd f2 7f 07 00 00 00 00 00 00 00 00 00 00 00 00 00 00 00 00 00
00 00 00 00 00 f9 fd fd e4 00 00 00 00 00 00 00 00 00 00 00 00 00 00 00 00 00 00 00
00 00 00 00 00 c2 fd fd a7 00 00 00 00 00 00 00 00 00 00 00 00 00 00 00 00 00 00 00
00 00 00 00 00 00 00 00 00 00 00 00 00 00 00 00 00 00 00 00 00 00 00 00 00 00 00 00
00 00 00 00 00 00 00 00 00 00 00 00 00 00 00 00 00 00 00 00 00 00 00 00 00 00 00 00
