00 00 00 00 00 00 00 00 00 00 00 00 00 00 00 00 00 00 00 00 00 00 00 00 00 00 00 00
00 00 00 00 00 00 00 00 00 00 00 00 00 00 00 00 00 00 00 00 00 00 00 00 00 00 00 00
00 00 00 00 00 00 00 00 00 00 00 00 00 00 00 00 00 00 00 00 00 00 00 00 00 00 00 00
00 00 00 00 00 00 00 00 00 00 00 00 00 00 00 00 00 00 00 00 00 00 00 00 00 00 00 00
00 00 00 00 00 00 00 00 00 00 00 00 00 00 00 00 00 00 00 00 00 00 00 00 00 00 00 00
00 00 00 00 00 00 00 00 00 00 32 d1 ff ac 0f 00 00 00 00 00 00 00 00 00 00 00 00 00
00 00 00 00 00 00 00 00 00 30 ec fe f7 fc 4a 00 00 00 00 00 00 00 00 00 00 00 00 00
00 00 00 00 00 00 00 00 00 6d fe ed 1f 95 f0 1f 00 00 00 00 00 00 00 00 00 00 00 00
00 00 00 00 00 00 00 00 00 6d fe 89 00 7e fe 79 00 00 00 00 00 00 00 00 00 00 00 00
00 00 00 00 00 00 00 00 00 6d fe 89 00 7e fe 79 00 00 00 00 00 00 00 00 00 00 00 00
00 00 00 00 00 00 00 00 00 6d fe 89 00 7e fe 9c 00 00 00 00 00 00 00 00 00 00 00 00
00 00 00 00 00 00 00 00 00 64 fe bd 56 d2 fe e2 0f 00 00 00 00 00 00 00 00 00 00 00
00 00 00 00 00 00 00 00 00 06 9f fe fe c4 a9 fe 63 00 00 00 00 00 00 00 00 00 00 00
00 00 00 00 00 00 00 00 00 00 06 32 32 19 5a fe bf 05 00 00 00 00 00 00 00 00 00 00
00 00 00 00 00 00 00 00 00 00 00 00 00 00 09 b6 fe 46 00 00 00 00 00 00 00 00 00 00
00 00 00 00 00 00 00 00 00 00 00 00 00 00 00 53 f8 80 00 00 00 00 00 00 00 00 00 00
00 00 00 00 00 00 00 00 00 00 00 00 00 00 00 00 cd cf 05 00 00 00 00 00 00 00 00 00
00 00 00 00 00 00 00 00 00 00 00 00 00 00 00 00 89 fe 19 00 00 00 00 00 00 00 00 00
00 00 00 00 00 00 00 00 00 00 00 00 00 00 00 00 89 fe 47 00 00 00 00 00 00 00 00 00
00 00 00 00 00 00 00 00 00 00 00 00 00 00 00 00 89 fe 6c 00 00 00 00 00 00 00 00 00
00 00 00 00 00 00 00 00 00 00 00 00 00 00 00 00 89 fe 6c 00 00 00 00 00 00 00 00 00
00 00 00 00 00 00 00 00 00 00 45 dc c6 66 00 00 89 fe 6c 00 00 00 00 00 00 00 00 00
00 00 00 00 00 00 00 00 00 00 89 db d6 fc 81 24 a2 fe 6c 00 00 00 00 00 00 00 00 00
00 00 00 00 00 00 00 00 00 00 22 05 2c c7 fe fa fd eb 14 00 00 00 00 00 00 00 00 00
00 00 00 00 00 00 00 00 00 00 00 00 00 02 75 f2 fe 72 00 00 00 00 00 00 00 00 00 00
00 00 00 00 00 00 00 00 00 00 00 00 00 00 00 00 00 00 00 00 00 00 00 00 00 00 00 00
00 00 00 00 00 00 00 00 00 00 00 00 00 00 00 00 00 00 00 00 00 00 00 00 00 00 00 00
00 00 00 00 00 00 00 00 00 00 00 00 00 00 00 00 00 00 00 00 00 00 00 00 00 00 00 00
