00 00 00 00 00 00 00 00 00 00 00 00 00 00 00 00 00 00 00 00 00 00 00 00 00 00 00 00
00 00 00 00 00 00 00 00 00 00 00 00 00 00 00 00 00 00 00 00 00 00 00 00 00 00 00 00
00 00 00 00 00 00 00 00 00 00 00 00 00 00 00 00 00 00 00 00 00 00 00 00 00 00 00 00
00 00 00 00 00 00 00 00 00 00 00 00 00 00 00 00 00 00 00 00 00 00 00 00 00 00 00 00
00 00 00 00 00 00 00 00 00 00 00 00 00 00 00 00 00 00 00 00 00 00 00 00 00 00 00 00
00 00 00 00 00 00 00 00 00 00 00 00 00 00 00 00 00 00 00 00 00 00 00 00 00 00 00 00
00 00 00 00 00 00 00 00 00 00 00 00 00 00 00 00 00 00 00 00 00 00 00 00 00 00 00 00
00 00 00 00 00 00 00 00 00 00 00 00 00 00 32 82 d7 fe fe f5 62 00 00 00 00 00 00 00
00 00 00 00 00 00 00 00 00 00 00 00 31 b9 fa fd fd fd fd fd e8 00 00 00 00 00 00 00
00 00 00 00 00 00 00 00 00 00 00 51 f8 fe d7 8c 1a 2f 65 fd 99 00 00 00 00 00 00 00
00 00 00 00 00 00 00 00 00 06 7e f6 fd 75 0a 00 00 00 ab fd 91 39 00 00 00 00 00 00
00 00 00 00 00 00 00 00 00 48 fd fb 94 00 00 00 00 26 e8 fd fd 8d 00 00 00 00 00 00
00 00 00 00 00 00 00 00 00 ba fd 81 00 00 00 09 36 dc fd fd 99 0c 00 00 00 00 00 00
00 00 00 00 7d 06 00 00 00 c9 fd d7 8c ab 92 d0 fd fd fd 99 0d 00 00 00 00 00 00 00
00 00 00 00 15 00 00 00 00 76 d6 f7 eb ec 96 d8 fd fa 79 0d 00 00 00 00 00 00 00 00
00 00 00 00 00 00 00 00 00 00 00 30 00 00 58 f8 fb 70 00 00 00 00 00 00 00 00 00 00
00 00 00 00 00 00 00 00 00 00 00 00 00 74 fa fd 6e 00 00 00 00 00 00 00 00 00 00 00
00 00 00 00 00 00 00 00 00 00 00 00 74 ff fe 6c 00 00 00 00 00 00 00 00 00 00 00 00
00 00 00 00 00 00 00 00 00 00 00 76 fa fe 4d 01 00 00 00 00 00 00 00 00 00 00 00 00
00 00 00 00 00 00 00 00 00 07 a4 f8 fd 4e 01 00 00 00 00 00 00 00 00 00 00 00 00 00
00 00 00 00 00 00 00 00 00 7c fd e9 50 00 00 00 00 00 00 00 00 00 00 00 00 00 00 00
00 00 00 00 00 00 00 00 5b f6 eb 46 00 00 00 00 00 00 00 00 00 00 00 00 00 00 00 00
00 00 00 00 00 00 00 22 e7 ed 43 00 00 00 00 00 00 00 00 00 00 00 00 00 00 00 00 00
00 00 00 00 00 00 21 d8 e4 2f 00 00 00 00 00 00 00 00 00 00 00 00 00 00 00 00 00 00
00 00 00 00 00 05 d0 de 2f 00 00 00 00 00 00 00 00 00 00 00 00 00 00 00 00 00 00 00
00 00 00 00 03 9e e6 16 00 00 00 00 00 00 00 00 00 00 00 00 00 00 00 00 00 00 00 00
00 00 00 00 65 c9 2c 00 00 00 00 00 00 00 00 00 00 00 00 00 00 00 00 00 00 00 00 00
00 00 00 00 00 00 00 00 00 00 00 00 00 00 00 00 00 00 00 00 00 00 00 00 00 00 00 00
