00 00 00 00 00 00 00 00 00 00 00 00 00 00 00 00 00 00 00 00 00 00 00 00 00 00 00 00
00 00 00 00 00 00 00 00 00 00 00 00 00 00 00 00 00 00 00 00 00 00 00 00 00 00 00 00
00 00 00 00 00 00 00 00 00 00 00 00 00 00 00 00 00 00 00 00 00 00 00 00 00 00 00 00
00 00 00 00 00 00 00 00 00 00 00 00 00 00 00 00 00 00 00 00 00 00 00 00 00 00 00 00
00 00 00 00 00 00 00 00 00 00 00 00 00 00 00 00 00 00 00 00 00 00 00 00 00 00 00 00
00 00 00 00 00 00 00 00 00 00 00 00 00 00 00 00 00 00 00 00 00 00 00 00 00 00 00 00
00 00 00 00 00 00 00 00 00 00 00 00 00 10 aa fe ff fe c7 00 00 00 00 00 00 00 00 00
00 00 00 00 00 00 00 00 00 00 00 00 10 8c fe d7 ef fe e4 00 00 00 00 00 00 00 00 00
00 00 00 00 00 00 00 00 00 00 00 00 83 fe 84 04 46 fe e4 00 00 00 00 00 00 00 00 00
00 00 00 00 00 00 00 00 00 00 00 81 fc c9 0f 00 23 fe e4 00 00 00 00 00 00 00 00 00
00 00 00 00 00 00 00 00 00 00 00 e5 fe 28 00 00 17 ec f5 29 00 00 00 00 00 00 00 00
00 00 00 00 00 00 00 00 00 00 7f fc 87 03 00 00 55 fe cf 00 00 00 00 00 00 00 00 00
00 00 00 00 00 00 00 00 00 0f ed fe 1e 00 00 00 8c fe 5e 00 00 00 00 00 00 00 00 00
00 00 00 00 00 00 00 00 00 41 fe cc 04 00 00 00 cf fe 38 00 00 00 00 00 00 00 00 00
00 00 00 00 00 00 00 00 00 41 fe e3 10 00 00 22 f7 fe a0 c0 22 00 00 00 00 00 00 00
00 00 00 00 00 00 00 00 00 36 fa fe ad 37 58 cf fe fe fe b8 20 00 00 00 00 00 00 00
00 00 00 00 00 00 00 00 00 00 dc fe fe fe fe fe fe e1 3e 0a 00 00 00 00 00 00 00 00
00 00 00 00 00 00 00 00 00 00 30 d3 db f9 e6 fe fe 43 00 00 00 00 00 00 00 00 00 00
00 00 00 00 00 00 00 00 00 00 00 00 00 2d 5b fe ee 1c 00 00 00 00 00 00 00 00 00 00
00 00 00 00 00 00 00 00 00 00 00 00 00 00 a7 fe 8f 00 00 00 00 00 00 00 00 00 00 00
00 00 00 00 00 00 00 00 00 00 00 00 00 00 d8 fe 2f 00 00 00 00 00 00 00 00 00 00 00
00 00 00 00 00 00 00 00 00 00 00 00 00 2a f4 e1 0c 00 00 00 00 00 00 00 00 00 00 00
00 00 00 00 00 00 00 00 00 00 00 00 00 8a fe b5 00 00 00 00 00 00 00 00 00 00 00 00
00 00 00 00 00 00 00 00 00 00 00 00 00 dc fe 61 00 00 00 00 00 00 00 00 00 00 00 00
00 00 00 00 00 00 00 00 00 00 00 00 00 dc ed 1c 00 00 00 00 00 00 00 00 00 00 00 00
00 00 00 00 00 00 00 00 00 00 00 00 00 ae 53 00 00 00 00 00 00 00 00 00 00 00 00 00
00 00 00 00 00 00 00 00 00 00 00 00 00 00 00 00 00 00 00 00 00 00 00 00 00 00 00 00
00 00 00 00 00 00 00 00 00 00 00 00 00 00 00 00 00 00 00 00 00 00 00 00 00 00 00 00
