00 00 00 00 00 00 00 00 00 00 00 00 00 00 00 00 00 00 00 00 00 00 00 00 00 00 00 00
00 00 00 00 00 00 00 00 00 00 00 00 00 00 00 00 00 00 00 00 00 00 00 00 00 00 00 00
00 00 00 00 00 00 00 00 00 00 00 00 00 00 00 00 00 00 00 00 00 00 00 00 00 00 00 00
00 00 00 00 00 00 00 00 00 00 00 00 00 00 00 00 00 00 00 00 00 00 00 00 00 00 00 00
00 00 00 00 00 00 00 00 00 00 00 00 00 00 00 00 00 00 00 00 00 00 00 00 00 00 00 00
00 00 00 00 00 00 00 00 00 00 00 09 4c 8b 8a 30 00 00 00 00 00 00 00 00 00 00 00 00
00 00 00 00 00 00 00 16 1a 44 a1 c2 fc fd fc e3 a1 0f 00 00 00 00 00 00 00 00 00 00
00 00 00 31 b8 b8 b8 d7 de fc fc fc dd be fc fc fc 16 00 00 00 00 00 00 00 00 00 00
00 00 00 e9 fc fc fc fc fd fc b9 a0 58 05 7e fc fc 16 00 00 00 00 00 00 00 00 00 00
00 00 00 56 89 dd 9d 20 17 16 06 00 00 0b cb fc fc 16 00 00 00 00 00 00 00 00 00 00
00 00 00 00 00 00 00 00 00 00 00 00 0b ff fd d7 4a 00 00 00 00 00 00 00 00 00 00 00
00 00 00 00 00 00 00 00 00 00 00 11 c1 fd df 62 00 00 00 00 00 00 00 00 00 00 00 00
00 00 00 00 00 00 00 00 00 00 33 bc fc d7 43 00 00 00 00 00 00 00 00 00 00 00 00 00
00 00 00 00 00 00 00 00 00 11 d1 fc fc 3f 11 5d 11 00 00 00 00 00 00 00 00 00 00 00
00 00 00 00 00 00 00 00 16 ea fc fc fc f1 ea fc ea e6 e7 d1 74 15 00 00 00 00 00 00
00 00 00 00 00 00 00 00 18 fd fd fd f3 f2 e6 e6 ef fd ff fd fd fd 56 00 00 00 00 00
00 00 00 00 00 00 00 00 09 5c 5c 5c 32 2a 00 00 22 5c 5c 71 f0 fc 89 00 00 00 00 00
00 00 00 00 00 00 00 00 00 00 00 00 00 00 00 00 00 00 00 22 ea fc 89 00 00 00 00 00
00 00 00 00 00 00 00 00 00 00 00 00 00 00 00 00 00 00 00 1a dd fc bd 00 00 00 00 00
00 00 00 00 00 00 00 00 00 00 00 00 00 00 00 00 00 00 0b c1 fc d2 16 00 00 00 00 00
00 00 00 00 00 00 00 00 00 24 65 00 00 00 00 00 00 4a ff fd f7 5e 00 00 00 00 00 00
00 00 00 00 00 00 00 00 00 a1 e3 43 05 2f 2f 2f 8c f4 fd f4 62 00 00 00 00 00 00 00
00 00 00 00 00 00 00 00 00 41 ea fc be fd fc fc fc fc ad 38 00 00 00 00 00 00 00 00
00 00 00 00 00 00 00 00 00 00 41 c2 fc fd fc fc b0 38 00 00 00 00 00 00 00 00 00 00
00 00 00 00 00 00 00 00 00 00 00 09 80 17 16 16 04 00 00 00 00 00 00 00 00 00 00 00
00 00 00 00 00 00 00 00 00 00 00 00 00 00 00 00 00 00 00 00 00 00 00 00 00 00 00 00
00 00 00 00 00 00 00 00 00 00 00 00 00 00 00 00 00 00 00 00 00 00 00 00 00 00 00 00
00 00 00 00 00 00 00 00 00 00 00 00 00 00 00 00 00 00 00 00 00 00 00 00 00 00 00 00
