00 00 00 00 00 00 00 00 00 00 00 00 00 00 00 00 00 00 00 00 00 00 00 00 00 00 00 00
00 00 00 00 00 00 00 00 00 00 00 00 00 00 00 00 00 00 00 00 00 00 00 00 00 00 00 00
00 00 00 00 00 00 00 00 00 00 00 00 00 00 00 00 00 00 00 00 00 00 00 00 00 00 00 00
00 00 00 00 00 00 00 00 00 00 00 00 00 00 00 00 00 00 00 00 00 00 00 00 00 00 00 00
00 00 00 00 00 00 00 00 00 00 00 00 00 00 00 00 00 00 00 00 00 00 00 00 00 00 00 00
00 00 00 00 00 00 00 00 00 00 00 00 00 00 00 00 00 00 00 00 00 00 00 00 00 00 00 00
00 00 00 00 00 00 00 00 00 00 00 00 0b 30 ab e9 e8 e8 ae 00 00 00 00 00 00 00 00 00
00 00 00 00 00 00 00 00 00 00 00 30 9e fc fc fd cd bd d2 1c 00 16 75 8e 25 00 00 00
00 00 00 00 00 00 00 00 00 00 50 f2 fc fc d0 56 0b 00 1c 07 3e c7 fc fc eb 00 00 00
00 00 00 00 00 00 00 00 00 12 ff fd e8 9e 00 00 00 00 00 00 57 fd d6 ef fd 00 00 00
00 00 00 00 00 00 00 00 30 d8 fd fc 5b 00 00 00 00 00 00 00 0b 3f 15 e8 fc 00 00 00
00 00 00 00 00 00 00 14 ca fc aa 2f 02 00 00 00 00 00 00 00 00 00 4b fc f4 00 00 00
00 00 00 00 00 00 16 ca fc b6 00 00 00 00 00 00 00 00 00 00 00 00 99 fc 93 00 00 00
00 00 00 00 00 00 ad fc e2 2a 00 00 00 00 00 00 00 00 00 00 00 74 f9 e2 56 00 00 00
00 00 00 00 00 7b fd fd 80 00 00 00 00 00 00 00 00 00 00 00 a6 fd fd ac 00 00 00 00
00 00 00 00 00 fd fc 9d 15 00 00 00 00 00 00 00 00 00 16 80 fd fc 9d 15 00 00 00 00
00 00 00 00 00 fd fc 7e 00 00 00 00 00 00 00 00 00 0b 7c fc fa 98 13 00 00 00 00 00
00 00 00 00 00 fd fc 64 00 00 00 00 00 00 00 0b 63 d3 fc e2 46 00 00 00 00 00 00 00
00 00 00 00 00 fd fc 6d 00 00 00 00 00 1b 6a db fc fc 9b 18 00 00 00 00 00 00 00 00
00 00 00 00 00 ed fd fd fd a5 c1 94 c9 fd fd f7 b0 35 00 00 00 00 00 00 00 00 00 00
00 00 00 00 00 37 e7 fc fc fc fd fc fc e7 7c 35 00 00 00 00 00 00 00 00 00 00 00 00
00 00 00 00 00 00 10 4a 7e 7e 7f 5b 15 10 00 00 00 00 00 00 00 00 00 00 00 00 00 00
00 00 00 00 00 00 00 00 00 00 00 00 00 00 00 00 00 00 00 00 00 00 00 00 00 00 00 00
00 00 00 00 00 00 00 00 00 00 00 00 00 00 00 00 00 00 00 00 00 00 00 00 00 00 00 00
00 00 00 00 00 00 00 00 00 00 00 00 00 00 00 00 00 00 00 00 00 00 00 00 00 00 00 00
00 00 00 00 00 00 00 00 00 00 00 00 00 00 00 00 00 00 00 00 00 00 00 00 00 00 00 00
00 00 00 00 00 00 00 00 00 00 00 00 00 00 00 00 00 00 00 00 00 00 00 00 00 00 00 00
00 00 00 00 00 00 00 00 00 00 00 00 00 00 00 00 00 00 00 00 00 00 00 00 00 00 00 00
