00 00 00 00 00 00 00 00 00 00 00 00 00 00 00 00 00 00 00 00 00 00 00 00 00 00 00 00
00 00 00 00 00 00 00 00 00 00 00 00 00 00 00 00 00 00 00 00 00 00 00 00 00 00 00 00
00 00 00 00 00 00 00 00 00 00 00 00 00 00 00 00 00 00 00 00 00 00 00 00 00 00 00 00
00 00 00 00 00 00 00 00 00 06 aa 50 00 00 00 00 00 00 00 00 00 00 00 00 00 00 00 00
00 00 00 00 00 00 00 00 00 48 fe 93 00 00 00 00 00 00 00 00 00 00 00 00 00 00 00 00
00 00 00 00 00 00 00 00 0c a5 fe 7b 00 00 00 00 00 00 00 00 00 00 00 00 00 00 00 00
00 00 00 00 00 00 00 00 36 fe fe 1d 00 00 00 00 00 00 00 00 00 00 00 00 00 00 00 00
00 00 00 00 00 00 00 00 36 fe b5 06 00 00 00 00 00 22 32 00 00 00 00 00 00 00 00 00
00 00 00 00 00 00 00 00 36 fe a5 00 00 00 00 00 53 da f2 dc 2d 00 00 00 00 00 00 00
00 00 00 00 00 00 00 00 a7 fe a5 00 00 00 00 74 fc fe fe fe f8 58 00 00 00 00 00 00
00 00 00 00 00 00 00 00 ac fe a5 00 00 00 5b dd fe fe b4 77 fe ea 28 00 00 00 00 00
00 00 00 00 00 00 00 00 ac fe a5 00 00 04 b0 fe fe ef 13 05 a8 fe 47 00 00 00 00 00
00 00 00 00 00 00 00 00 ac fe a5 00 00 34 fe ff fe 4d 00 00 09 c1 63 00 00 00 00 00
00 00 00 00 00 00 00 00 ac fe ea 17 00 8e fe fe c3 0a 00 00 00 a6 bd 00 00 00 00 00
00 00 00 00 00 00 00 00 80 fe fe 80 03 b8 fe ff 4e 00 00 00 00 a6 f4 2d 00 00 00 00
00 00 00 00 00 00 00 00 36 fe fe 93 06 fe fe e4 21 00 00 00 00 a6 fe 35 00 00 00 00
00 00 00 00 00 00 00 00 34 fb fe ca 17 fe fe c3 00 00 00 00 10 d4 dd 1a 00 00 00 00
00 00 00 00 00 00 00 00 00 71 f9 fe fe fe fe c3 00 00 00 00 64 fe af 00 00 00 00 00
00 00 00 00 00 00 00 00 00 00 ba fe fe fe fe ad 00 00 00 03 a8 f6 3a 00 00 00 00 00
00 00 00 00 00 00 00 00 00 00 19 cb fe fe fe 6b 00 00 1e 82 fe cf 00 00 00 00 00 00
00 00 00 00 00 00 00 00 00 00 00 49 d4 fe fe f2 ca ca e1 fe ce 54 00 00 00 00 00 00
00 00 00 00 00 00 00 00 00 00 00 00 17 fe fe fe fe fe fe f4 0f 00 00 00 00 00 00 00
00 00 00 00 00 00 00 00 00 00 00 00 04 ca fe ab 87 5c 11 10 00 00 00 00 00 00 00 00
00 00 00 00 00 00 00 00 00 00 00 00 00 00 00 00 00 00 00 00 00 00 00 00 00 00 00 00
00 00 00 00 00 00 00 00 00 00 00 00 00 00 00 00 00 00 00 00 00 00 00 00 00 00 00 00
00 00 00 00 00 00 00 00 00 00 00 00 00 00 00 00 00 00 00 00 00 00 00 00 00 00 00 00
00 00 00 00 00 00 00 00 00 00 00 00 00 00 00 00 00 00 00 00 00 00 00 00 00 00 00 00
00 00 00 00 00 00 00 00 00 00 00 00 00 00 00 00 00 00 00 00 00 00 00 00 00 00 00 00
