00 00 00 00 00 00 00 00 00 00 00 00 00 00 00 00 00 00 00 00 00 00 00 00 00 00 00 00
00 00 00 00 00 00 00 00 00 00 00 00 00 00 00 00 00 00 00 00 00 00 00 00 00 00 00 00
00 00 00 00 00 00 00 00 00 00 00 00 00 00 00 00 00 00 00 00 00 00 00 00 00 00 00 00
00 00 00 00 00 00 00 00 00 00 00 00 00 00 00 00 00 00 00 00 00 00 00 00 00 00 00 00
00 00 00 00 00 00 00 00 00 00 00 00 00 00 00 00 00 00 00 00 00 00 00 00 00 00 00 00
00 00 00 00 00 00 00 00 00 00 00 00 00 00 00 00 00 00 00 00 00 00 13 46 3f 00 00 00
00 00 00 00 00 00 00 00 00 00 00 00 00 00 00 00 00 00 00 00 00 00 99 fd f2 26 00 00
00 00 00 00 00 00 00 00 00 00 00 00 00 00 00 00 00 00 00 00 00 09 ed f8 dd 0d 00 00
00 00 00 00 00 00 00 00 00 00 00 00 00 00 00 00 00 00 00 00 00 9f fe 8b 19 00 00 00
00 00 00 00 00 00 00 00 00 00 00 0d 70 80 00 00 00 00 00 00 6c fe ec 32 00 00 00 00
00 00 00 00 00 00 00 00 00 00 6a e2 fd ec 00 00 00 00 00 2b e8 fd 86 00 00 00 00 00
00 00 00 00 00 00 00 00 03 7d fe fd c0 58 00 00 00 00 07 d8 fd 87 11 00 00 00 00 00
00 00 00 00 00 00 00 00 9d fd fe 97 0d 00 00 00 00 00 aa fd ec 13 00 00 00 00 00 00
00 00 00 00 00 00 00 51 ed fe 97 09 00 00 00 00 00 55 fe fe 50 00 00 00 00 00 00 00
00 00 00 00 00 00 37 f3 fd b9 09 00 00 00 00 00 26 f7 fe 6e 04 00 00 00 00 00 00 00
00 00 00 00 00 00 ed fd ea 0d 00 00 00 00 00 1e d4 fd 92 04 00 00 00 00 00 00 00 00
00 00 00 00 00 00 fe fd f6 76 5d 4c 00 44 5d b4 fd fd b9 a7 11 00 00 00 00 00 00 00
00 00 00 00 00 00 77 f8 fe fe ff fe fe fe fe fe fe cb 5d 09 00 00 00 00 00 22 00 00
00 00 00 00 00 00 00 15 6b ce cf be 80 fd fe e3 49 06 00 00 00 00 00 00 00 00 00 00
00 00 00 00 00 00 00 00 00 00 00 00 6c fd f7 79 00 00 00 00 00 00 00 00 00 00 00 00
00 00 00 00 00 00 00 00 00 00 00 44 f0 fd 97 00 00 00 00 00 00 00 00 00 00 00 00 00
00 00 00 00 00 00 00 00 00 00 2d cc fe 88 00 00 00 00 00 00 00 00 00 00 00 00 00 00
00 00 00 00 00 00 00 00 00 11 d4 f4 9c 06 00 00 00 00 00 00 00 00 00 00 00 00 00 00
00 00 00 00 00 00 00 00 00 33 e6 79 00 00 00 00 00 00 00 00 00 00 00 00 00 00 00 00
00 00 00 00 00 00 00 00 00 00 00 00 00 00 00 00 00 00 00 00 00 00 00 00 00 00 00 00
00 00 00 00 00 00 00 00 00 00 00 00 00 00 00 00 00 00 00 00 00 00 00 00 00 00 00 00
00 00 00 00 00 00 00 00 00 00 00 00 00 00 00 00 00 00 00 00 00 00 00 00 00 00 00 00
00 00 00 00 00 00 00 00 00 00 00 00 00 00 00 00 00 00 00 00 00 00 00 00 00 00 00 00
