00 00 00 00 00 00 00 00 00 00 00 00 00 00 00 00 00 00 00 00 00 00 00 00 00 00 00 00
00 00 00 00 00 00 00 00 00 00 00 00 00 00 00 00 00 00 00 00 00 00 00 00 00 00 00 00
00 00 00 00 00 00 00 00 00 00 00 00 00 00 00 00 00 00 00 00 00 00 00 00 00 00 00 00
00 00 00 00 00 00 00 00 00 00 00 00 00 00 00 00 00 00 00 00 00 00 00 00 00 00 00 00
00 00 00 00 00 00 00 00 00 00 00 00 00 00 00 00 00 00 00 00 00 00 00 00 00 00 00 00
00 00 00 00 00 00 00 00 00 00 00 00 00 00 00 00 00 00 00 00 00 00 00 00 00 00 00 00
00 00 00 00 00 00 00 00 00 00 00 00 2c bf fe b0 65 10 00 00 00 00 00 00 00 00 00 00
00 00 00 00 00 00 00 00 00 00 00 00 4e fc fd fc fc d4 b0 5a 43 37 00 00 00 00 00 00
00 00 00 00 00 00 00 00 00 00 00 00 2f c4 9a de fc fc fc fc fc f5 af 0d 00 00 00 00
00 00 00 00 00 00 00 00 00 00 00 00 00 05 00 07 36 81 e6 ee fc fc fc 21 00 00 00 00
00 00 00 00 00 00 00 00 00 00 00 00 00 00 00 00 00 00 00 71 fc fc ca 0c 00 00 00 00
00 00 00 00 00 00 00 00 00 00 00 00 00 00 00 00 00 00 52 f1 fc ed 42 00 00 00 00 00
00 00 00 00 00 00 00 00 00 00 00 00 00 00 00 00 00 1a f5 fc fc 97 00 00 00 00 00 00
00 00 00 00 00 00 00 00 00 00 00 00 00 00 00 00 3d ce fc fc 9a 00 00 00 00 00 00 00
00 00 00 00 00 00 00 00 00 00 00 00 00 00 00 83 d5 fc fc 99 06 00 00 00 00 00 00 00
00 00 00 00 00 00 00 00 00 00 00 00 00 00 ad f3 fc f3 77 07 00 00 00 00 00 00 00 00
00 00 00 00 00 00 00 00 00 00 00 00 3b bf ff fd f0 6a 00 00 00 00 00 00 00 00 00 00
00 00 00 00 00 00 00 00 00 00 00 3c e9 fc fd ce 42 00 00 00 00 00 00 00 00 00 00 00
00 00 00 00 00 00 00 00 00 00 90 ec fc fc 8b 0d 00 00 00 00 00 00 00 00 00 00 00 00
00 00 00 00 00 00 00 00 27 ab fb fc ec 57 00 00 00 00 00 00 00 00 00 00 00 00 00 00
00 00 00 00 00 00 00 27 de fc fa 82 17 00 00 00 00 00 00 00 00 00 00 00 00 00 00 00
00 00 00 00 00 00 4a de fc fc 45 00 00 00 00 00 00 00 00 00 00 00 00 00 00 00 00 00
00 00 00 00 00 20 e6 fc e2 5d 02 00 00 00 00 00 00 00 00 00 00 00 00 00 00 00 00 00
00 00 00 00 06 93 fc e5 73 00 00 00 00 00 00 00 00 00 00 00 00 00 00 00 00 00 00 00
00 00 00 00 22 fc fc 79 00 00 00 00 00 00 00 00 00 00 00 00 00 00 00 00 00 00 00 00
00 00 00 00 13 ab fc 79 00 00 00 00 00 00 00 00 00 00 00 00 00 00 00 00 00 00 00 00
00 00 00 00 00 00 00 00 00 00 00 00 00 00 00 00 00 00 00 00 00 00 00 00 00 00 00 00
00 00 00 00 00 00 00 00 00 00 00 00 00 00 00 00 00 00 00 00 00 00 00 00 00 00 00 00
