00 00 00 00 00 00 00 00 00 00 00 00 00 00 00 00 00 00 00 00 00 00 00 00 00 00 00 00
00 00 00 00 00 00 00 00 00 00 00 00 00 00 00 00 00 00 00 00 00 00 00 00 00 00 00 00
00 00 00 00 00 00 00 00 00 00 00 00 00 00 00 00 00 00 00 00 00 00 00 00 00 00 00 00
00 00 00 00 00 00 00 00 00 00 00 00 00 00 00 00 00 00 00 00 00 00 00 00 00 00 00 00
00 00 00 00 00 00 00 00 00 00 bc ff a0 0e 00 00 00 00 00 00 00 00 00 00 00 00 00 00
00 00 00 00 00 00 00 00 00 00 e2 fd fd e6 77 24 14 00 00 00 00 00 00 00 00 00 00 00
00 00 00 00 00 00 00 00 00 00 2b e6 fd fd fd fd d9 70 30 00 00 00 00 00 00 00 00 00
00 00 00 00 00 00 00 00 00 00 00 24 96 fd fd fd fd fd f6 71 14 00 00 00 00 00 00 00
00 00 00 00 00 00 00 00 00 00 00 00 08 4a bf fd fd fd fd fd dc 55 00 00 00 00 00 00
00 00 00 00 00 00 00 00 00 00 00 00 00 00 09 1d 52 98 fd fd fd cd 0f 00 00 00 00 00
00 00 00 00 00 00 00 00 00 00 00 00 00 00 00 03 3b b9 fd fd fd ab 02 00 00 00 00 00
00 00 00 00 00 00 00 00 00 00 01 18 18 34 8e b8 fd fd fd fd ce 17 00 00 00 00 00 00
00 00 00 00 00 00 1d 2a 8a a0 a2 fd fd fd fd fd fd fd fd b0 26 00 00 00 00 00 00 00
00 00 00 00 00 19 e5 fd fd fd fd fd fd fd fd fd fd fd fd fd a8 28 00 00 00 00 00 00
00 00 00 00 00 19 e4 fd fd fd fd fd fd fd e6 cd db fc fd fd fd ea 1b 00 00 00 00 00
00 00 00 00 00 00 1c 60 29 29 29 29 29 29 1d 10 17 28 37 9e e3 fd ab 07 00 00 00 00
00 00 00 00 00 00 00 00 00 00 00 00 00 00 00 00 00 00 00 00 b7 fd fd 11 00 00 00 00
00 00 00 00 00 00 00 00 00 00 00 00 00 00 00 00 00 00 00 56 db fd fd 11 00 00 00 00
00 00 00 00 00 00 00 00 00 00 00 00 00 00 00 00 00 10 63 d9 fd fd f2 0f 00 00 00 00
00 00 00 00 00 00 00 00 00 00 00 00 00 0c 30 30 65 d3 fd fd fd ee 45 00 00 00 00 00
00 00 00 00 00 00 2d 11 00 00 3f 4d b7 c8 fd fd fd fd fd d3 9e 30 00 00 00 00 00 00
00 00 00 00 06 9b ec d6 c9 c9 fb fd fd fd fd fd fd f9 66 13 00 00 00 00 00 00 00 00
00 00 00 00 12 fd fd fd fd fd fd fd fd fd df 99 65 21 00 00 00 00 00 00 00 00 00 00
00 00 00 00 0a cf fd fd fd 94 87 7d 49 11 0c 00 00 00 00 00 00 00 00 00 00 00 00 00
00 00 00 00 00 00 00 00 00 00 00 00 00 00 00 00 00 00 00 00 00 00 00 00 00 00 00 00
00 00 00 00 00 00 00 00 00 00 00 00 00 00 00 00 00 00 00 00 00 00 00 00 00 00 00 00
00 00 00 00 00 00 00 00 00 00 00 00 00 00 00 00 00 00 00 00 00 00 00 00 00 00 00 00
00 00 00 00 00 00 00 00 00 00 00 00 00 00 00 00 00 00 00 00 00 00 00 00 00 00 00 00
