00 00 00 00 00 00 00 00 00 00 00 00 00 00 00 00 00 00 00 00 00 00 00 00 00 00 00 00
00 00 00 00 00 00 00 00 00 00 00 00 00 00 00 00 00 00 00 00 00 00 00 00 00 00 00 00
00 00 00 00 00 00 00 00 00 00 00 00 00 00 00 00 00 00 00 00 00 00 00 00 00 00 00 00
00 00 00 00 00 00 00 00 00 00 00 00 00 00 00 00 00 00 00 00 00 00 00 00 00 00 00 00
00 00 00 00 00 00 00 00 00 00 00 00 00 00 00 00 00 00 00 00 00 00 00 00 00 00 00 00
00 00 00 00 00 00 00 00 00 00 00 c7 66 14 14 14 14 05 00 00 00 00 00 00 00 00 00 00
00 00 00 00 00 00 00 00 00 00 00 ea fd fe fd fd fd c1 b0 af 6c 06 00 00 00 00 00 00
00 00 00 00 00 00 00 00 00 00 00 21 bf ee fd fd fd fd fe fd fd b7 2f 00 00 00 00 00
00 00 00 00 00 00 00 00 00 00 00 00 00 24 3a 3a 3a 85 9b c8 fd fd 9b 00 00 00 00 00
00 00 00 00 00 00 00 00 00 00 00 00 00 00 00 00 00 00 00 00 75 fe d8 00 00 00 00 00
00 00 00 00 00 00 00 00 00 00 00 00 00 00 00 00 00 00 00 00 7c fd f5 00 00 00 00 00
00 00 00 00 00 00 00 00 00 00 00 00 00 00 00 00 00 00 00 07 c7 fd 9b 00 00 00 00 00
00 00 00 00 00 00 00 00 00 00 00 00 00 00 00 00 00 00 0a a8 fd e7 38 00 00 00 00 00
00 00 00 00 00 00 00 00 00 00 00 00 00 00 00 1f 62 62 ab fd fd 4f 00 00 00 00 00 00
00 00 00 00 00 00 00 00 00 00 00 00 17 78 c9 fe fe fe ff fe cd 08 00 00 00 00 00 00
00 00 00 00 00 00 00 00 00 00 00 6d cf fe fd fd fd fd f1 fa f1 93 0c 00 00 00 00 00
00 00 00 00 00 00 00 00 4f 74 92 f7 fd df d7 fd f0 89 1e 4a ae cd 6c 00 00 00 00 00
00 00 00 00 00 00 5a ae fe fa d5 73 60 f6 fd f0 44 00 00 00 00 08 00 00 00 00 00 00
00 00 00 00 00 63 f8 fd c1 6a 44 c5 fd fe c8 28 00 00 00 00 00 00 00 00 00 00 00 00
00 00 00 0e ba fe fe d8 9c c9 fe fe d0 4c 00 00 00 00 00 00 00 00 00 00 00 00 00 00
00 00 00 95 fd fd fd fd fe fb a5 53 09 00 00 00 00 00 00 00 00 00 00 00 00 00 00 00
00 00 00 df fd fd fd fd 98 48 00 00 00 00 00 00 00 00 00 00 00 00 00 00 00 00 00 00
00 00 00 0c 66 75 1a 13 00 00 00 00 00 00 00 00 00 00 00 00 00 00 00 00 00 00 00 00
00 00 00 00 00 00 00 00 00 00 00 00 00 00 00 00 00 00 00 00 00 00 00 00 00 00 00 00
00 00 00 00 00 00 00 00 00 00 00 00 00 00 00 00 00 00 00 00 00 00 00 00 00 00 00 00
00 00 00 00 00 00 00 00 00 00 00 00 00 00 00 00 00 00 00 00 00 00 00 00 00 00 00 00
00 00 00 00 00 00 00 00 00 00 00 00 00 00 00 00 00 00 00 00 00 00 00 00 00 00 00 00
00 00 00 00 00 00 00 00 00 00 00 00 00 00 00 00 00 00 00 00 00 00 00 00 00 00 00 00
