00 00 00 00 00 00 00 00 00 00 00 00 00 00 00 00 00 00 00 00 00 00 00 00 00 00 00 00
00 00 00 00 00 00 00 00 00 00 00 00 00 00 00 00 00 00 00 00 00 00 00 00 00 00 00 00
00 00 00 00 00 00 00 00 00 00 00 00 00 00 00 00 00 00 00 00 00 00 00 00 00 00 00 00
00 00 00 00 00 00 00 00 00 00 00 00 00 00 00 00 00 00 00 00 00 00 00 00 00 00 00 00
00 00 00 00 00 00 00 00 00 00 00 00 00 00 00 00 00 00 00 00 00 00 00 00 00 00 00 00
00 00 00 00 00 00 00 00 00 00 00 00 3f 72 ee fd fd fd ff 1b 00 00 00 00 00 00 00 00
00 00 00 00 00 00 00 00 00 00 62 e1 f0 fd fc fc fc fc fd e4 e1 82 26 00 00 00 00 00
00 00 00 1a 06 00 00 00 00 43 f0 fc fc fd fc fc fc fc fd fc fc fc 70 00 00 00 00 00
00 00 00 65 18 00 00 00 00 1c 79 f9 ef fd ec cc 70 bd fd fc fc d9 25 00 00 00 00 00
00 00 00 00 00 00 00 00 00 00 19 63 3f 70 32 9f fc fc fd fc dc 25 00 00 00 00 00 00
00 00 00 00 00 00 00 00 00 00 00 00 3f 72 ee fd fd fd ff 98 6e 00 00 00 00 00 00 00
00 00 00 00 00 00 00 00 00 00 13 65 f0 fd fc fc fc cc 6a 03 00 00 00 00 00 00 00 00
00 00 00 00 00 00 00 00 00 00 a6 fc fc fd fc b0 37 19 00 00 00 00 00 00 00 00 00 00
00 00 00 00 00 00 00 00 00 00 b5 fc fc fd fc 9b 1a 00 00 00 00 00 00 00 00 00 00 00
00 00 00 00 00 00 00 00 00 00 19 70 70 ae fc fc ef 3f 00 00 00 00 00 00 00 00 00 00
00 00 00 00 00 00 00 00 00 00 00 00 00 00 7e e5 fd fd 72 0c 00 00 00 00 00 00 00 00
00 00 00 00 00 00 00 00 00 00 00 00 00 00 00 35 b1 fc fd 1b 00 00 00 00 00 00 00 00
00 00 00 00 00 00 00 00 00 00 00 00 00 00 00 00 16 e3 fd 88 00 00 00 00 00 00 00 00
00 00 00 00 00 00 00 00 00 00 00 00 00 00 00 00 13 d7 fd 59 00 00 00 00 00 00 00 00
00 00 00 00 00 00 00 00 00 00 00 00 00 00 00 00 6b fc fd a7 00 00 00 00 00 00 00 00
00 00 00 00 00 00 5c fd ff 1b 00 00 3f 72 71 de fd fd cc 0f 00 00 00 00 00 00 00 00
00 00 00 00 00 33 f3 fc fd 67 55 b2 f0 fd fc fc fc fc 5e 00 00 00 00 00 00 00 00 00
00 00 00 00 00 0d 9b fc fd fc fc fc fc fd fc ef b4 37 00 00 00 00 00 00 00 00 00 00
00 00 00 00 00 00 1a ef fd fc fc f9 df e1 63 41 00 00 00 00 00 00 00 00 00 00 00 00
00 00 00 00 00 00 00 3f ae fc 8d 63 00 00 00 00 00 00 00 00 00 00 00 00 00 00 00 00
00 00 00 00 00 00 00 00 00 00 00 00 00 00 00 00 00 00 00 00 00 00 00 00 00 00 00 00
00 00 00 00 00 00 00 00 00 00 00 00 00 00 00 00 00 00 00 00 00 00 00 00 00 00 00 00
00 00 00 00 00 00 00 00 00 00 00 00 00 00 00 00 00 00 00 00 00 00 00 00 00 00 00 00
