00 00 00 00 00 00 00 00 00 00 00 00 00 00 00 00 00 00 00 00 00 00 00 00 00 00 00 00
00 00 00 00 00 00 00 00 00 00 00 00 00 00 00 00 00 00 00 00 00 00 00 00 00 00 00 00
00 00 00 00 00 00 00 00 00 00 00 00 00 00 00 00 00 26 e9 fd 00 00 00 00 00 00 00 00
00 00 00 00 00 00 00 00 00 00 00 00 00 00 00 00 1e 9b eb 99 00 00 00 00 00 00 00 00
00 00 00 00 00 00 00 00 00 00 00 00 00 00 00 31 e4 aa 2c 00 00 00 00 00 00 00 00 00
00 00 00 00 00 00 00 00 00 00 00 00 00 00 55 e9 ac 0d 00 00 00 00 00 00 00 00 00 00
00 00 00 00 00 00 00 00 00 00 00 00 00 88 fa b4 08 00 00 00 00 00 00 00 00 00 00 00
00 00 00 00 00 00 00 00 00 00 00 00 31 e9 f3 00 00 00 00 00 00 00 00 00 00 00 00 00
00 00 00 00 00 00 00 00 00 00 00 00 b8 fc 40 00 00 00 00 00 00 00 00 00 00 00 00 00
00 00 00 00 00 00 00 00 00 00 00 0d cb b9 06 00 00 00 00 00 00 00 00 00 00 00 00 00
00 00 00 00 00 00 00 00 00 00 00 2f fc 77 00 00 00 00 00 00 00 00 00 00 00 00 00 00
00 00 00 00 00 00 00 00 00 00 00 97 dd 19 00 00 00 00 00 00 00 00 00 00 00 00 00 00
00 00 00 00 00 00 00 00 00 00 18 fd b8 00 00 00 00 00 00 00 00 00 00 00 00 00 00 00
00 00 00 00 00 00 00 00 00 00 18 fc 6e 00 00 00 00 00 00 00 00 00 00 00 00 00 00 00
00 00 00 00 00 00 00 00 00 00 18 fc 45 39 7a b9 b8 b8 b8 50 00 00 00 00 00 00 00 00
00 00 00 00 00 00 00 00 00 00 18 fc db f4 fc fd fc fc fc fc 5f 00 00 00 00 00 00 00
00 00 00 00 00 00 00 00 00 00 4c fc fc fc 93 4b 16 36 b3 fc 74 00 00 00 00 00 00 00
00 00 00 00 00 00 00 00 00 40 ff fd de 19 00 00 00 00 33 f3 dd 00 00 00 00 00 00 00
00 00 00 00 00 00 00 00 00 bd da ad fc 77 00 00 00 0d ae fc 74 00 00 00 00 00 00 00
00 00 00 00 00 00 00 00 00 e6 92 22 ea e3 83 46 46 ac fc dd 20 00 00 00 00 00 00 00
00 00 00 00 00 00 00 00 00 5e 92 00 76 ec fc fd fc fc da 23 00 00 00 00 00 00 00 00
00 00 00 00 00 00 00 00 00 00 00 00 00 3d 89 94 b2 6a 0e 00 00 00 00 00 00 00 00 00
00 00 00 00 00 00 00 00 00 00 00 00 00 00 00 00 00 00 00 00 00 00 00 00 00 00 00 00
00 00 00 00 00 00 00 00 00 00 00 00 00 00 00 00 00 00 00 00 00 00 00 00 00 00 00 00
00 00 00 00 00 00 00 00 00 00 00 00 00 00 00 00 00 00 00 00 00 00 00 00 00 00 00 00
00 00 00 00 00 00 00 00 00 00 00 00 00 00 00 00 00 00 00 00 00 00 00 00 00 00 00 00
00 00 00 00 00 00 00 00 00 00 00 00 00 00 00 00 00 00 00 00 00 00 00 00 00 00 00 00
00 00 00 00 00 00 00 00 00 00 00 00 00 00 00 00 00 00 00 00 00 00 00 00 00 00 00 00
