00 00 00 00 00 00 00 00 00 00 00 00 00 00 00 00 00 00 00 00 00 00 00 00 00 00 00 00
00 00 00 00 00 00 00 00 00 00 00 00 00 00 00 00 00 00 00 00 00 00 00 00 00 00 00 00
00 00 00 00 00 00 00 00 00 00 00 00 00 00 00 00 00 00 00 00 00 00 00 00 00 00 00 00
00 00 00 00 00 00 00 00 00 00 00 00 00 00 00 00 00 00 00 00 00 00 00 00 00 00 00 00
00 00 00 00 00 00 00 00 00 00 00 00 00 05 37 b4 fd 8b 3d 00 00 00 00 00 00 00 00 00
00 00 00 00 00 00 00 00 00 00 00 00 05 54 fc fc fc fd ec 76 00 00 00 00 00 00 00 00
00 00 00 00 00 00 00 00 00 00 00 00 57 fc fc c3 4f 45 ba d7 15 00 00 00 00 00 00 00
00 00 00 00 00 00 00 00 00 00 00 2b fd fc b9 1d 00 00 32 75 00 00 00 00 00 00 00 00
00 00 00 00 00 00 00 00 00 00 00 3f fd fc 79 00 00 00 00 00 00 00 00 00 00 00 00 00
00 00 00 00 00 00 00 00 00 00 00 74 ff e8 5a 00 00 00 00 00 13 18 18 61 8a 2c 0d 00
00 00 00 00 00 00 00 00 00 00 00 a8 fd e7 25 00 00 00 1e 82 ec fc fd fc fc eb 71 00
00 00 00 00 00 00 00 00 00 00 00 54 fd e7 45 00 20 b9 e4 fc fc bd 7a 45 45 2c 00 00
00 00 00 00 00 00 00 00 00 00 00 35 fd fc 82 4c e4 fd fc 99 2d 04 00 00 00 00 00 00
00 00 00 00 00 00 00 00 00 00 00 35 fd fc f6 ee fc b4 16 06 00 00 00 00 00 00 00 00
00 00 00 00 00 00 00 00 00 00 00 00 95 fd fd f5 49 00 00 00 00 00 00 00 00 00 00 00
00 00 00 00 00 00 00 00 00 00 11 2f fd fc fc ca 0b 00 00 00 00 00 00 00 00 00 00 00
00 00 00 00 00 00 00 00 00 33 88 fc f7 e3 fc e3 11 00 00 00 00 00 00 00 00 00 00 00
00 00 00 00 00 00 00 00 11 d1 fc fc bc 2e dd fc 75 00 00 00 00 00 00 00 00 00 00 00
00 00 00 00 00 00 00 00 1a dd fc c8 3f 05 89 fc bd 00 00 00 00 00 00 00 00 00 00 00
00 00 00 00 00 00 00 00 4e de fd 80 00 00 7b fd fd 0b 00 00 00 00 00 00 00 00 00 00
00 00 00 00 00 00 00 0f b2 fc 8c 08 00 00 8e fc fc 3f 00 00 00 00 00 00 00 00 00 00
00 00 00 00 00 00 00 46 e3 fc 84 46 46 8e ea fc a8 20 00 00 00 00 00 00 00 00 00 00
00 00 00 00 00 00 00 0b a1 fc fc fc fd fc fc b0 19 00 00 00 00 00 00 00 00 00 00 00
00 00 00 00 00 00 00 00 4e dd fc fc f3 bd 36 0e 00 00 00 00 00 00 00 00 00 00 00 00
00 00 00 00 00 00 00 00 00 00 00 00 00 00 00 00 00 00 00 00 00 00 00 00 00 00 00 00
00 00 00 00 00 00 00 00 00 00 00 00 00 00 00 00 00 00 00 00 00 00 00 00 00 00 00 00
00 00 00 00 00 00 00 00 00 00 00 00 00 00 00 00 00 00 00 00 00 00 00 00 00 00 00 00
00 00 00 00 00 00 00 00 00 00 00 00 00 00 00 00 00 00 00 00 00 00 00 00 00 00 00 00
