00 00 00 00 00 00 00 00 00 00 00 00 00 00 00 00 00 00 00 00 00 00 00 00 00 00 00 00
00 00 00 00 00 00 00 00 00 00 00 00 00 00 00 00 00 00 00 00 00 00 00 00 00 00 00 00
00 00 00 00 00 00 00 00 00 00 00 00 00 00 00 00 00 00 00 00 00 00 00 00 00 00 00 00
00 00 00 00 00 00 00 00 00 00 00 b0 fd 38 00 00 00 00 00 00 00 00 00 00 00 00 00 00
00 00 00 00 00 00 00 00 00 1a e1 fd b0 06 00 00 00 00 00 00 00 00 00 00 00 00 00 00
00 00 00 00 00 00 00 00 00 1d fc fd 88 00 00 00 00 00 00 00 00 00 00 00 00 00 00 00
00 00 00 00 00 00 00 00 00 6b fc fd 1b 00 00 00 00 00 00 00 00 00 00 00 00 00 00 00
00 00 00 00 00 00 00 00 00 6b fc fd 1b 00 00 00 00 00 00 00 00 00 00 00 00 00 00 00
00 00 00 00 00 00 00 00 39 fd fd ff 80 90 fd fd ff 80 58 00 00 00 00 00 00 00 00 00
00 00 00 00 00 00 00 00 39 fc fc fd fc fc fc fc fd fc f6 e1 92 00 00 00 00 00 00 00
00 00 00 00 00 00 00 00 58 fc fc c4 c3 a4 37 37 38 b4 ef fc fc 87 06 00 00 00 00 00
00 00 00 00 00 00 00 00 c5 fc 9d 00 00 00 00 00 00 00 42 b1 ef fd 2b 00 00 00 00 00
00 00 00 00 00 00 00 00 c5 fc 70 00 00 00 00 00 00 00 00 00 8c fd d6 1f 00 00 00 00
00 00 00 00 00 00 00 26 de fd 70 00 00 00 00 00 00 00 00 00 4f ff fd c4 00 00 00 00
00 00 00 00 00 00 00 55 fc fc 70 00 00 00 00 00 00 00 00 00 00 ce fc c3 00 00 00 00
00 00 00 00 00 00 00 55 fc fc 70 00 00 00 00 00 00 00 00 00 00 71 fc c3 00 00 00 00
00 00 00 00 00 00 00 55 fc fc 70 00 00 00 00 00 00 00 00 00 00 71 fc c3 00 00 00 00
00 00 00 00 00 00 00 55 fc fc 70 00 00 00 00 00 00 00 00 00 00 71 fc c3 00 00 00 00
00 00 00 00 00 00 00 30 e5 fd ae 00 00 00 00 00 00 00 00 00 3f b0 fd c4 00 00 00 00
00 00 00 00 00 00 00 00 96 fc fc a3 09 00 00 00 00 00 13 65 f0 fd fc 94 00 00 00 00
00 00 00 00 00 00 00 00 39 fc fc fd cb 77 c5 c5 c6 c5 d1 fc fc fd 9a 0c 00 00 00 00
00 00 00 00 00 00 00 00 13 63 ef fd fc fc fc fc fd fc fc f9 df 54 09 00 00 00 00 00
00 00 00 00 00 00 00 00 00 00 3f ae fc fc fc fc 70 70 70 63 00 00 00 00 00 00 00 00
00 00 00 00 00 00 00 00 00 00 00 00 00 00 00 00 00 00 00 00 00 00 00 00 00 00 00 00
00 00 00 00 00 00 00 00 00 00 00 00 00 00 00 00 00 00 00 00 00 00 00 00 00 00 00 00
00 00 00 00 00 00 00 00 00 00 00 00 00 00 00 00 00 00 00 00 00 00 00 00 00 00 00 00
00 00 00 00 00 00 00 00 00 00 00 00 00 00 00 00 00 00 00 00 00 00 00 00 00 00 00 00
00 00 00 00 00 00 00 00 00 00 00 00 00 00 00 00 00 00 00 00 00 00 00 00 00 00 00 00
