00 00 00 00 00 00 00 00 00 00 00 00 00 00 00 00 00 00 00 00 00 00 00 00 00 00 00 00
00 00 00 00 00 00 00 00 00 00 00 00 00 00 00 00 00 00 00 00 00 00 00 00 00 00 00 00
00 00 00 00 00 00 00 00 00 00 00 00 00 00 00 00 00 00 00 00 00 00 00 00 00 00 00 00
00 00 00 00 00 00 00 00 00 00 00 00 00 00 00 00 00 00 00 00 00 00 00 00 00 00 00 00
00 00 00 00 00 00 00 00 00 05 0d 7b 85 c6 ff ff ad 26 00 00 00 00 00 00 00 00 00 00
00 00 00 00 00 00 00 00 36 b5 fd fd fd fe fd fd fd b0 2e 00 00 00 00 00 00 00 00 00
00 00 00 00 00 00 00 00 c2 fd fd fd da 9a 60 b0 fd fd b4 00 00 00 00 00 00 00 00 00
00 00 00 00 00 00 00 00 ab fd a5 54 04 00 00 0d c5 fd e5 20 00 00 00 00 00 00 00 00
00 00 00 00 00 00 00 00 15 48 0a 00 00 00 00 38 e6 fd ec 25 00 00 00 00 00 00 00 00
00 00 00 00 00 00 00 00 00 00 00 00 00 2d c2 e7 fd fd 92 00 00 00 00 00 00 00 00 00
00 00 00 00 00 00 00 00 00 00 00 00 29 e8 fd fd ed 52 0c 00 00 00 00 00 00 00 00 00
00 00 00 00 00 00 00 00 00 00 26 95 eb fe fd de 1d 00 00 00 00 00 00 00 00 00 00 00
00 00 00 00 00 00 00 00 00 00 cf fd fd fe fd fa cf 1f 00 00 00 00 00 00 00 00 00 00
00 00 00 00 00 00 00 00 00 00 a0 fd fd fe fd fd fd f5 74 00 00 00 00 00 00 00 00 00
00 00 00 00 00 00 00 00 00 00 00 35 7a 3b 46 8a fa fe fe d6 19 00 00 00 00 00 00 00
00 00 00 00 00 00 00 00 00 00 00 00 00 00 00 00 49 d4 fd fd d4 0e 00 00 00 00 00 00
00 00 00 00 00 00 00 00 00 00 00 00 00 00 00 00 00 45 c7 fd fd 63 00 00 00 00 00 00
00 00 00 00 00 00 00 00 00 00 00 00 00 00 00 00 00 00 49 fd fd 90 00 00 00 00 00 00
00 00 00 00 00 00 00 00 00 00 00 00 00 00 00 00 00 00 49 fd fd 90 00 00 00 00 00 00
00 00 00 00 00 00 00 00 00 00 00 00 00 00 00 00 00 12 b6 fd fd 6e 00 00 00 00 00 00
00 00 00 00 31 56 45 00 00 00 00 00 00 2d 56 56 6d d9 fd fd dd 10 00 00 00 00 00 00
00 00 00 00 91 fd f7 da da da da a6 9b ee fd fd fd fd fd fd 35 00 00 00 00 00 00 00
00 00 00 00 0e 63 90 90 e4 fd fd fd fd fe fd fd fd af 90 2e 04 00 00 00 00 00 00 00
00 00 00 00 00 00 00 00 09 34 84 b8 fd bf 3f 0b 0b 04 00 00 00 00 00 00 00 00 00 00
00 00 00 00 00 00 00 00 00 00 00 00 00 00 00 00 00 00 00 00 00 00 00 00 00 00 00 00
00 00 00 00 00 00 00 00 00 00 00 00 00 00 00 00 00 00 00 00 00 00 00 00 00 00 00 00
00 00 00 00 00 00 00 00 00 00 00 00 00 00 00 00 00 00 00 00 00 00 00 00 00 00 00 00
00 00 00 00 00 00 00 00 00 00 00 00 00 00 00 00 00 00 00 00 00 00 00 00 00 00 00 00
