00 00 00 00 00 00 00 00 00 00 00 00 00 00 00 00 00 00 00 00 00 00 00 00 00 00 00 00
00 00 00 00 00 00 00 00 00 00 00 00 00 00 00 00 00 00 00 00 00 00 00 00 00 00 00 00
00 00 00 00 00 00 00 00 00 00 00 00 00 00 00 00 00 00 00 00 00 00 00 00 00 00 00 00
00 00 00 00 00 00 00 00 00 00 00 00 00 00 00 00 00 00 00 00 00 00 00 00 00 00 00 00
00 00 00 00 00 00 00 00 00 00 00 00 00 00 00 00 00 00 61 e4 ff b6 0b 00 00 00 00 00
00 00 00 00 00 00 00 00 00 00 00 00 00 04 98 b2 c5 cb f9 fd fe b6 03 00 00 00 00 00
00 00 00 00 00 00 00 00 00 00 00 00 00 4d fd fe fd ea d2 7f 7f 36 00 00 00 00 00 00
00 00 00 00 00 00 00 00 00 00 00 00 24 f1 fd d1 3c 1b 00 00 00 00 00 00 00 00 00 00
00 00 00 00 00 00 00 00 00 00 00 14 cc fd 9b 00 00 00 00 00 00 00 00 00 00 00 00 00
00 00 00 00 00 00 00 00 00 00 15 d1 fe d1 00 00 00 00 00 00 00 00 00 00 00 00 00 00
00 00 00 00 00 00 00 00 00 48 f1 fd fd 8d 91 91 5e 08 00 00 00 00 00 00 00 00 00 00
00 00 00 00 00 00 00 00 00 b5 fe fd fd fd fd fe fd d1 1b 00 00 00 00 00 00 00 00 00
00 00 00 00 00 00 00 00 00 6e fe fd fd f5 ca cb fb fd a5 06 00 00 00 00 00 00 00 00
00 00 00 00 00 00 00 00 00 5b fe fd e3 29 00 00 57 f0 fd 69 00 00 00 00 00 00 00 00
00 00 00 00 00 00 00 00 00 5c ff fe 9f 00 00 00 00 c0 fe fe 00 00 00 00 00 00 00 00
00 00 00 00 00 00 00 00 00 5b fe dd 16 00 00 00 00 4c fd fd 00 00 00 00 00 00 00 00
00 00 00 00 00 00 00 00 00 2e d9 6a 00 00 00 00 00 25 fd fd 00 00 00 00 00 00 00 00
00 00 00 00 00 00 00 00 00 00 00 00 00 00 00 00 00 73 fd fd 00 00 00 00 00 00 00 00
00 00 00 00 00 00 00 00 00 21 7c 07 00 00 00 00 00 d9 fd bc 00 00 00 00 00 00 00 00
00 00 00 00 00 00 00 00 26 e4 b6 00 00 00 00 00 8b fe fe 48 00 00 00 00 00 00 00 00
00 00 00 00 00 00 00 08 ac fd 2d 00 00 00 00 51 f5 fd a4 05 00 00 00 00 00 00 00 00
00 00 00 00 00 00 00 73 fd fd c0 80 80 c6 d9 fe fd a3 08 00 00 00 00 00 00 00 00 00
00 00 00 00 00 00 00 56 f9 fd fe fd fd fd fd fe d8 15 00 00 00 00 00 00 00 00 00 00
00 00 00 00 00 00 00 00 39 69 a3 a2 e3 7c 48 48 05 00 00 00 00 00 00 00 00 00 00 00
00 00 00 00 00 00 00 00 00 00 00 00 00 00 00 00 00 00 00 00 00 00 00 00 00 00 00 00
00 00 00 00 00 00 00 00 00 00 00 00 00 00 00 00 00 00 00 00 00 00 00 00 00 00 00 00
00 00 00 00 00 00 00 00 00 00 00 00 00 00 00 00 00 00 00 00 00 00 00 00 00 00 00 00
00 00 00 00 00 00 00 00 00 00 00 00 00 00 00 00 00 00 00 00 00 00 00 00 00 00 00 00
