00 00 00 00 00 00 00 00 00 00 00 00 00 00 00 00 00 00 00 00 00 00 00 00 00 00 00 00
00 00 00 00 00 00 00 00 00 00 00 00 00 00 00 00 00 00 00 00 00 00 00 00 00 00 00 00
00 00 00 00 00 00 00 00 00 00 00 00 00 00 00 00 00 00 00 00 00 00 00 00 00 00 00 00
00 00 00 00 00 00 00 00 00 00 00 00 00 00 00 00 00 00 00 00 00 00 00 00 00 00 00 00
00 00 00 00 00 00 00 00 00 00 00 00 00 00 00 00 00 00 00 00 00 00 00 00 00 00 00 00
00 00 00 00 00 00 00 00 00 00 00 00 00 00 00 0d 19 64 7a 07 00 00 00 00 00 00 00 00
00 00 00 00 00 00 00 00 00 00 00 00 00 21 97 d0 fc fc fc 92 00 00 00 00 00 00 00 00
00 00 00 00 00 00 00 00 00 00 00 28 98 f4 fc fd e0 d3 fc e8 28 00 00 00 00 00 00 00
00 00 00 00 00 00 00 00 00 0f 98 ef fc fc fc d8 1f 25 fc fc 3c 00 00 00 00 00 00 00
00 00 00 00 00 00 00 00 00 60 fc fc fc fc d9 1d 00 25 fc fc 3c 00 00 00 00 00 00 00
00 00 00 00 00 00 00 00 00 b5 fc fc dc a7 1e 00 00 4d fc fc 3c 00 00 00 00 00 00 00
00 00 00 00 00 00 00 00 00 1a 80 3a 16 00 00 00 00 64 fc fc 3c 00 00 00 00 00 00 00
00 00 00 00 00 00 00 00 00 00 00 00 00 00 00 00 00 9d fc fc 3c 00 00 00 00 00 00 00
00 00 00 00 00 00 00 00 00 00 00 00 00 6e 79 7a 79 ca fc c2 03 00 00 00 00 00 00 00
00 00 00 00 00 00 00 00 00 00 0a 35 b3 fd fd ff fd fd e4 23 00 00 00 00 00 00 00 00
00 00 00 00 00 00 00 00 05 36 e3 fc f3 e4 aa f2 fc fc e7 75 06 00 00 00 00 00 00 00
00 00 00 00 00 00 00 06 4e fc fc 7d 3b 00 12 d0 fc fc fc fc 57 07 00 00 00 00 00 00
00 00 00 00 00 00 05 87 fc fc b4 10 00 15 cb fd f7 81 ad fc fc b8 42 31 31 00 00 00
00 00 00 00 00 03 88 fc f1 6a 11 00 35 c8 fc d8 41 00 0e 48 a3 f1 fc fc df 00 00 00
00 00 00 00 00 69 fc f2 58 12 49 aa f4 fc 7e 1d 00 00 00 00 00 59 b4 b4 25 00 00 00
00 00 00 00 00 e7 fc f5 cd d8 fc fc fc 7c 03 00 00 00 00 00 00 00 00 00 00 00 00 00
00 00 00 00 00 cf fc fc fc fc b2 74 24 04 00 00 00 00 00 00 00 00 00 00 00 00 00 00
00 00 00 00 00 0d 5d 8f 79 17 06 00 00 00 00 00 00 00 00 00 00 00 00 00 00 00 00 00
00 00 00 00 00 00 00 00 00 00 00 00 00 00 00 00 00 00 00 00 00 00 00 00 00 00 00 00
00 00 00 00 00 00 00 00 00 00 00 00 00 00 00 00 00 00 00 00 00 00 00 00 00 00 00 00
00 00 00 00 00 00 00 00 00 00 00 00 00 00 00 00 00 00 00 00 00 00 00 00 00 00 00 00
00 00 00 00 00 00 00 00 00 00 00 00 00 00 00 00 00 00 00 00 00 00 00 00 00 00 00 00
00 00 00 00 00 00 00 00 00 00 00 00 00 00 00 00 00 00 00 00 00 00 00 00 00 00 00 00
