00 00 00 00 00 00 00 00 00 00 00 00 00 00 00 00 00 00 00 00 00 00 00 00 00 00 00 00
00 00 00 00 00 00 00 00 00 00 00 00 00 00 00 00 00 00 00 00 00 00 00 00 00 00 00 00
00 00 00 00 00 00 00 00 00 00 00 00 00 00 00 00 00 00 00 00 00 00 00 00 00 00 00 00
00 00 00 00 00 00 00 00 00 00 00 00 00 00 00 00 00 00 00 00 00 00 00 00 00 00 00 00
00 00 00 00 00 00 00 00 00 00 0c 38 8c 7e af c8 60 02 00 00 00 00 00 00 00 00 00 00
00 00 00 00 00 00 00 00 23 a6 ee fe f6 f2 fd f6 fe 43 00 00 00 00 00 00 00 00 00 00
00 00 00 00 00 00 00 00 b8 b6 92 7f 46 1e 2d 24 d7 af 00 00 00 00 00 00 00 00 00 00
00 00 00 00 00 00 00 00 1e 00 00 00 00 00 00 00 cf f6 0e 00 00 00 00 00 00 00 00 00
00 00 00 00 00 00 00 00 00 00 00 00 00 00 00 37 fb a9 01 00 00 00 00 00 00 00 00 00
00 00 00 00 00 00 00 00 00 00 00 00 00 00 0b d7 e8 14 00 00 00 00 00 00 00 00 00 00
00 00 00 00 00 00 00 00 00 00 00 00 00 14 be fa 3d 00 00 00 00 00 00 00 00 00 00 00
00 00 00 00 00 00 00 00 00 00 00 18 76 ce fe f8 8e 6c 12 00 00 00 00 00 00 00 00 00
00 00 00 00 00 00 00 00 00 00 3f df fe fe fe fe fe fe d1 00 00 00 00 00 00 00 00 00
00 00 00 00 00 00 00 00 00 00 34 ae 81 5f 10 10 10 6a f9 7d 00 00 00 00 00 00 00 00
00 00 00 00 00 00 00 00 00 00 00 00 00 00 00 00 00 00 b3 ef 00 00 00 00 00 00 00 00
00 00 00 00 00 00 00 00 00 00 00 00 00 00 00 00 00 00 50 ef 00 00 00 00 00 00 00 00
00 00 00 00 00 00 00 00 00 00 00 00 00 00 00 00 00 00 50 f4 14 00 00 00 00 00 00 00
00 00 00 00 00 00 00 00 00 00 00 00 00 00 00 00 00 00 64 ef 00 00 00 00 00 00 00 00
00 00 00 00 00 00 00 00 00 00 00 00 00 00 00 00 00 00 ea ef 00 00 00 00 00 00 00 00
00 00 00 00 00 00 00 04 8c 05 00 00 00 00 00 00 03 96 fe 81 00 00 00 00 00 00 00 00
00 00 00 00 00 00 00 40 fe b5 26 00 00 00 00 22 bc fe d1 14 00 00 00 00 00 00 00 00
00 00 00 00 00 00 00 0c e2 ff df 58 44 80 9d f2 fe cf 17 00 00 00 00 00 00 00 00 00
00 00 00 00 00 00 00 00 2d d2 fe fe fe fe ff fe bb 31 00 00 00 00 00 00 00 00 00 00
00 00 00 00 00 00 00 00 00 29 81 ef e5 b3 5b 10 03 00 00 00 00 00 00 00 00 00 00 00
00 00 00 00 00 00 00 00 00 00 00 00 00 00 00 00 00 00 00 00 00 00 00 00 00 00 00 00
00 00 00 00 00 00 00 00 00 00 00 00 00 00 00 00 00 00 00 00 00 00 00 00 00 00 00 00
00 00 00 00 00 00 00 00 00 00 00 00 00 00 00 00 00 00 00 00 00 00 00 00 00 00 00 00
00 00 00 00 00 00 00 00 00 00 00 00 00 00 00 00 00 00 00 00 00 00 00 00 00 00 00 00
