00 00 00 00 00 00 00 00 00 00 00 00 00 00 00 00 00 00 00 00 00 00 00 00 00 00 00 00
00 00 00 00 00 00 00 00 00 00 00 00 00 00 00 00 00 00 00 00 00 00 00 00 00 00 00 00
00 00 00 00 00 00 00 00 00 00 00 00 00 00 00 00 00 00 00 00 00 00 00 00 00 00 00 00
00 00 00 00 00 00 00 00 00 00 00 00 00 00 00 00 00 00 00 00 00 00 00 00 00 00 00 00
00 00 00 00 00 00 00 00 00 00 00 00 00 00 00 00 00 00 00 00 00 00 00 00 00 00 00 00
00 00 00 00 00 00 00 00 00 00 00 00 00 00 00 00 00 00 00 00 00 00 00 00 00 00 00 00
00 00 00 00 00 00 00 00 00 00 00 00 00 00 00 00 00 00 00 00 00 00 00 00 00 00 00 00
00 00 00 00 00 00 00 01 6d 6d 6d 6d 6e 6d 81 fd 6e 6d 1f 00 00 00 00 00 00 00 00 00
00 00 00 00 00 15 5e d9 fc fc fc fc fd fc fc fc fd fc e3 86 2a 00 00 00 00 00 00 00
00 00 00 00 00 b0 fc fc fc fc fc fc fd fc fc fc fd fc fc fc de 8b 0b 00 00 00 00 00
00 00 00 00 00 d9 fc fc fc 80 6c 6c 6c 6c 6c 6c 6c e8 fc fc fd fc 47 00 00 00 00 00
00 00 00 00 00 2a 9f fc fc d2 1f 00 00 00 00 00 00 00 25 fc fd fc 47 00 00 00 00 00
00 00 00 00 00 00 05 77 d2 fc 7c 1f 00 00 00 00 00 00 25 fc fd e7 33 00 00 00 00 00
00 00 00 00 00 00 00 00 1f c3 c3 1f 00 00 00 00 00 00 8c fc fd 9e 00 00 00 00 00 00
00 00 00 00 00 00 00 00 00 00 00 00 00 00 00 00 00 2a dd fc bf 0f 00 00 00 00 00 00
00 00 00 00 00 00 00 00 00 00 00 00 00 00 00 00 00 da fd fd 54 00 00 00 00 00 00 00
00 00 00 00 00 00 00 00 00 00 00 00 00 00 00 00 5e f7 fc d2 00 00 00 00 00 00 00 00
00 00 00 00 00 00 00 00 00 00 00 00 00 00 00 15 d4 fc e2 1f 00 00 00 00 00 00 00 00
00 00 00 00 00 00 00 00 00 00 00 00 00 00 00 90 fd fc 84 00 00 00 00 00 00 00 00 00
00 00 00 00 00 00 00 00 00 00 00 00 00 00 63 fd ff de 29 00 00 00 00 00 00 00 00 00
00 00 00 00 00 00 00 00 00 00 00 00 00 15 c9 fc fd 37 00 00 00 00 00 00 00 00 00 00
00 00 00 00 00 00 00 00 00 00 00 00 00 5e fc fc af 0a 00 00 00 00 00 00 00 00 00 00
00 00 00 00 00 00 00 00 00 00 00 00 00 d9 fc fc 3e 00 00 00 00 00 00 00 00 00 00 00
00 00 00 00 00 00 00 00 00 00 00 00 ab fd fd aa 6e 4e 00 00 00 00 00 00 00 00 00 00
00 00 00 00 00 00 00 00 00 00 00 00 fd fc fc fc fd 37 00 00 00 00 00 00 00 00 00 00
00 00 00 00 00 00 00 00 00 00 00 00 fd fc fc fc 9a 0a 00 00 00 00 00 00 00 00 00 00
00 00 00 00 00 00 00 00 00 00 00 00 fd fc fc a8 00 00 00 00 00 00 00 00 00 00 00 00
00 00 00 00 00 00 00 00 00 00 00 00 00 00 00 00 00 00 00 00 00 00 00 00 00 00 00 00
