00 00 00 00 00 00 00 00 00 00 00 00 00 00 00 00 00 00 00 00 00 00 00 00 00 00 00 00
00 00 00 00 00 00 00 00 00 00 00 00 00 00 00 00 00 00 00 00 00 00 00 00 00 00 00 00
00 00 00 00 00 00 00 00 00 00 00 00 00 00 00 00 00 00 00 00 00 00 00 00 00 00 00 00
00 00 00 00 00 00 00 00 00 00 00 00 00 00 00 00 00 00 00 00 00 00 00 00 00 00 00 00
00 00 00 00 00 00 00 00 00 00 00 00 00 00 00 00 00 00 00 00 00 00 00 00 00 00 00 00
00 00 00 00 00 00 00 00 00 00 00 00 00 00 00 00 00 00 00 00 00 00 00 00 00 00 00 00
00 00 00 00 00 00 00 00 00 00 00 00 00 00 00 00 00 00 00 00 00 00 00 00 00 00 00 00
00 00 00 00 00 00 00 00 00 00 00 00 00 00 00 00 2a a4 fc 3f 00 00 00 00 00 00 00 00
00 00 00 00 00 00 00 00 00 00 00 00 00 17 22 00 f4 fe 70 00 00 00 00 55 00 00 00 00
00 00 00 00 00 00 00 00 00 00 00 00 04 be e1 00 ff b9 0d 00 00 00 00 5f 00 00 00 00
00 00 00 00 00 00 00 00 00 00 00 06 aa fe c5 40 fe 3b 00 00 00 00 00 5f 00 00 00 00
00 00 00 00 00 00 00 00 00 00 09 84 fe cc 17 70 fe 1c 00 00 00 00 00 4d 00 00 00 00
00 00 00 00 00 00 00 00 00 06 a7 fe d8 3a 18 f2 e1 10 00 00 00 00 00 00 00 00 00 00
00 00 00 00 00 00 00 00 00 4c fe fe a2 55 8a fe bc 00 00 00 30 55 19 00 00 00 00 00
00 00 00 00 00 00 00 00 00 03 9f fe fe fe fe fe e4 97 97 d6 fa fe 4b 00 00 00 00 00
00 00 00 00 00 00 00 00 00 00 07 4f 83 9e fe fe e2 e1 e1 e1 be 94 27 00 00 00 00 00
00 00 00 00 00 00 00 00 00 00 00 00 00 7f fe 94 00 00 00 00 00 00 00 47 00 00 00 00
00 00 00 00 00 00 00 00 00 00 00 00 17 f8 c9 00 00 00 00 00 00 00 00 24 00 00 00 00
00 00 00 00 00 00 00 00 00 00 00 00 55 fe 76 00 00 00 00 00 00 00 00 00 00 00 00 00
00 00 00 00 00 00 00 00 00 00 00 0c bd e3 16 00 00 00 00 00 00 00 00 00 00 00 00 00
00 00 00 00 00 00 00 00 00 00 00 72 fe 67 00 00 00 00 00 00 00 00 00 00 00 00 00 00
00 00 00 00 00 00 00 00 00 00 2c e2 af 08 00 00 00 00 00 00 00 00 00 00 00 00 00 00
00 00 00 00 00 00 00 00 00 00 94 cb 3b 00 00 00 00 00 00 00 00 00 00 00 00 00 00 00
00 00 00 00 00 00 00 00 00 1a f2 8c 00 00 00 00 00 00 00 00 00 00 00 00 00 00 00 00
00 00 00 00 00 00 00 00 00 83 a9 16 00 00 00 00 00 00 00 00 00 00 00 00 00 00 00 00
00 00 00 00 00 00 00 00 13 e9 41 00 00 00 00 00 00 00 00 00 00 00 00 00 00 00 00 00
00 00 00 00 00 00 00 00 ae 6d 00 00 00 00 00 00 00 00 00 00 00 00 00 00 00 00 00 00
00 00 00 00 00 00 00 00 00 00 00 00 00 00 00 00 00 00 00 00 00 00 00 00 00 00 00 00
