00 00 00 00 00 00 00 00 00 00 00 00 00 00 00 00 00 00 00 00 00 00 00 00 00 00 00 00
00 00 00 00 00 00 00 00 00 00 00 00 00 00 00 00 00 00 00 00 00 00 00 00 00 00 00 00
00 00 00 00 00 00 00 00 00 00 00 00 00 00 00 00 00 00 00 00 00 00 00 00 00 00 00 00
00 00 00 00 00 00 00 00 00 00 00 00 00 00 00 00 00 00 00 00 00 00 00 00 00 00 00 00
00 00 00 00 00 00 00 00 00 00 00 00 00 00 00 00 00 00 00 00 00 00 00 00 00 00 00 00
00 00 00 00 00 00 00 00 00 00 00 00 00 00 00 00 00 00 00 00 00 00 00 00 00 00 00 00
00 00 00 00 00 00 00 00 00 00 00 00 00 00 00 00 00 00 00 00 00 00 00 00 00 00 00 00
00 00 00 00 00 00 00 00 00 31 7d eb ff fe 7a 00 00 00 00 00 0d 86 b4 39 00 00 00 00
00 00 00 00 00 00 00 00 a3 fa fd fd fd fd fc 3f 00 00 00 10 c7 fd fd 75 00 00 00 00
00 00 00 00 00 00 34 a8 fc fd d5 20 0c 31 6d 03 00 00 00 9d fd fd b7 06 00 00 00 00
00 00 00 00 00 00 ab fd 67 13 0c 00 00 00 00 00 00 00 5b f7 fd eb 08 00 00 00 00 00
00 00 00 00 00 00 f8 fd 13 00 00 00 00 00 00 00 15 bd f5 fd f3 4d 00 00 00 00 00 00
00 00 00 00 00 00 c9 fd 68 09 00 00 00 00 47 7a e4 fd fd fd 71 00 00 00 00 00 00 00
00 00 00 00 00 00 12 c7 fd db d7 d7 d7 d7 f5 fd fd fd fd b6 0f 00 00 00 00 00 00 00
00 00 00 00 00 00 00 14 a5 cd fd fd fd bf af c1 fd fd dd 10 00 00 00 00 00 00 00 00
00 00 00 00 00 00 00 00 00 14 33 33 33 0b 00 3b fd fd 6e 00 00 00 00 00 00 00 00 00
00 00 00 00 00 00 00 00 00 00 00 00 00 00 00 5d fd da 13 00 00 00 00 00 00 00 00 00
00 00 00 00 00 00 00 00 00 00 00 00 00 00 50 ed fd 6f 00 00 00 00 00 00 00 00 00 00
00 00 00 00 00 00 00 00 00 00 00 00 00 00 c4 fd d7 16 00 00 00 00 00 00 00 00 00 00
00 00 00 00 00 00 00 00 00 00 00 00 00 0d ce f3 62 00 00 00 00 00 00 00 00 00 00 00
00 00 00 00 00 00 00 00 00 00 00 00 00 5d fd c2 00 00 00 00 00 00 00 00 00 00 00 00
00 00 00 00 00 00 00 00 00 00 00 00 33 eb fd 6f 00 00 00 00 00 00 00 00 00 00 00 00
00 00 00 00 00 00 00 00 00 00 00 00 4f fd f6 3a 00 00 00 00 00 00 00 00 00 00 00 00
00 00 00 00 00 00 00 00 00 00 00 00 9b fd b2 00 00 00 00 00 00 00 00 00 00 00 00 00
00 00 00 00 00 00 00 00 00 00 00 00 87 fd 44 04 00 00 00 00 00 00 00 00 00 00 00 00
00 00 00 00 00 00 00 00 00 00 00 00 4f fd fd 83 00 00 00 00 00 00 00 00 00 00 00 00
00 00 00 00 00 00 00 00 00 00 00 00 27 9f 98 20 00 00 00 00 00 00 00 00 00 00 00 00
00 00 00 00 00 00 00 00 00 00 00 00 00 00 00 00 00 00 00 00 00 00 00 00 00 00 00 00
