00 00 00 00 00 00 00 00 00 00 00 00 00 00 00 00 00 00 00 00 00 00 00 00 00 00 00 00
00 00 00 00 00 00 00 00 00 00 00 00 00 00 00 00 00 00 00 00 00 00 00 00 00 00 00 00
00 00 00 00 00 00 00 00 00 00 00 00 00 00 00 00 00 00 00 00 00 00 00 00 00 00 00 00
00 00 00 00 00 00 00 00 00 00 00 00 00 00 00 00 00 00 00 00 00 00 00 00 00 00 00 00
00 00 00 00 00 00 00 00 00 00 00 00 00 00 00 00 00 00 00 00 00 00 00 00 00 00 00 00
00 00 00 00 00 00 00 00 00 00 00 00 00 00 00 00 00 00 00 00 00 00 00 00 00 00 00 00
00 00 00 00 00 00 00 00 00 00 00 00 00 1d 82 82 e1 ff ff 6d 07 74 f3 c8 06 00 00 00
00 00 00 00 00 00 00 00 00 00 00 08 5f d9 fd fd fd fd fd fd fd fd fd f8 0b 00 00 00
00 00 00 00 00 00 00 00 00 00 1b d5 fd fd f0 8f 6f 98 fd fd fd fd c2 3e 00 00 00 00
00 00 00 00 00 00 00 00 00 1b d5 fd d7 69 1f 00 07 99 fd fd fd f4 49 00 00 00 00 00
00 00 00 00 00 00 00 00 00 95 fd e6 22 00 00 00 45 fd fd fd fd 4f 00 00 00 00 00 00
00 00 00 00 00 00 00 00 00 95 fd dd 0d 00 00 1c 9c fd fd fd b0 0b 00 00 00 00 00 00
00 00 00 00 00 00 00 00 00 3f ec fd af 0e 00 ba fd fd fd c4 0d 00 00 00 00 00 00 00
00 00 00 00 00 00 00 00 00 00 47 fd fd ae 32 c7 fd fd ed 4a 00 00 00 00 00 00 00 00
00 00 00 00 00 00 00 00 00 00 09 5c ea fd fd fd fd ed 4a 00 00 00 00 00 00 00 00 00
00 00 00 00 00 00 00 00 00 00 00 00 4d fd fd fd ec 4b 00 00 00 00 00 00 00 00 00 00
00 00 00 00 00 00 00 00 00 00 00 0b a1 fd fd fd 97 00 00 00 00 00 00 00 00 00 00 00
00 00 00 00 00 00 00 00 00 00 0a 65 fd fd ed e9 9e 00 00 00 00 00 00 00 00 00 00 00
00 00 00 00 00 00 00 00 00 00 83 fd fd ad 26 ba b9 00 00 00 00 00 00 00 00 00 00 00
00 00 00 00 00 00 00 00 00 7d ed fd 72 0e 00 ba b9 00 00 00 00 00 00 00 00 00 00 00
00 00 00 00 00 00 00 00 3e ee fd b0 0d 00 15 d3 b9 00 00 00 00 00 00 00 00 00 00 00
00 00 00 00 00 00 00 0b f0 fd e2 0b 00 00 a5 fd 88 00 00 00 00 00 00 00 00 00 00 00
00 00 00 00 00 00 00 7e fd f3 45 00 00 61 f6 e3 24 00 00 00 00 00 00 00 00 00 00 00
00 00 00 00 00 00 00 88 fd b2 70 70 c2 f8 fd 4c 00 00 00 00 00 00 00 00 00 00 00 00
00 00 00 00 00 00 00 88 fd fd fd fd fd fd 8e 03 00 00 00 00 00 00 00 00 00 00 00 00
00 00 00 00 00 00 00 0f fd fd fd eb 81 2d 02 00 00 00 00 00 00 00 00 00 00 00 00 00
00 00 00 00 00 00 00 00 00 00 00 00 00 00 00 00 00 00 00 00 00 00 00 00 00 00 00 00
00 00 00 00 00 00 00 00 00 00 00 00 00 00 00 00 00 00 00 00 00 00 00 00 00 00 00 00
