00 00 00 00 00 00 00 00 00 00 00 00 00 00 00 00 00 00 00 00 00 00 00 00 00 00 00 00
00 00 00 00 00 00 00 00 00 00 00 00 00 00 00 00 00 00 00 00 00 00 00 00 00 00 00 00
00 00 00 00 00 00 00 00 00 00 00 00 00 00 00 00 00 00 00 00 00 00 00 00 00 00 00 00
00 00 00 00 00 00 00 00 00 00 00 00 00 00 00 00 00 00 00 00 00 00 00 00 00 00 00 00
00 00 00 00 00 00 00 00 00 00 00 00 00 00 00 00 00 00 00 00 00 00 00 00 00 00 00 00
00 00 00 00 00 00 00 00 00 00 00 00 00 00 00 00 00 00 00 00 00 00 00 00 00 00 00 00
00 00 00 00 00 00 00 00 00 00 00 00 00 00 00 00 00 00 00 00 00 00 00 00 00 00 00 00
00 00 00 00 00 00 00 00 00 00 00 00 00 00 29 98 e9 fe d5 52 00 00 00 00 00 00 00 00
00 00 00 00 00 00 00 00 00 00 00 00 00 7b f3 fd fc fd fc f3 51 00 00 00 00 00 00 00
00 00 00 00 00 00 00 00 00 00 15 84 fd fe d5 8e 3d 1f e9 fe 83 00 00 00 00 00 00 00
00 00 00 00 00 00 00 00 00 15 cb fd d4 32 0a 00 29 84 fc ac 0a 00 00 00 00 00 00 00
00 00 00 00 00 00 00 00 00 99 fd a3 00 00 00 00 66 fe fd 66 00 00 00 00 00 00 00 00
00 00 00 00 00 00 00 00 00 c1 fc 00 00 00 00 00 8e fd fc 14 00 00 00 00 00 00 00 00
00 00 00 00 00 00 00 00 00 fe 97 00 00 00 00 84 fd fe e9 00 00 00 00 00 00 00 00 00
00 00 00 00 00 00 00 00 00 fd e8 b7 66 66 b7 fd fc fd 6f 00 00 00 00 00 00 00 00 00
00 00 00 00 00 00 00 00 00 cb f3 fe fd fe d5 98 fd e0 14 00 00 00 00 00 00 00 00 00
00 00 00 00 00 00 00 00 00 00 28 97 97 5b 0a 98 fc a2 00 00 00 00 00 00 00 00 00 00
00 00 00 00 00 00 00 00 00 00 00 00 00 00 a3 fe c0 00 00 00 00 00 00 00 00 00 00 00
00 00 00 00 00 00 00 00 00 00 00 00 00 00 cb fd 46 00 00 00 00 00 00 00 00 00 00 00
00 00 00 00 00 00 00 00 00 00 00 00 00 84 fd 8e 00 00 00 00 00 00 00 00 00 00 00 00
00 00 00 00 00 00 00 00 00 00 00 00 29 fd fc 3d 00 00 00 00 00 00 00 00 00 00 00 00
00 00 00 00 00 00 00 00 00 00 00 48 fd fe 5b 00 00 00 00 00 00 00 00 00 00 00 00 00
00 00 00 00 00 00 00 00 00 00 00 c1 fc 5b 0a 00 00 00 00 00 00 00 00 00 00 00 00 00
00 00 00 00 00 00 00 00 00 00 7b ff c0 00 00 00 00 00 00 00 00 00 00 00 00 00 00 00
00 00 00 00 00 00 00 00 00 52 f3 e9 32 00 00 00 00 00 00 00 00 00 00 00 00 00 00 00
00 00 00 00 00 00 00 00 00 99 fd b7 00 00 00 00 00 00 00 00 00 00 00 00 00 00 00 00
00 00 00 00 00 00 00 00 00 98 d4 14 00 00 00 00 00 00 00 00 00 00 00 00 00 00 00 00
00 00 00 00 00 00 00 00 00 00 00 00 00 00 00 00 00 00 00 00 00 00 00 00 00 00 00 00
