00 00 00 00 00 00 00 00 00 00 00 00 00 00 00 00 00 00 00 00 00 00 00 00 00 00 00 00
00 00 00 00 00 00 00 00 00 00 00 00 00 00 00 00 00 00 00 00 00 00 00 00 00 00 00 00
00 00 00 00 00 00 00 00 00 00 00 00 00 00 00 00 00 00 00 00 00 00 00 00 00 00 00 00
00 00 00 00 00 00 00 00 00 00 00 00 00 00 00 00 00 00 00 00 00 00 00 00 00 00 00 00
00 00 00 00 00 00 00 00 00 00 00 00 00 00 00 00 00 00 00 00 00 00 00 00 00 00 00 00
00 00 00 00 00 00 00 00 00 00 00 00 00 00 00 00 7d fe d2 59 00 00 00 00 00 00 00 00
00 00 00 00 00 00 00 00 84 2f 00 00 00 00 00 07 f3 fd fd bf 00 00 00 00 00 00 00 00
00 00 00 00 00 00 11 5f ed e8 05 00 00 00 00 07 fd fd fd bf 00 00 00 00 00 00 00 00
00 00 00 00 00 00 38 fd fd fd 06 00 00 00 00 07 fd fd fd bf 00 00 00 00 00 00 00 00
00 00 00 00 00 00 38 fd fd fd 06 00 00 00 00 07 fd fd fd bf 00 00 00 00 00 00 00 00
00 00 00 00 00 00 38 fd fd fd 06 00 00 00 00 07 fd fd fd bf 00 00 00 00 00 00 00 00
00 00 00 00 00 00 38 fd fd fd 4d 00 00 00 00 07 fd fd fd bf 00 00 00 00 00 00 00 00
00 00 00 00 00 00 74 fd fd fd bf 0c 00 51 6f bd fd fd fd bf 00 00 00 00 00 00 00 00
00 00 00 00 00 00 c0 fd fd fd fd e6 e3 f6 fd fd fd fd fd 44 00 00 00 00 00 00 00 00
00 00 00 00 00 3e f2 fd fd fd fd fd fd fd fd fd fd fd fd 36 00 00 00 00 00 00 00 00
00 00 00 00 00 15 b6 fd fd fd fd fd fd fd fd fd fd fd ed 46 00 00 00 00 00 00 00 00
00 00 00 00 00 00 14 6b e2 e2 e2 e2 e2 7d 68 f1 fd fd e0 ac 00 00 00 00 00 00 00 00
00 00 00 00 00 00 00 00 00 00 00 00 00 00 00 90 fd fd fd bf 00 00 00 00 00 00 00 00
00 00 00 00 00 00 00 00 00 00 00 00 00 00 00 4e fd fd fd bf 00 00 00 00 00 00 00 00
00 00 00 00 00 00 00 00 00 00 00 00 00 00 00 89 fd fd fd bf 00 00 00 00 00 00 00 00
00 00 00 00 00 00 00 00 00 00 00 00 00 00 00 90 fd fd fd bf 00 00 00 00 00 00 00 00
00 00 00 00 00 00 00 00 00 00 00 00 00 00 16 e6 fd fd fd bf 00 00 00 00 00 00 00 00
00 00 00 00 00 00 00 00 00 00 00 00 00 00 1c fd fd fd fd bf 00 00 00 00 00 00 00 00
00 00 00 00 00 00 00 00 00 00 00 00 00 00 1a f4 fd fd c9 48 00 00 00 00 00 00 00 00
00 00 00 00 00 00 00 00 00 00 00 00 00 00 00 46 fd fd 61 00 00 00 00 00 00 00 00 00
00 00 00 00 00 00 00 00 00 00 00 00 00 00 00 00 00 00 00 00 00 00 00 00 00 00 00 00
00 00 00 00 00 00 00 00 00 00 00 00 00 00 00 00 00 00 00 00 00 00 00 00 00 00 00 00
00 00 00 00 00 00 00 00 00 00 00 00 00 00 00 00 00 00 00 00 00 00 00 00 00 00 00 00
