00 00 00 00 00 00 00 00 00 00 00 00 00 00 00 00 00 00 00 00 00 00 00 00 00 00 00 00
00 00 00 00 00 00 00 00 00 00 00 00 00 00 00 00 00 00 00 00 00 00 00 00 00 00 00 00
00 00 00 00 00 00 00 00 00 00 00 00 00 00 00 00 00 00 00 00 00 00 00 00 00 00 00 00
00 00 00 00 00 00 00 00 00 00 00 00 00 00 00 00 00 00 00 00 00 00 00 00 00 00 00 00
00 00 00 00 00 00 00 00 00 00 00 00 00 00 00 00 00 00 00 00 00 00 00 00 00 00 00 00
00 00 00 00 00 00 00 00 00 35 00 00 00 00 00 00 00 00 00 54 15 00 00 00 00 00 00 00
00 00 00 00 00 00 00 00 47 eb d5 05 00 00 00 00 00 00 58 f8 a9 00 00 00 00 00 00 00
00 00 00 00 00 00 00 48 ea fd fd 06 00 00 00 00 00 00 51 f6 ee a1 00 00 00 00 00 00
00 00 00 00 00 00 0b c9 fd fb 93 02 00 00 00 00 00 00 00 dc fd d9 0d 00 00 00 00 00
00 00 00 00 00 00 9e fd fd 9d 00 00 00 00 00 00 00 00 00 dc fd fd 60 00 00 00 00 00
00 00 00 00 00 32 ea fd eb 32 00 00 00 00 00 00 00 00 00 dc fd fd 60 00 00 00 00 00
00 00 00 00 33 ef fd fd 55 00 00 00 00 00 00 00 00 00 00 a0 fd fd e5 00 00 00 00 00
00 00 00 00 76 fd fd cc 09 00 00 00 00 00 00 00 00 00 00 09 cd fd e8 00 00 00 00 00
00 00 00 00 e5 fd e9 46 00 00 00 00 00 00 00 00 00 00 00 00 c7 fd ee 20 00 00 00 00
00 00 00 00 fe fd b1 00 00 00 00 00 00 00 00 00 00 18 31 31 d2 fd fd d8 00 00 00 00
00 00 00 00 fe fd e3 87 1c 1c 1c 1c 4d a5 a5 a5 a5 d0 fd fd fd fd fd ee 00 00 00 00
00 00 00 00 ad fd fd fd fd fd fd fd fd fd fd fd fd fd fd fd fd fd f1 32 00 00 00 00
00 00 00 00 00 a6 fd fd fd fd fd fd fd fd fd fd fd c0 81 81 e3 fd a5 00 00 00 00 00
00 00 00 00 00 05 0d 76 96 96 96 5b 3e 71 0d 0d 0d 07 00 00 c7 fd 60 00 00 00 00 00
00 00 00 00 00 00 00 00 00 00 00 00 00 00 00 00 00 00 00 2d e5 fd 60 00 00 00 00 00
00 00 00 00 00 00 00 00 00 00 00 00 00 00 00 00 00 00 00 00 c7 fd 60 00 00 00 00 00
00 00 00 00 00 00 00 00 00 00 00 00 00 00 00 00 00 00 00 00 b1 c9 1c 00 00 00 00 00
00 00 00 00 00 00 00 00 00 00 00 00 00 00 00 00 00 00 00 00 18 1c 00 00 00 00 00 00
00 00 00 00 00 00 00 00 00 00 00 00 00 00 00 00 00 00 00 00 00 00 00 00 00 00 00 00
00 00 00 00 00 00 00 00 00 00 00 00 00 00 00 00 00 00 00 00 00 00 00 00 00 00 00 00
00 00 00 00 00 00 00 00 00 00 00 00 00 00 00 00 00 00 00 00 00 00 00 00 00 00 00 00
00 00 00 00 00 00 00 00 00 00 00 00 00 00 00 00 00 00 00 00 00 00 00 00 00 00 00 00
00 00 00 00 00 00 00 00 00 00 00 00 00 00 00 00 00 00 00 00 00 00 00 00 00 00 00 00
