00 00 00 00 00 00 00 00 00 00 00 00 00 00 00 00 00 00 00 00 00 00 00 00 00 00 00 00
00 00 00 00 00 00 00 00 00 00 00 00 00 00 00 00 00 00 00 00 00 00 00 00 00 00 00 00
00 00 00 00 00 00 00 00 00 00 00 00 00 00 00 00 00 00 00 00 00 00 00 00 00 00 00 00
00 00 00 00 00 00 00 00 00 00 00 00 00 00 00 00 00 00 00 00 00 00 00 00 00 00 00 00
00 00 00 00 00 00 00 00 00 00 00 00 00 00 00 00 00 00 00 00 00 00 00 00 00 00 00 00
00 00 00 00 00 00 00 00 00 00 00 00 00 00 00 00 00 00 00 00 00 00 00 00 00 00 00 00
00 00 00 00 00 00 00 00 00 00 00 00 00 00 00 00 00 00 00 73 ed a9 00 00 00 00 00 00
00 00 00 00 00 00 00 00 00 00 00 00 00 00 00 00 00 02 a4 fc e6 2e 00 00 00 00 00 00
00 00 00 00 00 00 00 00 00 00 00 00 00 00 00 00 00 34 fe fe 67 00 00 00 00 00 00 00
00 00 00 00 00 00 00 00 00 00 00 00 66 9f 14 00 0c d6 fe 9f 10 00 00 00 00 00 00 00
00 00 00 00 00 00 00 00 00 00 00 30 f3 ee 1d 00 b2 fe 9f 0f 00 00 00 00 00 00 00 00
00 00 00 00 00 00 00 00 00 00 10 a0 fe b7 00 25 ee ef 10 00 00 00 00 00 00 00 00 00
00 00 00 00 00 00 00 00 00 00 90 fe eb 35 00 e3 fe 77 00 00 00 00 00 00 00 00 00 00
00 00 00 00 00 00 00 00 00 66 fc eb 77 00 4e fe af 02 00 00 00 00 00 00 00 00 00 00
00 00 00 00 00 00 00 00 53 e7 fe b2 78 85 f4 fe 31 00 30 5a 00 00 00 00 00 00 00 00
00 00 00 00 00 00 00 00 a9 fe fe fe fe fe fe ff f4 bc e8 71 00 00 00 00 00 00 00 00
00 00 00 00 00 00 00 00 1d 5f 5f 7f e4 fe e6 bd bc bc a0 2a 00 00 00 00 00 00 00 00
00 00 00 00 00 00 00 00 00 00 00 2d ef ef 2a 00 00 00 00 00 00 00 00 00 00 00 00 00
00 00 00 00 00 00 00 00 00 00 01 7f fb 71 00 00 00 00 00 00 00 00 00 00 00 00 00 00
00 00 00 00 00 00 00 00 00 00 53 fe c5 00 00 00 00 00 00 00 00 00 00 00 00 00 00 00
00 00 00 00 00 00 00 00 00 09 ae ee 38 00 00 00 00 00 00 00 00 00 00 00 00 00 00 00
00 00 00 00 00 00 00 00 00 7d fe a2 00 00 00 00 00 00 00 00 00 00 00 00 00 00 00 00
00 00 00 00 00 00 00 00 00 d0 f7 32 00 00 00 00 00 00 00 00 00 00 00 00 00 00 00 00
00 00 00 00 00 00 00 00 00 ec 8f 00 00 00 00 00 00 00 00 00 00 00 00 00 00 00 00 00
00 00 00 00 00 00 00 00 09 ee 97 00 00 00 00 00 00 00 00 00 00 00 00 00 00 00 00 00
00 00 00 00 00 00 00 00 14 cd a4 00 00 00 00 00 00 00 00 00 00 00 00 00 00 00 00 00
00 00 00 00 00 00 00 00 00 00 00 00 00 00 00 00 00 00 00 00 00 00 00 00 00 00 00 00
00 00 00 00 00 00 00 00 00 00 00 00 00 00 00 00 00 00 00 00 00 00 00 00 00 00 00 00
