00 00 00 00 00 00 00 00 00 00 00 00 00 00 00 00 00 00 00 00 00 00 00 00 00 00 00 00
00 00 00 00 00 00 00 00 00 00 00 00 00 00 00 00 00 00 00 00 00 00 00 00 00 00 00 00
00 00 00 00 00 00 00 00 00 00 00 00 00 00 00 00 00 00 00 00 00 00 00 00 00 00 00 00
00 00 00 00 00 00 00 00 00 00 00 00 00 00 00 00 00 00 00 00 00 00 00 00 00 00 00 00
00 00 00 00 00 00 00 00 00 00 00 00 00 00 00 1d da ff ea 2d 00 00 00 00 00 00 00 00
00 00 00 00 00 00 00 00 00 00 00 00 00 00 1f d8 fd fd fd da 00 00 00 00 00 00 00 00
00 00 00 00 00 00 00 00 00 00 00 00 00 45 f4 fd fd c4 fd dc 00 00 00 00 00 00 00 00
00 00 00 00 00 00 00 00 00 00 00 00 21 d6 fd fd cd 09 b0 dc 00 00 00 00 00 00 00 00
00 00 00 00 00 00 00 00 00 00 00 00 c4 fd fd e6 39 00 11 16 00 00 00 00 00 00 00 00
00 00 00 00 00 00 00 00 00 00 00 7a f8 fd e6 3a 00 00 00 00 00 00 00 00 00 00 00 00
00 00 00 00 00 00 00 00 00 00 4e f8 fd fd 90 00 00 00 00 00 00 00 00 00 00 00 00 00
00 00 00 00 00 00 00 00 00 00 5c fd fd c2 0b 00 00 00 00 00 00 00 00 00 00 00 00 00
00 00 00 00 00 00 00 00 00 1c cc fd fd 90 00 00 00 00 00 00 00 00 00 00 00 00 00 00
00 00 00 00 00 00 00 00 00 63 fd fd e9 39 64 c4 c4 c4 af 39 00 00 00 00 00 00 00 00
00 00 00 00 00 00 00 00 00 c3 fd fd c1 b5 fd fd fd fd fd e4 17 00 00 00 00 00 00 00
00 00 00 00 00 00 00 00 00 e4 fd fd fd fd fd b8 62 d2 fd fd bf 00 00 00 00 00 00 00
00 00 00 00 00 00 00 00 00 e4 fd fd fd f0 ae 14 00 2e fd fd e3 00 00 00 00 00 00 00
00 00 00 00 00 00 00 00 00 e4 fd fd fd b5 00 00 00 42 fd fd 8b 00 00 00 00 00 00 00
00 00 00 00 00 00 00 00 00 e4 fd c6 c6 5b 00 00 22 e2 fd f9 55 00 00 00 00 00 00 00
00 00 00 00 00 00 00 00 00 e4 fd dd 1c 00 00 07 8c fd fd cf 00 00 00 00 00 00 00 00
00 00 00 00 00 00 00 00 00 97 fd fd a8 2e 36 ae fd fd dc 25 00 00 00 00 00 00 00 00
00 00 00 00 00 00 00 00 00 2b e5 fd fd fd fd fd fd fb 50 00 00 00 00 00 00 00 00 00
00 00 00 00 00 00 00 00 00 00 2a e3 fc fd fd fd fc 87 00 00 00 00 00 00 00 00 00 00
00 00 00 00 00 00 00 00 00 00 00 00 66 9f 98 7b 62 00 00 00 00 00 00 00 00 00 00 00
00 00 00 00 00 00 00 00 00 00 00 00 00 00 00 00 00 00 00 00 00 00 00 00 00 00 00 00
00 00 00 00 00 00 00 00 00 00 00 00 00 00 00 00 00 00 00 00 00 00 00 00 00 00 00 00
00 00 00 00 00 00 00 00 00 00 00 00 00 00 00 00 00 00 00 00 00 00 00 00 00 00 00 00
00 00 00 00 00 00 00 00 00 00 00 00 00 00 00 00 00 00 00 00 00 00 00 00 00 00 00 00
