00 00 00 00 00 00 00 00 00 00 00 00 00 00 00 00 00 00 00 00 00 00 00 00 00 00 00 00
00 00 00 00 00 00 00 00 00 00 00 00 00 00 00 00 00 00 00 00 00 00 00 00 00 00 00 00
00 00 00 00 00 00 00 00 00 00 00 00 00 00 00 00 00 00 00 00 00 00 00 00 00 00 00 00
00 00 00 00 00 00 00 00 00 00 00 00 00 00 00 00 00 00 00 00 00 00 00 00 00 00 00 00
00 00 00 00 00 00 00 00 00 00 00 00 00 00 00 00 00 00 00 00 00 00 00 00 00 00 00 00
00 00 00 00 00 00 00 00 00 00 00 00 64 ed 79 00 00 00 00 00 00 0d 30 12 00 00 00 00
00 00 00 00 00 00 00 00 00 00 00 84 eb fe ca 00 00 00 00 00 08 b3 fe 5e 00 00 00 00
00 00 00 00 00 00 00 00 00 00 00 e0 fe ed 30 00 00 00 00 00 0a d1 fe 5e 00 00 00 00
00 00 00 00 00 00 00 00 00 00 00 e0 fe 70 00 00 00 00 00 00 10 e9 fb 3f 00 00 00 00
00 00 00 00 00 00 00 00 00 00 31 f0 de 14 00 00 00 00 00 00 76 fe bf 00 00 00 00 00
00 00 00 00 00 00 00 00 00 13 e7 ff 78 00 00 00 00 00 00 17 cd fe 6f 00 00 00 00 00
00 00 00 00 00 00 00 00 06 a8 ff f1 2f 00 00 00 00 00 00 55 fe fe 24 00 00 00 00 00
00 00 00 00 00 00 00 00 54 fe fe 43 00 00 00 00 00 00 08 c8 fe b8 0d 00 00 00 00 00
00 00 00 00 00 00 00 03 ac fe dd 12 00 00 00 00 00 00 78 fe f6 30 00 00 00 00 00 00
00 00 00 00 00 00 00 a2 fe ee 1e 00 00 00 00 00 00 00 9d fe d4 00 00 00 00 00 00 00
00 00 00 00 00 00 74 fd fe 69 00 00 00 00 00 00 00 70 fc fe 81 00 00 00 00 00 00 00
00 00 00 00 00 00 c6 fe ac 01 00 00 00 24 6b 92 f9 fd fe d2 0d 00 00 00 00 00 00 00
00 00 00 00 00 00 c6 fe 86 0a 59 60 c1 f5 fe fe fe fe fe 8c 00 00 00 00 00 00 00 00
00 00 00 00 00 00 c6 fe f4 f1 fe fe fe fe df 8c fc fe a9 05 00 00 00 00 00 00 00 00
00 00 00 00 00 00 89 fc fe fe fe da b0 58 00 00 fa fe 78 00 00 00 00 00 00 00 00 00
00 00 00 00 00 00 00 19 3c 77 1a 0e 00 00 00 09 fb fe 19 00 00 00 00 00 00 00 00 00
00 00 00 00 00 00 00 00 00 00 00 00 00 00 00 64 fe c2 05 00 00 00 00 00 00 00 00 00
00 00 00 00 00 00 00 00 00 00 00 00 00 00 00 bd fe a6 00 00 00 00 00 00 00 00 00 00
00 00 00 00 00 00 00 00 00 00 00 00 00 00 00 cb fe a6 00 00 00 00 00 00 00 00 00 00
00 00 00 00 00 00 00 00 00 00 00 00 00 00 00 4e fd 7c 00 00 00 00 00 00 00 00 00 00
00 00 00 00 00 00 00 00 00 00 00 00 00 00 00 00 00 00 00 00 00 00 00 00 00 00 00 00
00 00 00 00 00 00 00 00 00 00 00 00 00 00 00 00 00 00 00 00 00 00 00 00 00 00 00 00
00 00 00 00 00 00 00 00 00 00 00 00 00 00 00 00 00 00 00 00 00 00 00 00 00 00 00 00
