00 00 00 00 00 00 00 00 00 00 00 00 00 00 00 00 00 00 00 00 00 00 00 00 00 00 00 00
00 00 00 00 00 00 00 00 00 00 00 00 00 00 00 00 00 00 00 00 00 00 00 00 00 00 00 00
00 00 00 00 00 00 00 00 00 00 00 00 00 00 00 00 00 00 00 00 00 00 00 00 00 00 00 00
00 00 00 00 00 00 00 00 00 00 00 00 00 00 00 00 00 00 00 00 00 00 00 00 00 00 00 00
00 00 00 00 00 00 00 00 00 00 00 00 00 00 00 00 00 00 00 00 00 00 00 00 00 00 00 00
00 00 00 00 00 00 00 00 00 00 00 00 00 00 00 00 00 00 00 00 00 00 00 00 00 00 00 00
00 00 00 00 00 00 00 00 00 00 00 00 00 00 00 00 00 00 00 00 00 00 00 00 00 00 00 00
00 00 00 00 00 00 00 00 00 00 00 00 00 00 00 00 00 00 00 00 00 00 00 06 25 25 00 00
00 00 00 00 00 00 00 00 00 00 00 00 00 00 00 00 00 00 00 08 33 6e a0 cf fd fd 00 00
00 00 00 00 00 00 00 00 00 00 00 00 00 00 00 00 00 35 88 d4 fd fe fd fd fd bc 00 00
00 00 00 00 00 00 00 00 00 00 00 00 00 3f 50 c3 ff fe fe de b5 b6 b5 87 34 00 00 00
00 00 00 00 00 00 00 00 00 00 00 10 df fa fd fd fe b6 12 0a 00 00 00 00 00 00 00 00
00 00 00 00 00 00 00 00 00 03 85 e4 fd f7 d8 97 45 10 00 00 00 00 00 00 00 00 00 00
00 00 00 00 00 00 00 00 00 3a fd fe fd 74 04 00 00 00 00 00 00 00 00 00 00 00 00 00
00 00 00 00 00 00 00 00 00 26 e3 fe fd e3 57 00 00 00 00 00 00 00 00 00 00 00 00 00
00 00 00 00 00 00 00 00 00 00 21 b6 f9 fe cb 00 00 00 00 00 00 00 00 00 00 00 00 00
00 00 00 00 00 00 00 00 00 00 00 00 43 fd d7 00 00 00 00 00 00 00 00 00 00 00 00 00
00 00 00 00 00 00 00 00 00 00 00 00 44 fd 9d 00 00 00 00 00 00 00 00 00 00 00 00 00
00 00 00 00 00 00 87 5c 00 00 00 00 b8 fd 7d 00 00 00 00 00 00 00 00 00 00 00 00 00
00 00 00 00 00 00 fe da 2e 00 00 1b f2 fd 36 00 00 00 00 00 00 00 00 00 00 00 00 00
00 00 00 00 00 00 aa fe fe d7 e4 ff fe 85 00 00 00 00 00 00 00 00 00 00 00 00 00 00
00 00 00 00 00 00 1f a0 ce fd d6 8c 6c 10 00 00 00 00 00 00 00 00 00 00 00 00 00 00
00 00 00 00 00 00 00 00 06 24 0b 00 00 00 00 00 00 00 00 00 00 00 00 00 00 00 00 00
00 00 00 00 00 00 00 00 00 00 00 00 00 00 00 00 00 00 00 00 00 00 00 00 00 00 00 00
00 00 00 00 00 00 00 00 00 00 00 00 00 00 00 00 00 00 00 00 00 00 00 00 00 00 00 00
00 00 00 00 00 00 00 00 00 00 00 00 00 00 00 00 00 00 00 00 00 00 00 00 00 00 00 00
00 00 00 00 00 00 00 00 00 00 00 00 00 00 00 00 00 00 00 00 00 00 00 00 00 00 00 00
00 00 00 00 00 00 00 00 00 00 00 00 00 00 00 00 00 00 00 00 00 00 00 00 00 00 00 00
