00 00 00 00 00 00 00 00 00 00 00 00 00 00 00 00 00 00 00 00 00 00 00 00 00 00 00 00
00 00 00 00 00 00 00 00 00 00 00 00 00 00 00 00 00 00 00 00 00 00 00 00 00 00 00 00
00 00 00 00 00 00 00 00 00 00 00 00 00 00 00 00 00 00 00 00 00 00 00 00 00 00 00 00
00 00 00 00 00 00 00 00 00 00 00 00 00 00 00 00 00 00 00 00 00 00 00 00 00 00 00 00
00 00 00 00 00 00 00 00 00 00 00 00 1d aa ff ff 8d 00 00 00 00 00 00 00 00 00 00 00
00 00 00 00 00 00 00 00 00 00 1d c6 ff ff ff e2 ff 56 00 00 00 00 00 00 00 00 00 00
00 00 00 00 00 00 00 00 00 8d ff ff aa 1d 00 56 ff ff 8d 00 00 00 00 00 00 00 00 00
00 00 00 00 00 00 00 1d e2 ff c6 39 00 00 00 00 e2 ff ff e2 72 00 00 00 00 00 00 00
00 00 00 00 00 00 1d ff ff 72 00 00 00 00 00 00 8d aa 72 ff ff 8d 00 00 00 00 00 00
00 00 00 00 00 00 e2 ff aa 00 00 00 00 00 00 00 1d 39 00 00 8d ff e2 00 00 00 00 00
00 00 00 00 00 39 ff aa 00 00 00 00 00 00 00 00 00 00 00 00 00 72 ff c6 00 00 00 00
00 00 00 00 00 e2 ff 00 00 00 00 00 00 00 00 00 00 00 00 00 00 00 aa ff 39 00 00 00
00 00 00 00 00 ff e2 00 00 00 00 00 00 00 00 00 00 00 00 00 00 00 00 ff aa 00 00 00
00 00 00 00 00 ff aa 00 00 00 00 00 00 00 00 00 00 00 00 00 00 00 00 72 c6 00 00 00
00 00 00 00 00 ff e2 00 00 00 00 00 00 00 00 00 00 00 00 00 00 00 00 56 ff 00 00 00
00 00 00 00 00 c6 ff 00 00 00 00 00 00 00 00 00 00 00 00 00 00 00 00 56 ff 00 00 00
00 00 00 00 00 72 ff 39 00 00 00 00 00 00 00 00 00 00 00 00 00 00 00 56 ff 00 00 00
00 00 00 00 00 1d ff e2 00 00 00 00 00 00 00 00 00 00 00 00 00 00 00 8d ff 00 00 00
00 00 00 00 00 00 aa ff aa 00 00 00 00 00 00 00 00 00 00 00 00 00 00 e2 c6 00 00 00
00 00 00 00 00 00 1d e2 ff aa 00 00 00 00 00 00 00 00 00 00 00 00 1d ff 72 00 00 00
00 00 00 00 00 00 00 1d e2 ff 8d 00 00 00 00 00 00 00 00 00 00 39 e2 e2 00 00 00 00
00 00 00 00 00 00 00 00 00 8d ff ff aa 56 00 00 00 00 1d 56 e2 ff e2 1d 00 00 00 00
00 00 00 00 00 00 00 00 00 00 56 c6 ff ff ff ff ff ff ff ff ff 8d 1d 00 00 00 00 00
00 00 00 00 00 00 00 00 00 00 00 00 1d 72 aa aa aa aa aa 56 00 00 00 00 00 00 00 00
00 00 00 00 00 00 00 00 00 00 00 00 00 00 00 00 00 00 00 00 00 00 00 00 00 00 00 00
00 00 00 00 00 00 00 00 00 00 00 00 00 00 00 00 00 00 00 00 00 00 00 00 00 00 00 00
00 00 00 00 00 00 00 00 00 00 00 00 00 00 00 00 00 00 00 00 00 00 00 00 00 00 00 00
00 00 00 00 00 00 00 00 00 00 00 00 00 00 00 00 00 00 00 00 00 00 00 00 00 00 00 00
