00 00 00 00 00 00 00 00 00 00 00 00 00 00 00 00 00 00 00 00 00 00 00 00 00 00 00 00
00 00 00 00 00 00 00 00 00 00 00 00 00 00 00 00 00 00 00 00 00 00 00 00 00 00 00 00
00 00 00 00 00 00 00 00 00 00 00 00 00 00 00 00 00 00 00 00 00 00 00 00 00 00 00 00
00 00 00 00 00 00 00 00 00 00 00 00 00 00 00 00 00 00 00 00 00 00 00 00 00 00 00 00
00 00 00 00 00 00 00 00 00 00 00 00 00 00 00 00 00 00 00 00 00 00 00 00 00 00 00 00
00 00 00 00 00 00 00 00 00 00 00 26 2b 69 ff fd fd fd fd fd ae 06 00 00 00 00 00 00
00 00 00 00 00 00 00 00 00 2b 8b e0 e2 fc fd fc fc fc fc fc fc 9e 0e 00 00 00 00 00
00 00 00 00 00 00 00 00 00 b2 fc fc fc fc fd fc fc fc fc fc fc fc 3b 00 00 00 00 00
00 00 00 00 00 00 00 00 00 6d fc fc e6 84 85 84 84 bd fc fc fc fc 3b 00 00 00 00 00
00 00 00 00 00 00 00 00 00 04 1d 1d 18 00 00 00 00 0e e2 fc fc ac 07 00 00 00 00 00
00 00 00 00 00 00 00 00 00 00 00 00 00 00 00 00 00 55 f3 fc fc 90 00 00 00 00 00 00
00 00 00 00 00 00 00 00 00 00 00 00 00 00 00 00 58 bd fc fc fc 0e 00 00 00 00 00 00
00 00 00 00 00 00 00 00 00 00 00 00 00 00 5b d4 f7 fc fc fc cc 09 00 00 00 00 00 00
00 00 00 00 00 00 00 00 00 20 7d c1 c1 c1 fd fc fc fc ee 66 1c 00 00 00 00 00 00 00
00 00 00 00 00 00 00 00 2d de fc fc fc fc fd fc fc fc b1 00 00 00 00 00 00 00 00 00
00 00 00 00 00 00 00 00 2d df fd fd fd fd ff fd fd fd fd 4a 00 00 00 00 00 00 00 00
00 00 00 00 00 00 00 00 00 1f 7b 34 2c 2c 2c 2c 8f fc fc 4a 00 00 00 00 00 00 00 00
00 00 00 00 00 00 00 00 00 00 00 00 00 00 00 00 0f fc fc 4a 00 00 00 00 00 00 00 00
00 00 00 00 00 00 00 00 00 00 00 00 00 00 00 00 56 fc fc 4a 00 00 00 00 00 00 00 00
00 00 00 00 00 00 05 4b 09 00 00 00 00 00 00 62 f2 fc fc 4a 00 00 00 00 00 00 00 00
00 00 00 00 00 3d b7 fc 1d 00 00 00 00 12 5c ef fc fc f3 41 00 00 00 00 00 00 00 00
00 00 00 00 00 d0 fc fc 93 86 86 86 86 cb fd fc fc bc 53 00 00 00 00 00 00 00 00 00
00 00 00 00 00 d0 fc fc fc fc fc fc fc fc fd e6 99 08 00 00 00 00 00 00 00 00 00 00
00 00 00 00 00 31 9d fc fc fc fc fc d9 cf 92 2d 00 00 00 00 00 00 00 00 00 00 00 00
00 00 00 00 00 00 07 67 eb fc ac 67 18 00 00 00 00 00 00 00 00 00 00 00 00 00 00 00
00 00 00 00 00 00 00 00 00 00 00 00 00 00 00 00 00 00 00 00 00 00 00 00 00 00 00 00
00 00 00 00 00 00 00 00 00 00 00 00 00 00 00 00 00 00 00 00 00 00 00 00 00 00 00 00
00 00 00 00 00 00 00 00 00 00 00 00 00 00 00 00 00 00 00 00 00 00 00 00 00 00 00 00
