00 00 00 00 00 00 00 00 00 00 00 00 00 00 00 00 00 00 00 00 00 00 00 00 00 00 00 00
00 00 00 00 00 00 00 00 00 00 00 00 00 00 00 00 00 00 00 00 00 00 00 00 00 00 00 00
00 00 00 00 00 00 00 00 00 00 00 00 00 00 00 00 00 00 00 00 00 00 00 00 00 00 00 00
00 00 00 00 00 00 00 00 00 00 00 00 00 40 bf 46 00 00 00 00 00 00 00 00 00 00 00 00
00 00 00 00 00 00 00 00 00 00 00 00 44 f3 fd f9 3f 00 00 00 00 00 00 00 00 00 00 00
00 00 00 00 00 00 00 00 00 00 00 1e df fd fd f7 29 00 00 00 00 00 00 00 00 00 00 00
00 00 00 00 00 00 00 00 00 00 49 ee fd fd fd f2 00 00 00 00 00 00 00 00 00 00 00 00
00 00 00 00 00 00 00 00 00 49 ec fd fd fd fd f2 00 00 00 00 00 00 00 00 00 00 00 00
00 00 00 00 00 00 00 00 00 b6 fd fd bf f7 fd 95 00 00 00 00 00 00 00 00 00 00 00 00
00 00 00 00 00 00 00 00 00 8d fd 8f 56 f9 fd 7a 00 00 00 00 00 00 00 00 00 00 00 00
00 00 00 00 00 00 00 00 00 09 24 07 0e e9 fd 7a 00 00 00 00 00 00 00 00 00 00 00 00
00 00 00 00 00 00 00 00 00 00 00 00 00 e6 fd 7a 00 00 00 00 00 00 00 00 00 00 00 00
00 00 00 00 00 00 00 00 00 00 00 00 00 e6 fd 7a 00 00 00 00 00 00 00 00 00 00 00 00
00 00 00 00 00 00 00 00 00 00 00 00 00 e7 ff 7b 00 00 00 00 00 00 00 00 00 00 00 00
00 00 00 00 00 00 00 00 00 00 00 00 00 e6 fd 34 00 00 00 00 00 00 00 00 00 00 00 00
00 00 00 00 00 00 00 00 00 00 00 00 3d f5 fd 00 00 00 00 00 00 00 00 00 00 00 00 00
00 00 00 00 00 00 00 00 00 00 00 00 62 fd fd 00 00 00 00 23 0c 00 00 00 00 00 00 00
00 00 00 00 00 00 00 00 00 00 00 00 62 fd fd 00 00 09 8e e9 92 00 00 00 00 00 00 00
00 00 00 00 00 00 00 00 00 00 00 00 be fd fd 80 07 63 fd fd b4 00 00 00 00 00 00 00
00 00 00 00 00 00 00 00 00 00 00 1d e6 fd fd fc d2 fd fd fd 8c 00 00 00 00 00 00 00
00 00 00 00 00 00 00 00 00 00 1c cf fd fd fd fe fd fd eb 46 09 00 00 00 00 00 00 00
00 00 00 00 00 00 00 00 00 00 7e fd fd fd fd fe fd a8 13 00 00 00 00 00 00 00 00 00
00 00 00 00 00 00 00 00 00 00 4f fd fd c9 be 84 3f 05 00 00 00 00 00 00 00 00 00 00
00 00 00 00 00 00 00 00 00 00 00 00 00 00 00 00 00 00 00 00 00 00 00 00 00 00 00 00
00 00 00 00 00 00 00 00 00 00 00 00 00 00 00 00 00 00 00 00 00 00 00 00 00 00 00 00
00 00 00 00 00 00 00 00 00 00 00 00 00 00 00 00 00 00 00 00 00 00 00 00 00 00 00 00
00 00 00 00 00 00 00 00 00 00 00 00 00 00 00 00 00 00 00 00 00 00 00 00 00 00 00 00
00 00 00 00 00 00 00 00 00 00 00 00 00 00 00 00 00 00 00 00 00 00 00 00 00 00 00 00
