00 00 00 00 00 00 00 00 00 00 00 00 00 00 00 00 00 00 00 00 00 00 00 00 00 00 00 00
00 00 00 00 00 00 00 00 00 00 00 00 00 00 00 00 00 00 00 00 00 00 00 00 00 00 00 00
00 00 00 00 00 00 00 00 00 00 00 00 00 00 05 86 ff 71 00 00 00 00 00 00 00 00 00 00
00 00 00 00 00 00 00 00 00 00 00 00 00 00 56 d6 fd 70 00 00 00 00 00 00 00 00 00 00
00 00 00 00 00 00 00 00 00 00 00 00 00 00 00 8a fd a3 00 00 00 00 00 00 00 00 00 00
00 00 00 00 00 00 00 00 00 00 00 00 00 00 13 c6 fd 31 00 00 00 00 00 00 00 00 00 00
00 00 00 00 00 00 00 00 00 00 00 00 00 00 ba fd d0 13 00 00 00 00 00 00 00 00 00 00
00 00 00 00 00 00 00 00 00 00 00 00 00 36 e5 f3 5c 00 00 00 00 00 00 00 00 00 00 00
00 00 00 00 00 00 00 00 00 00 00 00 21 e4 fd a4 00 00 00 00 00 00 00 00 00 00 00 00
00 00 00 00 00 00 00 00 00 00 00 00 87 fd ba 14 00 00 00 00 00 00 00 00 00 00 00 00
00 00 00 00 00 00 00 00 00 00 00 3b e6 fd 44 00 00 00 14 38 23 00 00 00 00 00 00 00
00 00 00 00 00 00 00 00 00 00 0a bc fd b6 12 11 3f a2 d1 fd e3 30 00 00 00 00 00 00
00 00 00 00 00 00 00 00 00 00 47 fd d7 12 11 b3 fd fd fd fd fd 94 00 00 00 00 00 00
00 00 00 00 00 00 00 00 00 19 e9 fd 6b 00 9f fd fd c1 88 65 f4 94 00 00 00 00 00 00
00 00 00 00 00 00 00 00 00 47 fd b2 10 55 f0 e7 88 0a 00 4c f8 94 00 00 00 00 00 00
00 00 00 00 00 00 00 00 09 bd fd 56 2a f1 fd b9 00 00 00 5e db 25 00 00 00 00 00 00
00 00 00 00 00 00 00 00 47 fd f0 47 b9 fd 9a 1b 00 00 21 d5 6d 00 00 00 00 00 00 00
00 00 00 00 00 00 00 00 95 fd d8 5d fd e7 29 00 00 51 d5 fd 5b 00 00 00 00 00 00 00
00 00 00 00 00 00 00 00 95 fd d8 75 fd dd 6a 6a 8e f9 fd d6 12 00 00 00 00 00 00 00
00 00 00 00 00 00 00 00 22 fd fb 9d d6 fd fd fd fd fd 76 0c 00 00 00 00 00 00 00 00
00 00 00 00 00 00 00 00 02 9f fd fd fd fd fd fd db 23 02 00 00 00 00 00 00 00 00 00
00 00 00 00 00 00 00 00 00 22 fd fd fd fd df 60 04 00 00 00 00 00 00 00 00 00 00 00
00 00 00 00 00 00 00 00 00 00 00 00 00 00 00 00 00 00 00 00 00 00 00 00 00 00 00 00
00 00 00 00 00 00 00 00 00 00 00 00 00 00 00 00 00 00 00 00 00 00 00 00 00 00 00 00
00 00 00 00 00 00 00 00 00 00 00 00 00 00 00 00 00 00 00 00 00 00 00 00 00 00 00 00
00 00 00 00 00 00 00 00 00 00 00 00 00 00 00 00 00 00 00 00 00 00 00 00 00 00 00 00
00 00 00 00 00 00 00 00 00 00 00 00 00 00 00 00 00 00 00 00 00 00 00 00 00 00 00 00
00 00 00 00 00 00 00 00 00 00 00 00 00 00 00 00 00 00 00 00 00 00 00 00 00 00 00 00
