00 00 00 00 00 00 00 00 00 00 00 00 00 00 00 00 00 00 00 00 00 00 00 00 00 00 00 00
00 00 00 00 00 00 00 00 00 00 00 00 00 00 00 00 00 00 00 00 00 00 00 00 00 00 00 00
00 00 00 00 00 00 00 00 00 00 00 00 00 00 00 00 00 00 00 00 00 00 00 00 00 00 00 00
00 00 00 00 00 00 00 00 00 00 00 00 00 00 00 00 00 00 00 00 00 00 00 00 00 00 00 00
00 00 00 00 00 00 00 00 00 00 00 00 00 00 00 00 00 00 00 00 00 00 00 00 00 00 00 00
00 00 00 00 00 00 00 00 00 57 9f fd 9f f3 bf 3d 00 00 00 00 00 00 00 00 00 00 00 00
00 00 00 00 00 00 00 00 4a fd fc fc fc fc fd ec 41 00 00 00 00 00 00 00 00 00 00 00
00 00 00 00 00 00 00 1a cd fd fc fc fc fc fd fc ca 0d 00 00 00 00 00 00 00 00 00 00
00 00 00 00 00 00 00 3b a0 cb a0 a0 a0 6c fd fc fc 2d 00 00 00 00 00 00 00 00 00 00
00 00 00 00 00 00 00 00 00 0b 00 00 00 35 fd fc fc 2d 00 00 00 00 00 00 00 00 00 00
00 00 00 00 00 00 00 00 00 00 00 00 00 e7 ff fd ad 00 00 00 00 00 00 00 00 00 00 00
00 00 00 00 00 00 00 00 00 00 09 2f 8c f4 fd fc 66 09 00 00 00 00 00 00 00 00 00 00
00 00 00 00 00 00 00 00 00 00 82 fc fc fc fd fc fc 4d 00 00 00 00 00 00 00 00 00 00
00 00 00 00 00 00 00 00 00 3e ec fc fc 40 d3 fc fc c2 09 00 00 00 00 00 00 00 00 00
00 00 00 00 00 00 00 00 00 4c d3 dd 2b 02 56 fc fc fc 80 00 00 00 00 00 00 00 00 00
00 00 00 00 00 00 00 00 00 00 00 00 00 00 00 64 fd fd 94 00 00 00 00 00 00 00 00 00
00 00 00 00 00 00 00 00 00 00 00 00 00 00 00 2f fc fc fc 4a 00 00 00 00 00 00 00 00
00 00 00 00 00 00 00 00 00 00 00 00 00 00 00 22 ea fc fc c7 00 00 00 00 00 00 00 00
00 00 00 00 00 00 00 00 00 00 00 00 00 00 00 00 5a fc fc b2 00 00 00 00 00 00 00 00
00 00 00 00 00 00 00 00 00 00 00 00 00 00 00 00 7a fc fc 7e 00 00 00 00 00 00 00 00
00 00 00 00 00 00 00 00 00 57 9a 00 00 00 00 24 de fd f3 00 00 00 00 00 00 00 00 00
00 00 00 00 00 00 00 00 00 8a ec 4e 09 16 39 db fc eb 3c 00 00 00 00 00 00 00 00 00
00 00 00 00 00 00 00 00 00 8a fc fc c4 d7 fd fc fc 80 00 00 00 00 00 00 00 00 00 00
00 00 00 00 00 00 00 00 00 61 fc fc fc fc fd fc 65 09 00 00 00 00 00 00 00 00 00 00
00 00 00 00 00 00 00 00 00 0d d3 fc fc c8 89 40 06 00 00 00 00 00 00 00 00 00 00 00
00 00 00 00 00 00 00 00 00 00 00 00 00 00 00 00 00 00 00 00 00 00 00 00 00 00 00 00
00 00 00 00 00 00 00 00 00 00 00 00 00 00 00 00 00 00 00 00 00 00 00 00 00 00 00 00
00 00 00 00 00 00 00 00 00 00 00 00 00 00 00 00 00 00 00 00 00 00 00 00 00 00 00 00
