00 00 00 00 00 00 00 00 00 00 00 00 00 00 00 00 00 00 00 00 00 00 00 00 00 00 00 00
00 00 00 00 00 00 00 00 00 00 00 00 00 00 00 00 00 00 00 00 00 00 00 00 00 00 00 00
00 00 00 00 00 00 00 00 00 00 00 00 00 00 00 00 00 00 00 00 00 00 00 00 00 00 00 00
00 00 00 00 00 00 00 00 00 00 00 00 00 00 00 00 00 00 00 00 00 00 00 00 00 00 00 00
00 00 00 00 00 00 00 00 00 00 00 00 00 00 00 00 00 00 00 00 00 00 00 00 00 00 00 00
00 00 00 00 00 00 00 00 00 00 00 00 00 00 3e 5b d5 ff e4 5b 0c 00 00 00 00 00 00 00
00 00 00 00 00 00 00 00 00 00 00 00 00 46 e6 fd fd fd fd fd 98 07 00 00 00 00 00 00
00 00 00 00 00 00 00 00 00 00 00 00 00 f6 fd fd fd fd fd fd fd 6a 00 00 00 00 00 00
00 00 00 00 00 00 00 00 00 00 00 00 15 f7 fd fd fd fd fd fd d0 18 00 00 00 00 00 00
00 00 00 00 00 00 00 00 00 00 00 00 9c fd fd fd fd fd fd fd c3 00 00 00 00 00 00 00
00 00 00 00 00 00 00 00 00 00 00 58 ee fd fd fd dd fd fd fd c3 00 00 00 00 00 00 00
00 00 00 00 00 00 00 00 00 00 00 e6 fd fd fd c6 28 b1 fd fd c3 00 00 00 00 00 00 00
00 00 00 00 00 00 00 00 00 38 9c fb fd bd b6 0f 00 56 f0 fd d2 1c 00 00 00 00 00 00
00 00 00 00 00 00 00 00 00 d5 fd fd 9c 03 00 00 00 00 cd fd fd 6a 00 00 00 00 00 00
00 00 00 00 00 00 00 00 79 fc fd 87 03 00 00 00 00 00 2e fd fd 6a 00 00 00 00 00 00
00 00 00 00 00 00 00 1c d4 fd f8 17 00 00 00 00 00 00 2a fd fd 6a 00 00 00 00 00 00
00 00 00 00 00 00 00 c5 fd ea 46 00 00 00 00 00 00 00 2a fd fd 6a 00 00 00 00 00 00
00 00 00 00 00 00 0b ca fd bb 00 00 00 00 00 00 00 00 3a fd d2 1b 00 00 00 00 00 00
00 00 00 00 00 00 6b fd fd 28 00 00 00 00 00 00 00 35 e3 fd c3 00 00 00 00 00 00 00
00 00 00 00 00 00 6b fd fd 28 00 00 00 00 00 00 2f e3 fd e7 3a 00 00 00 00 00 00 00
00 00 00 00 00 00 6b fd fd 28 00 00 00 00 05 83 de fd e7 3b 00 00 00 00 00 00 00 00
00 00 00 00 00 00 0e cc fd e2 de 49 3a 3a aa fd fd e3 3a 00 00 00 00 00 00 00 00 00
00 00 00 00 00 00 00 c5 fd fd fd fd fd fd fd fd ee 3a 00 00 00 00 00 00 00 00 00 00
00 00 00 00 00 00 00 21 b3 f1 fd fd fd fd fa 74 0e 00 00 00 00 00 00 00 00 00 00 00
00 00 00 00 00 00 00 00 00 4b b3 fd 97 59 56 00 00 00 00 00 00 00 00 00 00 00 00 00
00 00 00 00 00 00 00 00 00 00 00 00 00 00 00 00 00 00 00 00 00 00 00 00 00 00 00 00
00 00 00 00 00 00 00 00 00 00 00 00 00 00 00 00 00 00 00 00 00 00 00 00 00 00 00 00
00 00 00 00 00 00 00 00 00 00 00 00 00 00 00 00 00 00 00 00 00 00 00 00 00 00 00 00
