00 00 00 00 00 00 00 00 00 00 00 00 00 00 00 00 00 00 00 00 00 00 00 00 00 00 00 00
00 00 00 00 00 00 00 00 00 00 00 00 00 00 00 00 00 00 00 00 00 00 00 00 00 00 00 00
00 00 00 00 00 00 00 00 00 00 00 00 00 00 00 00 00 00 00 00 00 00 00 00 00 00 00 00
00 00 00 00 00 00 00 00 00 00 00 00 00 00 00 00 00 00 00 00 00 00 00 00 00 00 00 00
00 00 00 00 00 00 00 00 00 00 00 00 22 50 50 50 3a 00 00 00 00 00 00 00 00 00 00 00
00 00 00 00 00 00 00 00 00 8a 9f 9f c7 fe fe fe e4 42 00 00 00 00 00 00 00 00 00 00
00 00 00 00 00 00 27 3e a0 fc fe fe fe fe e9 e9 fe f5 43 00 00 00 00 00 00 00 00 00
00 00 00 00 00 2d d4 fe fe fe ba 72 72 72 4a 4b fb fe c9 00 00 00 00 00 00 00 00 00
00 00 00 00 00 e9 fe f4 d2 3a 12 00 00 00 00 1e f9 fe c9 00 00 00 00 00 00 00 00 00
00 00 00 00 00 83 83 64 00 00 00 00 00 00 00 a8 fe fe c9 00 00 00 00 00 00 00 00 00
00 00 00 00 00 00 00 00 00 00 00 00 00 00 47 ed fe fe 3d 00 00 00 00 00 00 00 00 00
00 00 00 00 00 00 00 00 00 00 00 00 00 04 9d fe fe c0 0f 00 00 00 00 00 00 00 00 00
00 00 00 00 00 00 00 00 00 00 00 00 04 8c fe fe cb 1d 00 00 00 00 00 00 00 00 00 00
00 00 00 00 00 00 00 00 00 00 00 00 6b fe fe fe 7b 00 00 00 00 00 00 00 00 00 00 00
00 00 00 00 00 00 00 00 00 00 00 12 cc fe c4 57 03 00 00 00 00 00 00 00 00 00 00 00
00 00 00 00 00 00 00 00 00 00 23 d4 fe fc 79 00 00 00 00 00 00 00 00 00 00 00 00 00
00 00 00 00 00 00 00 00 00 00 7c fe c0 65 00 00 00 00 00 00 00 00 00 00 00 00 00 00
00 00 00 00 00 00 00 00 00 4d f2 f9 76 00 00 00 00 00 00 00 00 00 00 00 00 00 00 00
00 00 00 00 00 00 00 00 00 dd fe e4 00 00 00 00 00 00 00 00 00 00 00 00 00 00 00 00
00 00 00 00 00 00 00 00 00 c4 fe fa 7c 00 00 00 00 00 00 00 00 00 00 00 00 00 00 00
00 00 00 00 00 00 00 00 00 2d fe fe c4 74 4c 00 70 30 00 00 10 74 74 74 74 00 00 00
00 00 00 00 00 00 00 00 00 0b 9a fe fe fe ea c2 fd db c2 c2 cb fe f1 ed ed 00 00 00
00 00 00 00 00 00 00 00 00 00 4d 9d c6 fe fe fe fe fe fe fe ad 9d 26 00 00 00 00 00
00 00 00 00 00 00 00 00 00 00 00 00 21 4e 4e 4e 4e 4e 4e 4e 0d 00 00 00 00 00 00 00
00 00 00 00 00 00 00 00 00 00 00 00 00 00 00 00 00 00 00 00 00 00 00 00 00 00 00 00
00 00 00 00 00 00 00 00 00 00 00 00 00 00 00 00 00 00 00 00 00 00 00 00 00 00 00 00
00 00 00 00 00 00 00 00 00 00 00 00 00 00 00 00 00 00 00 00 00 00 00 00 00 00 00 00
00 00 00 00 00 00 00 00 00 00 00 00 00 00 00 00 00 00 00 00 00 00 00 00 00 00 00 00
