00 00 00 00 00 00 00 00 00 00 00 00 00 00 00 00 00 00 00 00 00 00 00 00 00 00 00 00
00 00 00 00 00 00 00 00 00 00 00 00 00 00 00 00 00 00 00 00 00 00 00 00 00 00 00 00
00 00 00 00 00 00 00 00 00 00 00 00 00 00 00 00 00 00 00 00 00 00 00 00 00 00 00 00
00 00 00 00 00 00 00 00 00 00 00 00 00 00 00 00 00 00 00 00 00 00 00 00 00 00 00 00
00 00 00 00 00 00 00 00 00 00 00 00 00 00 00 00 00 00 00 00 00 00 00 00 00 00 00 00
00 00 00 00 00 00 00 00 00 00 00 00 00 00 00 00 00 00 00 00 00 00 00 00 00 00 00 00
00 00 00 00 00 00 00 00 00 00 00 00 00 00 00 00 00 00 00 00 00 00 00 00 00 00 00 00
00 00 00 00 00 00 00 00 00 00 00 00 00 00 00 00 00 20 81 fd c0 0f 00 00 00 00 00 00
00 00 00 00 00 00 00 00 00 00 00 00 00 15 5e d9 da e3 fc fc fd 9f 00 00 00 00 00 00
00 00 00 00 00 00 00 00 00 00 06 25 b6 c9 fc fc fd fc fc fc fd 4c 00 00 00 00 00 00
00 00 00 00 00 00 00 00 00 01 78 fc fd fc fc fc fd fc fc fc fd 23 00 00 00 00 00 00
00 00 00 00 00 00 00 3f 6d e8 fc fc fd fc ae 8f 2f e8 fc fc 90 00 00 00 00 00 00 00
00 00 00 00 00 00 49 ed fc fc fc d2 b4 8a 0a 00 e9 fc fc d2 14 00 00 00 00 00 00 00
00 00 00 00 00 00 48 ec d7 5b 47 1f 00 00 00 15 fd fc f6 5c 00 00 00 00 00 00 00 00
00 00 00 00 00 00 00 3e 00 00 00 00 00 00 15 ce fd d2 5c 00 00 00 00 00 00 00 00 00
00 00 00 00 00 00 00 00 00 00 00 00 00 00 b6 fd d0 14 00 00 00 00 00 00 00 00 00 00
00 00 00 00 00 00 00 00 00 00 00 00 00 69 f2 fc 14 00 00 00 00 00 00 00 00 00 00 00
00 00 00 00 00 00 00 00 00 00 00 00 4f f2 fc e7 00 00 00 00 00 00 00 00 00 00 00 00
00 00 00 00 00 00 00 00 00 00 00 00 bf fc e7 2e 00 00 00 00 00 00 00 00 00 00 00 00
00 00 00 00 00 00 00 00 00 00 10 bf ff de 29 00 00 00 00 00 00 00 00 00 00 00 00 00
00 00 00 00 00 00 00 00 00 00 4e fc fd 8a 00 00 00 00 00 00 00 00 00 00 00 00 00 00
00 00 00 00 00 00 00 00 00 9c e8 fc af 0a 00 00 00 00 00 00 00 00 00 00 00 00 00 00
00 00 00 00 00 00 00 00 3f ed fc fc 3e 00 00 00 00 00 00 00 00 00 00 00 00 00 00 00
00 00 00 00 00 00 00 01 fd fd d9 00 00 00 00 00 00 00 00 00 00 00 00 00 00 00 00 00
00 00 00 00 00 00 00 7d fc e7 47 00 00 00 00 00 00 00 00 00 00 00 00 00 00 00 00 00
00 00 00 00 00 00 1b dd fc 4c 00 00 00 00 00 00 00 00 00 00 00 00 00 00 00 00 00 00
00 00 00 00 00 00 25 fc bd 0f 00 00 00 00 00 00 00 00 00 00 00 00 00 00 00 00 00 00
00 00 00 00 00 00 00 00 00 00 00 00 00 00 00 00 00 00 00 00 00 00 00 00 00 00 00 00
