00 00 00 00 00 00 00 00 00 00 00 00 00 00 00 00 00 00 00 00 00 00 00 00 00 00 00 00
00 00 00 00 00 00 00 00 00 00 00 00 00 00 00 00 00 00 00 00 00 00 00 00 00 00 00 00
00 00 00 00 00 00 00 00 00 00 00 00 00 00 00 00 00 00 00 00 00 00 00 00 00 00 00 00
00 00 00 00 00 00 00 00 00 00 00 00 00 00 00 00 00 00 00 00 00 00 00 00 00 00 00 00
00 00 00 00 00 00 00 00 00 00 00 0f 8a c9 fd ff e8 6b 05 00 00 00 00 00 00 00 00 00
00 00 00 00 00 00 00 00 00 00 0f db fc fc d2 cf d6 fc 77 00 00 00 00 00 00 00 00 00
00 00 00 00 00 00 00 00 00 00 8a fc e9 59 06 00 0d ca 80 00 00 00 00 00 00 00 00 00
00 00 00 00 00 00 00 00 00 2b fd fc b7 00 00 00 00 9f 1d 00 00 00 00 00 00 00 00 00
00 00 00 00 00 00 00 00 00 74 fd fc 4f 00 00 00 00 3f 2b dc 6a 00 00 00 00 00 00 00
00 00 00 00 00 00 00 00 00 74 ff e8 26 00 00 00 00 07 d4 fd e7 00 00 00 00 00 00 00
00 00 00 00 00 00 00 00 00 2a fd fc 9a 1e 00 00 09 9b fc fc e6 00 00 00 00 00 00 00
00 00 00 00 00 00 00 00 00 00 de fc fc e3 b8 84 c5 fc fc fc c7 00 00 00 00 00 00 00
00 00 00 00 00 00 00 00 00 00 19 77 a0 ec fc fd fc e3 a0 f4 74 00 00 00 00 00 00 00
00 00 00 00 00 00 00 00 00 00 9e 00 00 3d 55 4b 16 10 00 b2 dc 00 00 00 00 00 00 00
00 00 00 00 00 00 00 00 09 80 0b 00 00 00 00 00 00 00 00 e7 e7 00 00 00 00 00 00 00
00 00 00 00 00 00 00 00 5d fc 74 00 00 00 00 00 00 00 00 9d e6 00 00 00 00 00 00 00
00 00 00 00 00 00 00 00 5d fc 74 00 00 00 00 00 00 00 00 74 ed 19 00 00 00 00 00 00
00 00 00 00 00 00 00 00 86 fc 3f 00 00 00 00 00 00 00 00 74 ea 11 00 00 00 00 00 00
00 00 00 00 00 00 00 00 67 fc 74 00 00 00 00 00 00 00 00 dc f1 2a 00 00 00 00 00 00
00 00 00 00 00 00 00 00 5d fd f4 3d 00 00 00 00 00 26 e9 fd dd 00 00 00 00 00 00 00
00 00 00 00 00 00 00 00 22 d9 fd ec 81 09 00 00 1e 9b fc e7 2a 00 00 00 00 00 00 00
00 00 00 00 00 00 00 00 00 54 fd fc fc c4 50 b9 e4 fc e3 83 00 00 00 00 00 00 00 00
00 00 00 00 00 00 00 00 00 00 38 db fc fc fc fd fc fc 77 15 00 00 00 00 00 00 00 00
00 00 00 00 00 00 00 00 00 00 00 0f 36 b3 93 be 75 16 04 00 00 00 00 00 00 00 00 00
00 00 00 00 00 00 00 00 00 00 00 00 00 00 00 00 00 00 00 00 00 00 00 00 00 00 00 00
00 00 00 00 00 00 00 00 00 00 00 00 00 00 00 00 00 00 00 00 00 00 00 00 00 00 00 00
00 00 00 00 00 00 00 00 00 00 00 00 00 00 00 00 00 00 00 00 00 00 00 00 00 00 00 00
00 00 00 00 00 00 00 00 00 00 00 00 00 00 00 00 00 00 00 00 00 00 00 00 00 00 00 00
