00 00 00 00 00 00 00 00 00 00 00 00 00 00 00 00 00 00 00 00 00 00 00 00 00 00 00 00
00 00 00 00 00 00 00 00 00 00 00 00 00 00 00 00 00 00 00 00 00 00 00 00 00 00 00 00
00 00 00 00 00 00 00 00 00 00 00 00 00 00 00 00 00 00 00 00 00 00 00 00 00 00 00 00
00 00 00 00 00 00 00 00 00 00 00 00 00 00 00 00 00 00 00 00 00 00 00 00 00 00 00 00
00 00 00 00 00 00 00 00 00 00 00 00 00 00 00 00 00 00 00 00 00 00 00 00 00 00 00 00
00 00 00 00 00 00 00 00 00 00 00 00 00 1c c3 fe fe fe fe fe ff 3d 00 00 00 00 00 00
00 00 00 00 00 00 00 00 00 00 00 00 06 bf fd fd fd fd fd fd fd 3c 00 00 00 00 00 00
00 00 00 00 00 00 00 00 00 00 00 1a be fd fd fd fd f0 bf f2 fd 3c 00 00 00 00 00 00
00 00 00 00 00 00 00 00 00 00 0f bb fd fd fd fd fd c8 00 d3 fd 3c 00 00 00 00 00 00
00 00 00 00 00 00 00 00 00 16 42 fd fd fd fd f1 d1 2c 17 da fd 3c 00 00 00 00 00 00
00 00 00 00 00 00 00 00 00 7c fd fd fd fd fd b6 00 00 83 fd fd 3c 00 00 00 00 00 00
00 00 00 00 00 00 00 00 00 26 d9 fd fd f4 6f 25 00 00 83 fd fd 3c 00 00 00 00 00 00
00 00 00 00 00 00 00 00 00 7c fd fd fd a5 00 00 00 16 b6 fd fd 3c 00 00 00 00 00 00
00 00 00 00 00 00 00 00 00 7c fd fd f0 2d 00 00 00 35 fd fd f9 3a 00 00 00 00 00 00
00 00 00 00 00 00 00 00 10 a8 fd d8 2d 00 00 00 00 35 fd fd 8a 00 00 00 00 00 00 00
00 00 00 00 00 00 00 00 9f fd fd 93 00 00 00 00 00 35 fd fd 8a 00 00 00 00 00 00 00
00 00 00 00 00 00 00 88 fc fd e3 05 00 00 00 00 00 35 fd f3 65 00 00 00 00 00 00 00
00 00 00 00 00 00 00 8c fd fd 7c 00 00 00 00 00 00 9c fd da 00 00 00 00 00 00 00 00
00 00 00 00 00 00 0d a4 fd 8e 05 00 00 00 00 00 20 e9 fd da 00 00 00 00 00 00 00 00
00 00 00 00 00 00 3e fd fd 82 00 00 00 00 00 25 cb fd fd 7f 00 00 00 00 00 00 00 00
00 00 00 00 00 00 3e fd fd 93 24 24 24 24 97 de fd f5 7f 08 00 00 00 00 00 00 00 00
00 00 00 00 00 00 22 ca fd fd fd fd fd fd fd fd fd c8 00 00 00 00 00 00 00 00 00 00
00 00 00 00 00 00 00 8c fd fd fd fd fd fd fd f8 eb 41 00 00 00 00 00 00 00 00 00 00
00 00 00 00 00 00 00 57 ad fd fd fd fd fd fd b6 00 00 00 00 00 00 00 00 00 00 00 00
00 00 00 00 00 00 00 00 0e 4e 60 fd fd fd 89 38 00 00 00 00 00 00 00 00 00 00 00 00
00 00 00 00 00 00 00 00 00 00 00 00 00 00 00 00 00 00 00 00 00 00 00 00 00 00 00 00
00 00 00 00 00 00 00 00 00 00 00 00 00 00 00 00 00 00 00 00 00 00 00 00 00 00 00 00
00 00 00 00 00 00 00 00 00 00 00 00 00 00 00 00 00 00 00 00 00 00 00 00 00 00 00 00
