00 00 00 00 00 00 00 00 00 00 00 00 00 00 00 00 00 00 00 00 00 00 00 00 00 00 00 00
00 00 00 00 00 00 00 00 00 00 00 00 00 00 00 00 00 00 00 00 00 00 00 00 00 00 00 00
00 00 00 00 00 00 00 00 00 00 00 00 00 00 00 00 00 00 00 00 00 00 00 00 00 00 00 00
00 00 00 00 00 00 00 00 00 00 08 4e 9c d1 a5 2b 0b 00 00 00 00 00 00 00 00 00 00 00
00 00 00 00 00 00 00 00 00 74 9d fc fc fc fc fd cd 33 00 00 00 00 00 00 00 00 00 00
00 00 00 00 00 00 00 00 00 d3 fd fc fc fc fc fd fc e1 07 00 00 00 00 00 00 00 00 00
00 00 00 00 00 00 00 00 00 d3 fd fc fc fc fc e3 fc fc c4 1c 00 00 00 00 00 00 00 00
00 00 00 00 00 00 00 00 00 d3 fd fc fc e2 3b 2a b6 fc fc 81 00 00 00 00 00 00 00 00
00 00 00 00 00 00 00 00 00 d4 fe de 6a 00 00 00 24 e0 fd fd 3e 00 00 00 00 00 00 00
00 00 00 00 00 00 00 00 00 35 3f 10 00 00 00 00 00 30 fc fc 8d 00 00 00 00 00 00 00
00 00 00 00 00 00 00 00 00 00 00 00 00 00 00 00 00 0b d2 fc d7 06 00 00 00 00 00 00
00 00 00 00 00 00 00 00 00 00 00 00 00 00 00 00 00 00 63 fc fd 3f 00 00 00 00 00 00
00 00 00 00 00 00 00 00 00 00 00 00 00 00 00 00 00 00 0b da fd 3f 00 00 00 00 00 00
00 00 00 00 00 00 00 00 00 00 00 00 00 00 00 00 00 00 00 d4 ff 3f 00 00 00 00 00 00
00 00 00 00 00 00 00 00 00 00 0f 55 55 55 55 55 39 00 00 d3 fd 6b 00 00 00 00 00 00
00 00 00 00 00 00 00 02 5c 7f c0 fc fc fc fc fd f6 e8 e8 f9 fd 3f 00 00 00 00 00 00
00 00 00 00 00 00 00 5c fc fc fd fc fc fc fc fd fc fc fc fc fd 85 00 00 00 00 00 00
00 00 00 00 00 00 00 d7 fc fc fd fc fc fc fc fd fc fc fc fc fd cb 09 00 00 00 00 00
00 00 00 00 00 00 55 fd fd fd c2 6a 35 00 00 3e 78 9c fd fd ff fd bc 00 00 00 00 00
00 00 00 00 00 00 55 fc fc fc 81 39 47 00 47 92 d3 fc fc fc a0 e7 e7 00 00 00 00 00
00 00 00 00 00 00 55 fc fc fc fd f6 f9 e8 f9 fd fc fc fc f4 35 33 48 00 00 00 00 00
00 00 00 00 00 00 40 f7 fc fc fd fc fc fc fc fd fc fc ec 42 00 00 00 00 00 00 00 00
00 00 00 00 00 00 00 38 fc fc fd fc fc fc fc fd fc eb 1f 00 00 00 00 00 00 00 00 00
00 00 00 00 00 00 00 00 00 00 00 00 00 00 00 00 00 00 00 00 00 00 00 00 00 00 00 00
00 00 00 00 00 00 00 00 00 00 00 00 00 00 00 00 00 00 00 00 00 00 00 00 00 00 00 00
00 00 00 00 00 00 00 00 00 00 00 00 00 00 00 00 00 00 00 00 00 00 00 00 00 00 00 00
00 00 00 00 00 00 00 00 00 00 00 00 00 00 00 00 00 00 00 00 00 00 00 00 00 00 00 00
00 00 00 00 00 00 00 00 00 00 00 00 00 00 00 00 00 00 00 00 00 00 00 00 00 00 00 00
