00 00 00 00 00 00 00 00 00 00 00 00 00 00 00 00 00 00 00 00 00 00 00 00 00 00 00 00
00 00 00 00 00 00 00 00 00 00 00 00 00 00 00 00 00 00 00 00 00 00 00 00 00 00 00 00
00 00 00 00 00 00 00 00 00 00 00 00 00 00 00 00 00 00 00 00 00 00 00 00 00 00 00 00
00 00 00 00 00 00 00 00 00 00 00 00 00 00 00 00 00 00 00 00 00 00 00 00 00 00 00 00
00 00 00 00 00 00 00 00 00 00 00 00 00 00 00 00 00 00 00 00 00 00 00 00 00 00 00 00
00 00 00 00 00 00 00 00 00 00 00 00 4d d3 fe fe ff fe 85 08 00 24 62 03 00 00 00 00
00 00 00 00 00 00 00 00 00 00 00 01 9d fd fd f3 ad 64 fa 7b 07 93 ba 0e 00 00 00 00
00 00 00 00 00 00 00 00 00 00 00 06 fd e1 52 39 00 00 f9 f4 bb f0 2a 00 00 00 00 00
00 00 00 00 00 00 00 00 00 00 00 b7 ec 36 00 00 00 00 f9 fd fd bc 00 00 00 00 00 00
00 00 00 00 00 00 00 00 00 00 00 f3 ee 21 00 00 22 c5 fc fd fd 93 00 00 00 00 00 00
00 00 00 00 00 00 00 00 00 00 00 c1 fd c7 00 00 c8 fd fd fd d3 08 00 00 00 00 00 00
00 00 00 00 00 00 00 00 00 00 00 0b fb fc a0 d7 fc fd f5 3d 09 00 00 00 00 00 00 00
00 00 00 00 00 00 00 00 00 00 00 00 83 fd fd fd fd f3 39 00 00 00 00 00 00 00 00 00
00 00 00 00 00 00 00 00 00 00 00 00 2c fd fd fd da 3f 00 00 00 00 00 00 00 00 00 00
00 00 00 00 00 00 00 00 00 00 00 1e a8 f4 ec fd 7c 00 00 00 00 00 00 00 00 00 00 00
00 00 00 00 00 00 00 00 00 00 00 d7 c7 31 57 fd bb 07 00 00 00 00 00 00 00 00 00 00
00 00 00 00 00 00 00 00 00 22 90 cd 46 00 0a cc fd 43 00 00 00 00 00 00 00 00 00 00
00 00 00 00 00 00 00 00 00 59 fd 81 00 00 00 58 fd 8d 00 00 00 00 00 00 00 00 00 00
00 00 00 00 00 00 00 00 2b e5 f8 0d 00 00 00 4e fd 8d 00 00 00 00 00 00 00 00 00 00
00 00 00 00 00 00 00 00 bd fd 85 00 00 00 00 5b f2 7d 00 00 00 00 00 00 00 00 00 00
00 00 00 00 00 00 00 0a c9 c3 0a 00 00 00 00 c3 9e 00 00 00 00 00 00 00 00 00 00 00
00 00 00 00 00 00 00 54 fd 86 00 00 00 0b 94 ed 80 00 00 00 00 00 00 00 00 00 00 00
00 00 00 00 00 00 0c c6 fd 56 00 29 54 6f fd 99 09 00 00 00 00 00 00 00 00 00 00 00
00 00 00 00 00 00 16 dd fd f1 db ec fd ed 7e 08 00 00 00 00 00 00 00 00 00 00 00 00
00 00 00 00 00 00 00 25 df fd fd c3 45 0e 00 00 00 00 00 00 00 00 00 00 00 00 00 00
00 00 00 00 00 00 00 00 00 00 00 00 00 00 00 00 00 00 00 00 00 00 00 00 00 00 00 00
00 00 00 00 00 00 00 00 00 00 00 00 00 00 00 00 00 00 00 00 00 00 00 00 00 00 00 00
00 00 00 00 00 00 00 00 00 00 00 00 00 00 00 00 00 00 00 00 00 00 00 00 00 00 00 00
