00 00 00 00 00 00 00 00 00 00 00 00 00 00 00 00 00 00 00 00 00 00 00 00 00 00 00 00
00 00 00 00 00 00 00 00 00 00 00 00 00 00 00 00 00 00 00 00 00 00 00 00 00 00 00 00
00 00 00 00 00 00 00 00 00 00 00 00 00 00 00 00 00 00 00 00 00 00 00 00 00 00 00 00
00 00 00 00 00 00 00 00 00 00 00 00 00 00 00 00 00 00 00 00 00 00 00 00 00 00 00 00
00 00 00 00 00 00 00 00 00 00 00 00 00 00 00 00 00 00 00 00 00 00 00 00 00 00 00 00
00 00 00 00 00 00 00 00 00 00 00 00 00 00 00 00 00 00 00 00 00 00 00 00 00 00 00 00
00 00 00 07 07 4d 8e fe fe fe fe fe a3 62 05 00 00 00 00 00 00 00 00 00 00 00 00 00
00 00 00 fe fd fd fc f1 f1 f3 fd fd fd fd db 21 00 00 00 00 00 00 00 00 00 00 00 00
00 00 00 ec e5 6f 64 00 00 13 6f 6f 8d f9 fd ac 00 00 00 00 00 00 00 00 00 00 00 00
00 00 00 00 00 00 00 00 00 00 00 06 38 e4 fd a0 00 00 00 00 00 00 00 00 00 00 00 00
00 00 00 00 00 00 00 00 00 00 07 8d fd fd d0 13 00 00 00 00 00 00 00 00 00 00 00 00
00 00 00 00 00 00 00 00 00 00 81 fd fd fd e2 a1 2e 00 00 00 00 00 00 00 00 00 00 00
00 00 00 00 00 00 00 00 00 00 90 e7 d2 f3 fd fd e0 7b 06 00 00 00 00 00 00 00 00 00
00 00 00 00 00 00 00 00 00 00 00 28 00 3d 75 db fd fd b7 11 00 00 00 00 00 00 00 00
00 00 00 00 00 00 00 00 00 00 00 00 00 00 00 18 75 f5 fd 87 20 00 00 00 00 00 00 00
00 00 00 00 00 00 00 00 00 00 00 00 00 00 00 00 00 68 f6 fd a9 22 00 00 00 00 00 00
00 00 00 00 00 00 00 00 00 00 00 00 00 00 00 00 00 00 36 eb fd a7 02 00 00 00 00 00
00 00 00 00 00 00 00 00 00 00 00 00 00 00 00 00 00 00 00 66 f8 fd 05 00 00 00 00 00
00 00 00 00 00 00 00 00 00 00 00 00 00 00 00 00 00 00 00 00 c4 fd 6a 00 00 00 00 00
00 00 00 00 00 00 00 00 00 00 00 00 00 00 00 00 00 00 00 00 70 fd 81 00 00 00 00 00
00 00 00 00 00 00 00 00 00 00 00 00 00 00 00 00 00 00 00 00 70 fd af 00 00 00 00 00
00 00 00 00 00 00 00 00 00 00 00 00 00 00 00 00 00 00 00 00 70 fd 90 00 00 00 00 00
00 00 00 00 00 00 00 00 00 00 00 00 4e 1a 00 00 00 00 00 00 a3 fd 4e 00 00 00 00 00
00 00 00 00 00 00 00 00 00 00 00 1c db ce 70 70 70 70 70 e0 fc fd 05 00 00 00 00 00
00 00 00 00 00 00 00 00 00 00 00 00 09 c3 fd fd fd fd fd fd c9 4e 01 00 00 00 00 00
00 00 00 00 00 00 00 00 00 00 00 00 00 04 05 05 05 33 81 11 03 00 00 00 00 00 00 00
00 00 00 00 00 00 00 00 00 00 00 00 00 00 00 00 00 00 00 00 00 00 00 00 00 00 00 00
00 00 00 00 00 00 00 00 00 00 00 00 00 00 00 00 00 00 00 00 00 00 00 00 00 00 00 00
