00 00 00 00 00 00 00 00 00 00 00 00 00 00 00 00 00 00 00 00 00 00 00 00 00 00 00 00
00 00 00 00 00 00 00 00 00 00 00 00 00 00 00 00 00 00 00 00 00 00 00 00 00 00 00 00
00 00 00 00 00 00 00 00 00 00 00 00 00 00 00 00 00 00 00 00 00 00 00 00 00 00 00 00
00 00 00 00 00 00 00 00 00 00 00 00 00 00 00 00 00 00 00 00 00 00 00 00 00 00 00 00
00 00 00 00 00 00 00 00 00 00 00 00 00 00 00 00 00 00 00 00 00 00 00 00 00 00 00 00
00 00 00 00 00 00 00 00 00 00 00 00 00 00 00 00 00 00 00 00 00 00 00 00 00 00 00 00
00 00 00 00 00 00 00 00 00 00 00 00 00 00 00 00 00 00 00 00 00 00 00 00 00 00 00 00
00 00 00 00 00 00 00 00 00 00 00 00 27 7d e1 fe fe ff fe aa 30 00 00 00 00 00 00 00
00 00 00 00 00 00 00 00 00 00 2b 65 fa fd fd fd fd fd fd fd fa a1 00 00 00 00 00 00
00 00 00 00 00 00 00 00 00 5e f6 f7 fd fd c4 e3 74 38 fd fd fd ea 00 00 00 00 00 00
00 00 00 00 00 00 00 00 00 98 fd fd b4 13 09 0f 00 04 37 fd fd a6 00 00 00 00 00 00
00 00 00 00 00 00 00 00 29 ee fd fd 7d 00 00 00 15 bd e8 fd fd 75 00 00 00 00 00 00
00 00 00 00 00 00 00 00 db fd dc a5 22 5c 15 34 e4 fd fd f1 52 0d 00 00 00 00 00 00
00 00 00 00 00 00 00 26 f1 aa 19 14 0c 4b 27 3b fd fd fd 6e 00 00 00 00 00 00 00 00
00 00 00 00 00 00 00 70 fd ec 43 00 00 00 00 64 fd fd dd 10 00 00 00 00 00 00 00 00
00 00 00 00 00 00 00 17 ef fd eb ca 87 63 ad f0 fd fd 6e 00 00 00 00 00 00 00 00 00
00 00 00 00 00 00 00 00 36 c8 fd fd fd fd fd fd fd f1 3f 00 00 00 00 00 00 00 00 00
00 00 00 00 00 00 00 00 00 19 70 f4 fd ed 8e fd fd 6f 00 00 00 00 00 00 00 00 00 00
00 00 00 00 00 00 00 00 00 00 00 3d 47 33 9f fd bc 16 00 00 00 00 00 00 00 00 00 00
00 00 00 00 00 00 00 00 00 00 00 00 0f 96 ec d4 16 00 00 00 00 00 00 00 00 00 00 00
00 00 00 00 00 00 00 00 00 00 00 00 63 fd f3 62 00 00 00 00 00 00 00 00 00 00 00 00
00 00 00 00 00 00 00 00 00 00 00 48 ed fd 69 00 00 00 00 00 00 00 00 00 00 00 00 00
00 00 00 00 00 00 00 00 00 00 0a db fd c3 16 00 00 00 00 00 00 00 00 00 00 00 00 00
00 00 00 00 00 00 00 00 00 08 ab fd cf 15 00 00 00 00 00 00 00 00 00 00 00 00 00 00
00 00 00 00 00 00 00 00 00 69 fd c6 4c 00 00 00 00 00 00 00 00 00 00 00 00 00 00 00
00 00 00 00 00 00 00 00 3c f2 fd 26 00 00 00 00 00 00 00 00 00 00 00 00 00 00 00 00
00 00 00 00 00 00 00 00 eb fd ce 13 00 00 00 00 00 00 00 00 00 00 00 00 00 00 00 00
00 00 00 00 00 00 00 00 00 00 00 00 00 00 00 00 00 00 00 00 00 00 00 00 00 00 00 00
