00 00 00 00 00 00 00 00 00 00 00 00 00 00 00 00 00 00 00 00 00 00 00 00 00 00 00 00
00 00 00 00 00 00 00 00 00 00 00 00 00 00 00 00 00 00 00 00 00 00 00 00 00 00 00 00
00 00 00 00 00 00 00 00 00 00 00 00 00 00 00 00 00 00 00 00 00 00 00 00 00 00 00 00
00 00 00 00 00 00 00 00 00 00 00 00 00 00 00 00 00 00 00 00 00 00 00 00 00 00 00 00
00 00 00 00 00 00 00 00 00 00 08 4c ca fe ff a3 25 02 00 00 00 00 00 00 00 00 00 00
00 00 00 00 00 00 00 00 00 0d b6 fd fd fd fd fd fd 17 00 00 00 00 00 00 00 00 00 00
00 00 00 00 00 00 00 00 0f b3 fd fd d4 5b da fd fd b3 6d 00 00 00 00 00 00 00 00 00
00 00 00 00 00 00 00 00 69 fd fd a0 23 9c fd fd fd fd fa 71 00 00 00 00 00 00 00 00
00 00 00 00 00 00 00 13 d4 fd fd 58 79 fd e9 80 5b f5 fd f8 72 00 00 00 00 00 00 00
00 00 00 00 00 00 00 68 fd fd 6e 02 8e fd 5a 00 00 1a c7 fd f8 3f 00 00 00 00 00 00
00 00 00 00 00 00 01 ad fd fd 1d 00 54 e4 27 00 00 00 48 fb fd d7 1d 00 00 00 00 00
00 00 00 00 00 00 24 fd fd cb 0d 00 00 00 00 00 00 00 00 52 fd fd aa 00 00 00 00 00
00 00 00 00 00 00 24 fd fd a4 00 00 00 00 00 00 00 00 00 0b c6 fd b8 06 00 00 00 00
00 00 00 00 00 00 24 fd fd 52 00 00 00 00 00 00 00 00 00 00 8a fd fd 23 00 00 00 00
00 00 00 00 00 00 80 fd fd 2f 00 00 00 00 00 00 00 00 00 00 30 fd fd 23 00 00 00 00
00 00 00 00 00 00 9a fd fd 2f 00 00 00 00 00 00 00 00 00 00 30 fd fd 23 00 00 00 00
00 00 00 00 00 00 66 fd fd 63 00 00 00 00 00 00 00 00 00 00 30 fd fd 23 00 00 00 00
00 00 00 00 00 00 24 fd fd a4 00 00 00 00 00 00 00 00 00 10 d0 fd d3 11 00 00 00 00
00 00 00 00 00 00 20 f4 fd af 04 00 00 00 00 00 00 00 00 2c fd fd 9c 00 00 00 00 00
00 00 00 00 00 00 00 ab fd fd 1d 00 00 00 00 00 00 00 1e d9 fd bc 13 00 00 00 00 00
00 00 00 00 00 00 00 ab fd fd 3b 00 00 00 00 00 00 3c d9 fd fd 46 00 00 00 00 00 00
00 00 00 00 00 00 00 4e fd fd e7 30 00 00 00 1a 80 f9 fd f4 5e 0f 00 00 00 00 00 00
00 00 00 00 00 00 00 08 97 fd fd ea 65 79 db e5 fd fd c9 50 00 00 00 00 00 00 00 00
00 00 00 00 00 00 00 00 26 e8 fd fd fd fd fd fd fd c9 42 00 00 00 00 00 00 00 00 00
00 00 00 00 00 00 00 00 00 00 00 00 00 00 00 00 00 00 00 00 00 00 00 00 00 00 00 00
00 00 00 00 00 00 00 00 00 00 00 00 00 00 00 00 00 00 00 00 00 00 00 00 00 00 00 00
00 00 00 00 00 00 00 00 00 00 00 00 00 00 00 00 00 00 00 00 00 00 00 00 00 00 00 00
00 00 00 00 00 00 00 00 00 00 00 00 00 00 00 00 00 00 00 00 00 00 00 00 00 00 00 00
