00 00 00 00 00 00 00 00 00 00 00 00 00 00 00 00 00 00 00 00 00 00 00 00 00 00 00 00
00 00 00 00 00 00 00 00 00 00 00 00 00 00 00 00 00 00 00 00 00 00 00 00 00 00 00 00
00 00 00 00 00 00 00 00 00 00 00 00 00 00 00 00 00 00 00 00 00 00 00 00 00 00 00 00
00 00 00 00 00 00 00 00 00 00 00 00 00 00 00 00 00 00 00 00 00 00 00 00 00 00 00 00
00 00 00 00 00 00 00 00 00 00 00 00 00 00 00 00 00 00 00 00 00 00 00 00 00 00 00 00
00 00 00 00 00 00 00 00 00 00 00 00 00 00 00 00 00 00 00 00 00 00 00 00 00 00 00 00
00 00 00 00 00 00 00 00 00 00 00 00 00 00 00 00 00 00 00 00 00 e8 fd fd 5f 00 00 00
00 00 00 00 00 00 00 00 00 00 00 03 56 2e 00 00 00 00 00 00 5b f6 fc e8 39 00 00 00
00 00 00 00 00 00 00 00 00 00 00 67 fc bb 0d 00 00 00 00 16 db fc fc af 00 00 00 00
00 00 00 00 00 0a 00 00 00 00 08 b5 fc f6 1e 00 00 00 00 41 fc ed c5 40 00 00 00 00
00 00 00 00 00 57 00 00 00 0d ac fc fc 68 00 00 00 00 05 b8 fc 43 67 00 00 00 00 00
00 00 00 00 00 00 00 00 08 ac fc f8 91 0e 00 00 00 00 6d fc b7 89 40 00 00 00 00 00
00 00 00 00 00 00 00 05 e0 fc f8 86 00 00 00 00 00 35 ee fc f5 56 00 00 00 00 00 00
00 00 00 00 00 00 0c ae fc df 58 00 00 00 00 00 00 d1 fc fc b3 09 00 00 00 00 00 00
00 00 00 00 00 0b ab fc f6 3d 00 00 00 00 00 00 53 f1 fc d3 0e 00 00 00 00 00 00 00
00 00 00 00 00 81 fc fc f9 dc dc d7 6f c0 dc dd f3 fc fc 95 00 00 00 00 00 00 00 00
00 00 00 00 00 90 fd fd fd fd fd fd fd fd fd ff fd e2 99 00 00 00 00 00 00 00 00 00
00 00 00 00 00 2c 4d 4d 4d 4d 4d 4d 4d 4d 99 fd eb 20 00 00 00 00 00 00 00 00 00 00
00 00 00 00 00 00 00 00 00 00 00 00 00 4a d6 f0 72 00 00 00 00 00 00 00 00 00 00 00
00 00 00 00 00 00 00 00 00 00 00 00 18 dd f3 39 00 00 00 00 00 00 00 00 00 00 00 00
00 00 00 00 00 00 00 00 00 00 00 08 b4 fc 77 00 00 00 00 00 00 00 00 00 00 00 00 00
00 00 00 00 00 00 00 00 00 00 00 88 fc 99 07 00 00 00 00 00 00 00 00 00 00 00 00 00
00 00 00 00 00 00 00 00 00 03 88 fb e2 22 00 00 00 00 00 00 00 00 00 00 00 00 00 00
00 00 00 00 00 00 00 00 00 7b fc f6 27 00 00 00 00 00 00 00 00 00 00 00 00 00 00 00
00 00 00 00 00 00 00 00 00 a5 fc 7f 00 00 00 00 00 00 00 00 00 00 00 00 00 00 00 00
00 00 00 00 00 00 00 00 00 a5 af 03 00 00 00 00 00 00 00 00 00 00 00 00 00 00 00 00
00 00 00 00 00 00 00 00 00 00 00 00 00 00 00 00 00 00 00 00 00 00 00 00 00 00 00 00
00 00 00 00 00 00 00 00 00 00 00 00 00 00 00 00 00 00 00 00 00 00 00 00 00 00 00 00
