00 00 00 00 00 00 00 00 00 00 00 00 00 00 00 00 00 00 00 00 00 00 00 00 00 00 00 00
00 00 00 00 00 00 00 00 00 00 00 00 00 00 00 00 00 00 00 00 00 00 00 00 00 00 00 00
00 00 00 00 00 00 00 00 00 00 00 00 00 00 00 00 00 00 00 00 00 00 00 00 00 00 00 00
00 00 00 00 00 00 00 00 00 00 00 00 00 00 00 00 00 00 00 00 00 00 00 00 00 00 00 00
00 00 00 00 00 00 00 00 00 00 00 00 00 00 00 00 00 00 00 00 00 00 bd be 00 00 00 00
00 00 00 00 00 00 00 00 00 00 00 00 00 00 00 00 00 00 00 00 00 8f f7 99 00 00 00 00
00 00 00 00 00 00 00 00 00 00 00 00 00 00 00 00 00 00 00 00 88 f7 f2 56 00 00 00 00
00 00 00 00 00 00 00 00 00 00 00 00 00 00 00 00 00 00 00 00 c0 fc bb 00 00 00 00 00
00 00 00 00 00 00 00 00 00 00 00 00 3e b9 12 00 00 00 00 59 ec d9 2f 00 00 00 00 00
00 00 00 00 00 00 00 00 00 00 00 00 d8 fd 3c 00 00 00 00 d4 ff 51 00 00 00 00 00 00
00 00 00 00 00 00 00 00 00 00 00 00 ce fc 44 00 00 00 30 f2 fd 59 00 00 00 00 00 00
00 00 00 00 00 00 00 00 00 00 00 83 fb d4 15 00 00 0b a7 fc c5 05 00 00 00 00 00 00
00 00 00 00 00 00 00 00 00 00 1d e8 f7 3f 00 00 00 99 fc e2 00 00 00 00 00 00 00 00
00 00 00 00 00 00 00 00 00 2d db fc 8f 00 00 00 74 f9 fc 67 00 00 00 00 00 00 00 00
00 00 00 00 00 00 00 04 60 fd ff fd c8 7a 07 19 c9 fa 9e 00 00 00 00 00 00 00 00 00
00 00 00 00 00 00 00 5c fc fc fd d9 fc fc c8 e3 fc e7 00 00 00 00 00 00 00 00 00 00
00 00 00 00 00 00 57 fb f7 e7 41 30 bd fc fc fd fc fb e3 23 00 00 00 00 00 00 00 00
00 00 00 00 00 00 be dd 62 00 00 00 2a c4 fc fd fc fc a2 00 00 00 00 00 00 00 00 00
00 00 00 00 00 00 6f 1d 00 00 00 00 3e ef fc 56 2a 2a 0e 00 00 00 00 00 00 00 00 00
00 00 00 00 00 00 00 00 00 00 00 0f 94 fd da 00 00 00 00 00 00 00 00 00 00 00 00 00
00 00 00 00 00 00 00 00 00 00 00 79 fc e7 1c 00 00 00 00 00 00 00 00 00 00 00 00 00
00 00 00 00 00 00 00 00 00 00 1f dd fb 81 00 00 00 00 00 00 00 00 00 00 00 00 00 00
00 00 00 00 00 00 00 00 00 00 da fc a0 00 00 00 00 00 00 00 00 00 00 00 00 00 00 00
00 00 00 00 00 00 00 00 00 00 7a fc 52 00 00 00 00 00 00 00 00 00 00 00 00 00 00 00
00 00 00 00 00 00 00 00 00 00 00 00 00 00 00 00 00 00 00 00 00 00 00 00 00 00 00 00
00 00 00 00 00 00 00 00 00 00 00 00 00 00 00 00 00 00 00 00 00 00 00 00 00 00 00 00
00 00 00 00 00 00 00 00 00 00 00 00 00 00 00 00 00 00 00 00 00 00 00 00 00 00 00 00
00 00 00 00 00 00 00 00 00 00 00 00 00 00 00 00 00 00 00 00 00 00 00 00 00 00 00 00
