00 00 00 00 00 00 00 00 00 00 00 00 00 00 00 00 00 00 00 00 00 00 00 00 00 00 00 00
00 00 00 00 00 00 00 00 00 00 00 00 00 00 00 00 00 00 00 00 00 00 00 00 00 00 00 00
00 00 00 00 00 00 00 00 00 00 00 00 00 00 00 00 00 19 d6 e1 5a 00 00 00 00 00 00 00
00 00 00 00 00 00 00 00 00 00 00 00 00 00 00 07 91 d4 fd fd 3c 00 00 00 00 00 00 00
00 00 00 00 00 00 00 00 00 00 00 00 00 00 00 6a fd fd f6 bc 17 00 00 00 00 00 00 00
00 00 00 00 00 00 00 00 00 00 00 00 00 2d a4 fe fd df 6c 00 00 00 00 00 00 00 00 00
00 00 00 00 00 00 00 00 00 00 00 00 18 ec fd fc 7c 1c 00 00 00 00 00 00 00 00 00 00
00 00 00 00 00 00 00 00 00 00 00 64 d9 fd da 74 00 00 00 00 00 00 00 00 00 00 00 00
00 00 00 00 00 00 00 00 00 00 9e af e1 fd 5c 00 00 00 00 00 00 00 00 00 00 00 00 00
00 00 00 00 00 00 00 00 00 18 d9 f1 f8 72 02 00 00 00 00 00 00 00 00 00 00 00 00 00
00 00 00 00 00 00 00 00 15 c9 fd fd 72 03 00 00 00 00 00 00 00 00 00 00 00 00 00 00
00 00 00 00 00 00 00 00 6b fd fd d5 13 00 00 00 00 00 00 00 00 00 00 00 00 00 00 00
00 00 00 00 00 00 00 00 aa fe fe a9 00 00 00 00 00 02 0d 64 85 59 00 00 00 00 00 00
00 00 00 00 00 00 00 12 d2 fd fd 64 00 00 00 13 4c 74 fd fd fd b0 04 00 00 00 00 00
00 00 00 00 00 00 00 29 de fd d0 12 00 00 5d d1 e8 d9 e0 fd fd f1 1f 00 00 00 00 00
00 00 00 00 00 00 00 9d fd fd e5 20 00 9a fa f6 24 00 31 fd fd a8 00 00 00 00 00 00
00 00 00 00 00 00 00 80 fd fd fd c3 7d f7 a6 45 00 00 25 ec fd a8 00 00 00 00 00 00
00 00 00 00 00 00 00 25 fd fd fd fd fd 87 20 00 07 82 49 ca fd 85 00 00 00 00 00 00
00 00 00 00 00 00 00 07 b9 fd fd fd fd 40 00 0a d2 fd fd fd 99 09 00 00 00 00 00 00
00 00 00 00 00 00 00 00 42 fd fd fd fd ee da dd fd fd eb 9c 25 00 00 00 00 00 00 00
00 00 00 00 00 00 00 00 05 6f e4 fd fd fd fd fe fd a8 13 00 00 00 00 00 00 00 00 00
00 00 00 00 00 00 00 00 00 00 09 6e b2 fd fd f9 3f 05 00 00 00 00 00 00 00 00 00 00
00 00 00 00 00 00 00 00 00 00 00 00 00 00 00 00 00 00 00 00 00 00 00 00 00 00 00 00
00 00 00 00 00 00 00 00 00 00 00 00 00 00 00 00 00 00 00 00 00 00 00 00 00 00 00 00
00 00 00 00 00 00 00 00 00 00 00 00 00 00 00 00 00 00 00 00 00 00 00 00 00 00 00 00
00 00 00 00 00 00 00 00 00 00 00 00 00 00 00 00 00 00 00 00 00 00 00 00 00 00 00 00
00 00 00 00 00 00 00 00 00 00 00 00 00 00 00 00 00 00 00 00 00 00 00 00 00 00 00 00
00 00 00 00 00 00 00 00 00 00 00 00 00 00 00 00 00 00 00 00 00 00 00 00 00 00 00 00
