00 00 00 00 00 00 00 00 00 00 00 00 00 00 00 00 00 00 00 00 00 00 00 00 00 00 00 00
00 00 00 00 00 00 00 00 00 00 00 00 00 00 00 00 00 00 00 00 00 00 00 00 00 00 00 00
00 00 00 00 00 00 00 00 00 00 00 00 00 00 00 00 00 00 00 00 00 00 00 00 00 00 00 00
00 00 00 00 00 00 00 00 00 00 00 00 00 00 00 00 00 00 00 00 00 00 00 00 00 00 00 00
00 00 00 00 00 00 00 00 00 00 00 00 00 00 00 00 00 00 00 00 00 00 00 00 00 00 00 00
00 00 00 00 00 00 00 00 00 00 00 00 00 00 00 00 00 00 00 00 00 00 00 00 00 00 00 00
00 00 00 00 00 00 00 00 00 00 00 00 00 00 00 00 00 00 00 00 00 00 00 00 00 00 00 00
00 00 00 00 00 00 00 00 00 00 00 00 00 00 00 00 00 00 00 00 00 00 00 00 00 00 00 00
00 00 00 00 00 00 00 00 00 00 00 00 00 00 79 79 f0 fd da 79 79 2c 00 00 00 00 00 00
00 00 00 00 00 00 00 00 00 00 11 6b b8 f0 fd fc fc fc fc fc fc db 00 00 00 00 00 00
00 00 00 00 00 00 00 00 4b 7a e6 fc fc fc fd fc fc fc fc fc fc ef 38 00 00 00 00 00
00 00 00 00 00 4d 81 d5 f4 fc fc fc fc fc fd fc fc d1 fc fc fc e1 00 00 00 00 00 00
00 00 00 00 00 f0 fc fc fc fc fc fc d5 b9 35 35 35 59 fc fc fc 78 00 00 00 00 00 00
00 00 00 00 00 f0 e8 c6 5d a4 6c 42 1c 00 00 00 00 51 fc fc de 18 00 00 00 00 00 00
00 00 00 00 00 4c 32 00 00 00 00 00 00 00 00 00 00 ab fc f3 6c 00 00 00 00 00 00 00
00 00 00 00 00 00 00 00 00 00 00 00 00 00 00 00 90 ee fc 73 00 00 00 00 00 00 00 00
00 00 00 00 00 00 00 00 00 00 00 00 00 00 07 46 f1 f8 85 1c 00 00 00 00 00 00 00 00
00 00 00 00 00 00 00 00 00 00 00 00 00 00 79 fc fc ac 00 00 00 00 00 00 00 00 00 00
00 00 00 00 00 00 00 00 00 00 00 00 00 40 ff fd d1 15 00 00 00 00 00 00 00 00 00 00
00 00 00 00 00 00 00 00 00 00 00 00 0d f6 fd cf 15 00 00 00 00 00 00 00 00 00 00 00
00 00 00 00 00 00 00 00 00 00 00 0a ac fc d1 5c 00 00 00 00 00 00 00 00 00 00 00 00
00 00 00 00 00 00 00 00 00 00 0d a8 fc fc 5c 00 00 00 00 00 00 00 00 00 00 00 00 00
00 00 00 00 00 00 00 00 00 2b d0 fc f1 35 00 00 00 00 00 00 00 00 00 00 00 00 00 00
00 00 00 00 00 00 00 00 0f a6 fc cc 3e 00 00 00 00 00 00 00 00 00 00 00 00 00 00 00
00 00 00 00 00 00 00 0d a6 f3 bf 1d 00 00 00 00 00 00 00 00 00 00 00 00 00 00 00 00
00 00 00 00 00 00 0a a8 e7 b1 00 00 00 00 00 00 00 00 00 00 00 00 00 00 00 00 00 00
00 00 00 00 00 06 ac f1 32 00 00 00 00 00 00 00 00 00 00 00 00 00 00 00 00 00 00 00
00 00 00 00 00 b1 ca 13 00 00 00 00 00 00 00 00 00 00 00 00 00 00 00 00 00 00 00 00
