00 00 00 00 00 00 00 00 00 00 00 00 00 00 00 00 00 00 00 00 00 00 00 00 00 00 00 00
00 00 00 00 00 00 00 00 00 00 00 00 00 00 00 00 00 00 00 00 00 00 00 00 00 00 00 00
00 00 00 00 00 00 00 00 00 00 00 00 00 00 00 00 00 00 00 00 00 00 00 00 00 00 00 00
00 00 00 00 00 00 00 00 00 00 00 00 00 00 00 00 00 00 00 00 00 00 00 00 00 00 00 00
00 00 00 00 00 00 00 00 00 00 00 00 00 00 00 00 00 00 00 00 00 00 00 00 00 00 00 00
00 00 00 00 00 00 00 00 00 00 00 00 00 00 0b 8b d4 fd 9f 56 00 00 00 00 00 00 00 00
00 00 00 00 00 00 00 00 00 00 00 00 22 59 cb fd fc fc fc fc 4a 00 00 00 00 00 00 00
00 00 00 00 00 00 00 00 00 00 31 b8 ea fc fc b8 6e 64 d0 fc c7 00 00 00 00 00 00 00
00 00 00 00 00 00 00 00 00 5f e9 fc fc b0 38 00 00 00 11 ea f9 4b 00 00 00 00 00 00
00 00 00 00 00 00 00 00 00 dc fd b2 36 04 00 00 00 00 2b f0 f3 32 00 00 00 00 00 00
00 00 00 00 00 00 00 00 00 dd ff b4 37 05 00 00 00 07 a0 fd a8 00 00 00 00 00 00 00
00 00 00 00 00 00 00 00 00 74 fd fc fc 43 00 00 00 5b fc e7 2a 00 00 00 00 00 00 00
00 00 00 00 00 00 00 00 00 20 be fc fc b9 26 00 77 ea fc 36 00 00 00 00 00 00 00 00
00 00 00 00 00 00 00 00 00 00 0f b1 fc fc b3 9b ec e3 77 04 00 00 00 00 00 00 00 00
00 00 00 00 00 00 00 00 00 00 00 1a dd fc fc fd fc 82 00 00 00 00 00 00 00 00 00 00
00 00 00 00 00 00 00 00 00 00 00 00 20 e5 fd ff 90 00 00 00 00 00 00 00 00 00 00 00
00 00 00 00 00 00 00 00 00 00 00 00 42 ec fc fd 5c 00 00 00 00 00 00 00 00 00 00 00
00 00 00 00 00 00 00 00 00 00 00 42 ea fc fc fd 5c 00 00 00 00 00 00 00 00 00 00 00
00 00 00 00 00 00 00 00 00 00 13 ec fc fc fc fd 5c 00 00 00 00 00 00 00 00 00 00 00
00 00 00 00 00 00 00 00 00 35 b5 fc a8 2b e8 fd 5c 00 00 00 00 00 00 00 00 00 00 00
00 00 00 00 00 00 00 00 00 b3 ff da 20 5d fd fc 54 00 00 00 00 00 00 00 00 00 00 00
00 00 00 00 00 00 00 00 51 f4 ef 21 00 72 fc d1 00 00 00 00 00 00 00 00 00 00 00 00
00 00 00 00 00 00 00 00 cf fc ed 46 99 f0 fc 20 00 00 00 00 00 00 00 00 00 00 00 00
00 00 00 00 00 00 00 00 cf fc fd fc fc fc d2 00 00 00 00 00 00 00 00 00 00 00 00 00
00 00 00 00 00 00 00 00 3d f2 fd fc a8 60 0c 00 00 00 00 00 00 00 00 00 00 00 00 00
00 00 00 00 00 00 00 00 00 00 00 00 00 00 00 00 00 00 00 00 00 00 00 00 00 00 00 00
00 00 00 00 00 00 00 00 00 00 00 00 00 00 00 00 00 00 00 00 00 00 00 00 00 00 00 00
00 00 00 00 00 00 00 00 00 00 00 00 00 00 00 00 00 00 00 00 00 00 00 00 00 00 00 00
