00 00 00 00 00 00 00 00 00 00 00 00 00 00 00 00 00 00 00 00 00 00 00 00 00 00 00 00
00 00 00 00 00 00 00 00 00 00 00 00 00 00 00 00 00 00 00 00 00 00 00 00 00 00 00 00
00 00 00 00 00 00 00 00 00 00 00 00 00 00 00 00 00 00 00 00 00 00 00 00 00 00 00 00
00 00 00 00 00 00 00 00 00 00 00 00 00 00 00 00 00 00 00 00 00 00 00 00 00 00 00 00
00 00 00 00 00 00 00 00 00 00 00 00 00 00 44 fe ff fe 6b 00 00 00 00 00 00 00 00 00
00 00 00 00 00 00 00 00 00 00 00 00 0b b0 e6 fd fd fd d4 00 00 00 00 00 00 00 00 00
00 00 00 00 00 00 00 00 00 00 00 1c c5 fd fd fd fd fd e5 6b 0e 00 00 00 00 00 00 00
00 00 00 00 00 00 00 00 00 00 00 c2 fd fd fd fd fd fd fd fd 35 00 00 00 00 00 00 00
00 00 00 00 00 00 00 00 00 00 45 f1 fd fd fd fd f1 ba fd fd c3 00 00 00 00 00 00 00
00 00 00 00 00 00 00 00 00 0a a1 fd fd fd f6 28 39 e7 fd fd c3 00 00 00 00 00 00 00
00 00 00 00 00 00 00 00 00 8c fd fd fd fd 9a 00 19 fd fd fd c3 00 00 00 00 00 00 00
00 00 00 00 00 00 00 00 00 d5 fd fd fd 87 08 00 03 80 fd fd c3 00 00 00 00 00 00 00
00 00 00 00 00 00 00 00 4d ee fd fd fd 07 00 00 00 74 fd fd c3 00 00 00 00 00 00 00
00 00 00 00 00 00 00 0b a5 fd fd e7 46 01 00 00 00 4e ed fd c3 00 00 00 00 00 00 00
00 00 00 00 00 00 00 21 fd fd fd b6 00 00 00 00 00 00 c8 fd c3 00 00 00 00 00 00 00
00 00 00 00 00 00 00 62 fd fd fd 18 00 00 00 00 00 00 2a fd c3 00 00 00 00 00 00 00
00 00 00 00 00 00 00 c5 fd fd fd 18 00 00 00 00 00 00 a3 fd c3 00 00 00 00 00 00 00
00 00 00 00 00 00 00 c5 fd fd bd 0d 00 00 00 00 00 35 e3 fd 79 00 00 00 00 00 00 00
00 00 00 00 00 00 00 c5 fd fd 72 00 00 00 00 00 15 e3 fd e7 1b 00 00 00 00 00 00 00
00 00 00 00 00 00 00 c5 fd fd 72 00 00 00 05 83 8f fd e7 3b 00 00 00 00 00 00 00 00
00 00 00 00 00 00 00 c5 fd fd ec 49 3a d9 df fd fd fd ae 00 00 00 00 00 00 00 00 00
00 00 00 00 00 00 00 c5 fd fd fd fd fd fd fd fd fd fd 30 00 00 00 00 00 00 00 00 00
00 00 00 00 00 00 00 95 fd fd fd fd fd fd fd fd b6 0f 03 00 00 00 00 00 00 00 00 00
00 00 00 00 00 00 00 0c a8 fd fd fd fd fd f8 59 17 00 00 00 00 00 00 00 00 00 00 00
00 00 00 00 00 00 00 00 00 00 00 00 00 00 00 00 00 00 00 00 00 00 00 00 00 00 00 00
00 00 00 00 00 00 00 00 00 00 00 00 00 00 00 00 00 00 00 00 00 00 00 00 00 00 00 00
00 00 00 00 00 00 00 00 00 00 00 00 00 00 00 00 00 00 00 00 00 00 00 00 00 00 00 00
00 00 00 00 00 00 00 00 00 00 00 00 00 00 00 00 00 00 00 00 00 00 00 00 00 00 00 00
