00 00 00 00 00 00 00 00 00 00 00 00 00 00 00 00 00 00 00 00 00 00 00 00 00 00 00 00
00 00 00 00 00 00 00 00 00 00 00 00 00 00 00 00 00 00 00 00 00 00 00 00 00 00 00 00
00 00 00 00 00 00 00 00 00 00 00 00 00 00 00 00 00 00 00 00 00 00 00 00 00 00 00 00
00 00 00 00 00 00 00 00 00 00 00 00 00 00 00 00 00 00 00 00 00 00 00 00 00 00 00 00
00 00 00 00 00 00 00 00 00 00 00 00 00 00 00 00 00 00 00 00 00 00 00 00 00 00 00 00
00 00 00 00 00 00 00 00 00 00 00 00 0d 1d 1d 42 1c 00 00 0a b3 f2 2f 00 00 00 00 00
00 00 00 00 00 00 00 00 00 00 00 13 90 fd fc fc d7 aa 52 1c d1 fd 54 00 00 00 00 00
00 00 00 00 00 00 00 00 00 00 00 7b fc fd fc fc fc fd f0 48 d2 fd 54 00 00 00 00 00
00 00 00 00 00 00 00 00 00 00 97 f6 fc b2 1c 1c 1c fd 97 5b fc fd 54 00 00 00 00 00
00 00 00 00 00 00 00 00 00 10 b3 fd b2 00 00 00 00 a6 5b e5 fd c9 00 00 00 00 00 00
00 00 00 00 00 00 00 00 00 2f c4 fc 67 00 00 00 00 10 d7 fc fc 00 00 00 00 00 00 00
00 00 00 00 00 00 00 00 00 00 83 fc e4 26 00 00 00 cc fc fc 7f 00 00 00 00 00 00 00
00 00 00 00 00 00 00 00 00 00 20 e4 fc e2 26 26 d5 fd fc 7f 03 00 00 00 00 00 00 00
00 00 00 00 00 00 00 00 00 00 00 55 fd ff cb fd fd d6 26 00 00 00 00 00 00 00 00 00
00 00 00 00 00 00 00 00 00 00 00 1c b8 fd fc fc ca 00 00 00 00 00 00 00 00 00 00 00
00 00 00 00 00 00 00 00 00 00 00 1d b8 fd fc fc 1c 00 00 00 00 00 00 00 00 00 00 00
00 00 00 00 00 00 00 00 00 00 1a 9f fc fd fc fc b2 00 00 00 00 00 00 00 00 00 00 00
00 00 00 00 00 00 00 00 00 00 78 fd fd 72 c2 fd fd 3f 00 00 00 00 00 00 00 00 00 00
00 00 00 00 00 00 00 00 00 aa e1 e9 60 00 83 fc fc 26 00 00 00 00 00 00 00 00 00 00
00 00 00 00 00 00 00 00 59 fd fc 50 00 0d ce fc ca 00 00 00 00 00 00 00 00 00 00 00
00 00 00 00 00 00 00 26 e1 fd 66 06 00 0d ce fc 66 00 00 00 00 00 00 00 00 00 00 00
00 00 00 00 00 00 00 56 fd fb 4b 00 00 68 fd ce 0d 00 00 00 00 00 00 00 00 00 00 00
00 00 00 00 00 00 00 6e fc f4 90 5f a9 fd fc 8e 00 00 00 00 00 00 00 00 00 00 00 00
00 00 00 00 00 00 00 6e fc fd fc fc fc f4 5d 0d 00 00 00 00 00 00 00 00 00 00 00 00
00 00 00 00 00 00 00 0a 80 fd fc ca 66 19 00 00 00 00 00 00 00 00 00 00 00 00 00 00
00 00 00 00 00 00 00 00 00 00 00 00 00 00 00 00 00 00 00 00 00 00 00 00 00 00 00 00
00 00 00 00 00 00 00 00 00 00 00 00 00 00 00 00 00 00 00 00 00 00 00 00 00 00 00 00
00 00 00 00 00 00 00 00 00 00 00 00 00 00 00 00 00 00 00 00 00 00 00 00 00 00 00 00
