00 00 00 00 00 00 00 00 00 00 00 00 00 00 00 00 00 00 00 00 00 00 00 00 00 00 00 00
00 00 00 00 00 00 00 00 00 00 00 00 00 00 00 00 00 00 00 00 00 00 00 00 00 00 00 00
00 00 00 00 00 00 00 00 00 00 00 00 00 00 00 00 00 00 00 00 00 00 00 00 00 00 00 00
00 00 00 00 00 00 00 00 00 00 00 00 00 00 00 00 00 00 00 00 00 00 00 00 00 00 00 00
00 00 00 00 00 00 00 00 00 00 00 00 00 00 00 00 00 00 00 00 00 00 00 00 00 00 00 00
00 00 00 00 00 00 00 00 00 00 0f 6c e9 fd ff b4 65 00 00 00 00 00 00 00 00 00 00 00
00 00 00 00 00 00 00 00 00 24 db fc fc fc fd fc e3 32 00 00 00 00 00 00 00 00 00 00
00 00 00 00 00 00 00 00 55 de fc e9 8d 45 4f e3 fc a0 00 00 00 00 00 00 00 00 00 00
00 00 00 00 00 00 00 00 74 fd eb 40 00 00 00 a1 fc a0 00 00 00 00 00 00 00 00 00 00
00 00 00 00 00 00 00 00 0b 80 12 00 00 00 16 f4 fc 6c 00 00 00 00 00 00 00 00 00 00
00 00 00 00 00 00 00 00 00 00 00 00 00 00 61 fd b8 00 00 00 00 00 00 00 00 00 00 00
00 00 00 00 00 00 00 00 00 00 00 00 26 63 fd f4 62 00 00 00 00 00 00 00 00 00 00 00
00 00 00 00 00 00 00 00 00 00 0d 99 f0 fc fd f0 65 0d 00 00 00 00 00 00 00 00 00 00
00 00 00 00 00 00 00 00 00 00 63 fc fc fc fd fc fc d7 13 00 00 00 00 00 00 00 00 00
00 00 00 00 00 00 00 00 00 00 1a dd d2 89 17 60 dd fc 80 00 00 00 00 00 00 00 00 00
00 00 00 00 00 00 00 00 00 00 00 00 00 00 00 00 46 fd fd 40 00 00 00 00 00 00 00 00
00 00 00 00 00 00 00 00 00 00 00 00 00 00 00 00 19 df fc 74 00 00 00 00 00 00 00 00
00 00 00 00 00 00 00 00 00 00 00 00 00 00 00 00 00 cf fc 74 00 00 00 00 00 00 00 00
00 00 00 00 00 00 00 00 00 00 00 00 00 00 00 00 00 cf fc 74 00 00 00 00 00 00 00 00
00 00 00 00 00 00 00 00 00 00 00 00 00 00 00 00 40 f8 fc 74 00 00 00 00 00 00 00 00
00 00 00 00 00 00 00 00 00 00 00 00 00 00 00 05 8a fd fd 35 00 00 00 00 00 00 00 00
00 00 00 00 00 00 00 00 00 05 2f 22 00 00 05 88 fc fc 9d 00 00 00 00 00 00 00 00 00
00 00 00 00 00 00 00 00 00 18 fc ea 5a 46 bf fc fc e3 10 00 00 00 00 00 00 00 00 00
00 00 00 00 00 00 00 00 00 18 fc fc fc fc fd eb 80 1d 00 00 00 00 00 00 00 00 00 00
00 00 00 00 00 00 00 00 00 0d d3 fc fc fc 89 3c 00 00 00 00 00 00 00 00 00 00 00 00
00 00 00 00 00 00 00 00 00 00 00 00 00 00 00 00 00 00 00 00 00 00 00 00 00 00 00 00
00 00 00 00 00 00 00 00 00 00 00 00 00 00 00 00 00 00 00 00 00 00 00 00 00 00 00 00
00 00 00 00 00 00 00 00 00 00 00 00 00 00 00 00 00 00 00 00 00 00 00 00 00 00 00 00
