00047 00047 00047 00047 00047 00047 00047 00047 00047 00047 00047 00047
00047 00047 00046 00040 00019 00000 00000 00000 00000 00000 00000 00018
00047 00047 00000 00000 00000 00000 00000 00000 00135 00259 00230 00115
00047 00060 00132 00203 00175 00117 00236 00280 00238 00270 00175 00084
00047 00052 00154 00218 00174 00128 00170 00183 00126 00047 00047 00047
00047 00047 00051 00087 00129 00054 00000 00000 00023 00047 00047 00047
00047 00047 00047 00050 00131 00155 00133 00000 00000 00011 00047 00047
00047 00047 00047 00047 00070 00163 00194 00004 00000 00000 00047 00047
00047 00047 00047 00046 00034 00000 00000 00000 00139 00120 00056 00047
00047 00046 00038 00000 00000 00000 00221 00301 00233 00137 00047 00047
00037 00000 00000 00000 00190 00296 00306 00259 00126 00057 00047 00047
00103 00246 00349 00350 00323 00262 00134 00058 00047 00047 00047 00047
