00015 00015 00015 00015 00015 00015 00015 00015 00015 00015 00015 00015 00015 00015 00015 00015 00015 00015 00015 00015 00015 00015 00015 00015
00015 00015 00015 00015 00015 00015 00015 00015 00016 00021 00025 00031 00067 00095 00147 00125 00173 00184 00240 00219 00190 00138 00078 00040
00015 00015 00015 00015 00024 00032 00062 00098 00143 00205 00254 00304 00340 00409 00458 00455 00441 00460 00527 00508 00405 00231 00102 00034
00015 00015 00015 00030 00104 00180 00281 00365 00463 00532 00599 00643 00692 00729 00702 00624 00552 00573 00570 00489 00329 00165 00072 00026
00015 00015 00015 00030 00161 00340 00538 00664 00752 00800 00817 00817 00837 00849 00763 00592 00478 00416 00363 00258 00157 00088 00051 00032
00015 00015 00015 00031 00168 00380 00558 00719 00801 00864 00798 00751 00665 00686 00568 00422 00281 00197 00134 00082 00069 00052 00042 00026
00015 00015 00015 00027 00127 00263 00375 00491 00652 00727 00672 00518 00402 00361 00290 00205 00123 00076 00036 00028 00034 00028 00025 00017
00015 00015 00015 00017 00063 00115 00162 00268 00488 00632 00537 00377 00237 00199 00111 00075 00045 00056 00017 00017 00019 00017 00016 00015
00015 00015 00015 00015 00023 00032 00040 00130 00351 00538 00486 00363 00208 00132 00043 00040 00018 00039 00015 00015 00015 00015 00015 00015
00015 00015 00015 00015 00014 00011 00009 00072 00202 00411 00477 00458 00351 00220 00114 00063 00038 00020 00015 00015 00015 00015 00015 00015
00015 00015 00015 00015 00015 00015 00014 00036 00106 00263 00415 00508 00548 00462 00311 00174 00093 00041 00020 00015 00015 00015 00015 00015
00015 00015 00015 00015 00015 00015 00015 00015 00042 00137 00277 00439 00573 00632 00518 00359 00209 00103 00049 00020 00015 00015 00015 00015
00015 00015 00015 00015 00015 00015 00015 00015 00017 00061 00146 00275 00413 00567 00610 00543 00376 00227 00102 00053 00015 00015 00015 00015
00015 00015 00015 00015 00015 00015 00015 00015 00015 00022 00052 00127 00227 00405 00563 00653 00547 00385 00185 00082 00028 00015 00015 00015
00015 00015 00015 00015 00015 00015 00015 00015 00015 00014 00029 00086 00183 00380 00603 00744 00649 00455 00231 00097 00019 00015 00015 00015
00015 00015 00015 00015 00015 00015 00015 00015 00027 00069 00138 00240 00367 00583 00765 00833 00665 00439 00208 00102 00019 00015 00015 00015
00015 00015 00015 00015 00015 00015 00022 00055 00123 00227 00380 00552 00691 00794 00795 00751 00528 00324 00141 00065 00022 00015 00015 00015
00015 00015 00015 00015 00022 00040 00107 00195 00346 00523 00702 00795 00804 00759 00650 00499 00273 00144 00071 00056 00017 00015 00015 00015
00015 00015 00021 00072 00129 00223 00331 00507 00674 00785 00804 00760 00660 00513 00340 00198 00106 00075 00043 00041 00015 00015 00015 00015
00032 00080 00143 00246 00388 00542 00684 00792 00823 00782 00681 00524 00353 00204 00117 00069 00048 00044 00032 00021 00015 00015 00015 00015
00067 00179 00342 00536 00689 00760 00791 00752 00697 00544 00386 00221 00122 00069 00047 00041 00034 00022 00018 00015 00015 00015 00015 00015
00054 00184 00352 00498 00565 00572 00519 00464 00360 00233 00134 00077 00051 00042 00033 00022 00018 00015 00015 00015 00015 00015 00015 00015
00058 00145 00213 00250 00255 00243 00220 00183 00124 00078 00054 00044 00038 00023 00018 00015 00015 00015 00015 00015 00015 00015 00015 00015
00034 00053 00066 00070 00072 00076 00070 00049 00045 00031 00039 00025 00019 00015 00015 00015 00015 00015 00015 00015 00015 00015 00015 00015
