00007 00007 00007 00007 00007 00007 00007 00007 00007 00007 00007 00007 00007 00007 00007 00007 00007 00007 00007 00007 00007 00007 00007 00007
00007 00007 00007 00007 00007 00007 00007 00007 00007 00004 00002 00000 -00017 -00033 -00058 -00055 -00076 -00086 -00105 -00103 -00094 -00066 -00031 -00004
00007 00007 00007 00007 00003 -00001 -00014 -00034 -00058 -00091 -00119 -00144 -00175 -00205 -00225 -00216 -00241 -00260 -00274 -00240 -00214 -00154 -00084 -00021
00007 00007 00007 00000 -00036 -00075 -00128 -00182 -00230 -00267 -00304 -00329 -00351 -00372 -00341 -00308 -00283 -00280 -00237 -00186 -00152 -00108 -00063 -00011
00007 00007 00007 -00002 -00072 -00146 -00225 -00303 -00365 -00372 -00373 -00363 -00340 -00336 -00270 -00242 -00167 -00080 -00023 -00007 -00036 -00037 -00029 -00008
00007 00007 00007 00002 -00045 -00110 -00142 -00212 -00288 -00287 -00252 -00226 -00165 -00144 -00059 -00060 -00005 00074 00160 00119 00048 00013 -00002 00004
00007 00007 00007 00018 00052 00033 00043 00005 -00081 -00092 -00049 -00010 00040 00085 00104 00090 00077 00081 00130 00083 00042 00019 00009 00009
00007 00007 00007 00022 00117 00164 00190 00160 00055 00019 00014 00007 00062 00137 00099 00079 00039 00015 00036 00022 00014 00009 00008 00007
00007 00007 00007 00011 00076 00139 00157 00172 00103 00028 -00019 -00079 -00036 00072 00077 00041 00022 -00001 00007 00007 00007 00007 00007 00007
00007 00007 00007 00007 00024 00056 00065 00125 00133 00031 -00063 -00143 -00206 -00114 -00034 -00003 -00001 00011 00007 00007 00007 00007 00007 00007
00007 00007 00007 00007 00007 00010 00010 00075 00140 00067 -00061 -00155 -00253 -00274 -00192 -00115 -00055 -00007 00005 00007 00007 00007 00007 00007
00007 00007 00007 00007 00007 00007 00007 00039 00129 00150 00018 -00081 -00194 -00282 -00280 -00227 -00150 -00064 -00014 00005 00007 00007 00007 00007
00007 00007 00007 00007 00007 00007 00007 00009 00058 00150 00129 00040 -00037 -00174 -00245 -00274 -00239 -00160 -00072 -00015 00007 00007 00007 00007
00007 00007 00007 00007 00007 00007 00007 00007 00015 00084 00158 00163 00125 -00008 -00148 -00244 -00262 -00240 -00145 -00060 00001 00007 00007 00007
00007 00007 00007 00007 00007 00007 00007 00007 00007 00024 00075 00131 00144 00041 -00092 -00220 -00244 -00243 -00174 -00082 -00004 00007 00007 00007
00007 00007 00007 00007 00007 00007 00007 00007 00002 -00018 -00046 -00062 -00062 -00067 -00135 -00193 -00224 -00209 -00148 -00084 00003 00007 00007 00007
00007 00007 00007 00007 00007 00007 00004 -00011 -00047 -00105 -00178 -00246 -00286 -00212 -00167 -00128 -00122 -00129 -00100 -00053 00001 00007 00007 00007
00007 00007 00007 00007 00004 -00004 -00038 -00089 -00162 -00236 -00289 -00302 -00292 -00190 -00087 -00003 -00023 -00023 -00025 -00016 00009 00007 00007 00007
00007 00007 00005 -00018 -00050 -00099 -00164 -00236 -00282 -00288 -00266 -00204 -00115 -00015 00063 00099 00037 00013 00000 -00005 00007 00007 00007 00007
00000 -00023 -00056 -00119 -00187 -00251 -00300 -00326 -00283 -00213 -00118 -00015 00064 00113 00117 00099 00056 00020 00007 00012 00007 00007 00007 00007
-00020 -00080 -00153 -00235 -00299 -00313 -00276 -00215 -00131 -00022 00047 00093 00108 00104 00075 00035 00015 00013 00009 00007 00007 00007 00007 00007
-00015 -00063 -00103 -00103 -00125 -00113 -00047 00012 00080 00112 00107 00099 00072 00036 00016 00012 00009 00007 00007 00007 00007 00007 00007 00007
00015 00035 00059 00106 00134 00156 00165 00171 00157 00110 00074 00036 00012 00013 00009 00007 00007 00007 00007 00007 00007 00007 00007 00007
00052 00120 00160 00197 00194 00168 00166 00134 00098 00062 00019 00014 00011 00007 00007 00007 00007 00007 00007 00007 00007 00007 00007 00007
