00015 00015 00015 00015 00021 00031 00095 00147 00184 00240 00190 00078
00015 00030 00180 00365 00532 00643 00729 00702 00573 00570 00405 00102
00015 00031 00380 00719 00864 00817 00849 00763 00478 00363 00157 00051
00015 00027 00263 00491 00727 00672 00402 00290 00123 00036 00034 00025
00015 00015 00032 00130 00538 00486 00351 00114 00039 00015 00015 00015
00015 00015 00015 00036 00263 00508 00632 00518 00209 00049 00015 00015
00015 00015 00015 00015 00061 00275 00567 00653 00547 00185 00028 00015
00015 00015 00015 00015 00069 00240 00583 00833 00665 00231 00019 00015
00015 00015 00040 00195 00523 00795 00804 00795 00528 00141 00022 00015
00080 00246 00542 00792 00823 00804 00660 00340 00106 00043 00015 00015
00184 00536 00760 00791 00697 00386 00122 00047 00034 00018 00015 00015
00145 00250 00255 00220 00124 00054 00038 00018 00015 00015 00015 00015
