00047 00047 00047 00047 00047 00047 00047 00047 00047 00047 00047 00047 00047 00047 00047 00047 00047 00047 00047 00047 00047 00047 00047 00047
00047 00047 00047 00047 00047 00047 00047 00047 00047 00046 00046 00043 00037 00036 00019 00006 -00026 -00011 -00015 -00021 -00055 -00053 -00014 00025
00047 00047 00047 00047 00046 00046 00040 00034 00019 -00004 -00029 -00058 -00089 -00135 -00163 -00184 -00183 -00198 -00216 -00230 -00229 -00154 -00061 00018
00047 00047 00047 00045 00037 00023 -00025 -00096 -00165 -00211 -00261 -00292 -00333 -00364 -00378 -00347 -00336 -00330 -00329 -00270 -00204 -00116 -00040 00018
00047 00047 00047 00041 -00002 -00070 -00171 -00284 -00377 -00410 -00429 -00447 -00444 -00439 -00394 -00328 -00263 -00194 -00106 -00037 00026 00055 00051 00050
00047 00047 00047 00037 -00031 -00127 -00213 -00303 -00371 -00386 -00368 -00349 -00262 -00194 -00072 -00041 00048 00135 00259 00254 00230 00179 00115 00071
00047 00047 00047 00042 00002 -00041 -00049 -00039 -00079 -00077 -00068 -00007 00071 00149 00212 00233 00238 00237 00270 00221 00175 00122 00084 00055
00047 00047 00047 00060 00102 00132 00192 00203 00175 00102 00117 00103 00174 00236 00280 00253 00209 00137 00104 00084 00071 00058 00052 00047
00047 00047 00047 00052 00109 00154 00217 00218 00174 00142 00128 00101 00091 00170 00183 00169 00126 00096 00047 00047 00047 00047 00047 00047
00047 00047 00047 00047 00069 00103 00119 00147 00122 00087 00046 00002 -00065 -00045 -00007 00038 00050 00067 00047 00047 00047 00047 00047 00047
00047 00047 00047 00047 00047 00051 00049 00087 00106 00062 00012 -00012 -00113 -00197 -00172 -00101 -00033 00023 00043 00047 00047 00047 00047 00047
00047 00047 00047 00047 00047 00047 00047 00086 00129 00118 00054 -00013 -00088 -00203 -00248 -00211 -00143 -00045 00014 00042 00047 00047 00047 00047
00047 00047 00047 00047 00047 00047 00047 00050 00101 00131 00099 00052 -00020 -00085 -00182 -00217 -00207 -00158 -00056 00011 00047 00047 00047 00047
00047 00047 00047 00047 00047 00047 00047 00047 00057 00118 00145 00155 00133 00064 -00012 -00137 -00204 -00231 -00145 -00035 00036 00047 00047 00047
00047 00047 00047 00047 00047 00047 00047 00047 00047 00070 00125 00163 00194 00125 00004 -00114 -00186 -00224 -00152 -00065 00037 00047 00047 00047
00047 00047 00047 00047 00047 00047 00047 00047 00046 00043 00044 00047 00023 -00057 -00142 -00202 -00164 -00144 -00085 -00028 00036 00047 00047 00047
00047 00047 00047 00047 00047 00047 00046 00044 00034 -00004 -00091 -00199 -00279 -00299 -00281 -00226 -00132 -00008 00031 00047 00053 00047 00047 00047
00047 00047 00047 00047 00046 00045 00035 00010 -00068 -00184 -00305 -00384 -00415 -00339 -00233 -00059 00062 00139 00120 00080 00056 00047 00047 00047
00047 00047 00046 00042 00038 00000 -00068 -00183 -00285 -00371 -00399 -00355 -00253 -00087 00078 00203 00218 00195 00137 00094 00047 00047 00047 00047
00045 00042 00032 -00014 -00103 -00197 -00303 -00381 -00406 -00356 -00259 -00098 00077 00221 00298 00301 00233 00173 00107 00071 00047 00047 00047 00047
00037 00008 -00061 -00182 -00308 -00393 -00407 -00374 -00272 -00119 00046 00194 00288 00306 00259 00189 00126 00082 00057 00047 00047 00047 00047 00047
00023 -00053 -00144 -00230 -00277 -00257 -00157 -00050 00080 00190 00279 00296 00250 00189 00127 00083 00058 00047 00047 00047 00047 00047 00047 00047
00022 -00017 -00034 00020 00075 00147 00206 00270 00309 00323 00262 00201 00134 00084 00058 00048 00047 00047 00047 00047 00047 00047 00047 00047
00058 00103 00171 00246 00310 00349 00350 00341 00290 00211 00150 00097 00066 00048 00047 00047 00047 00047 00047 00047 00047 00047 00047 00047
