00007 00007 00007 00007 00007 00007 00007 00007 00007 00007 00007 00007
00007 00007 00003 00000 00000 00000 00000 00000 00000 00000 00000 00000
00007 00007 00000 00000 00000 00000 00000 00000 00074 00160 00048 00004
00007 00022 00164 00190 00055 00014 00137 00104 00081 00130 00042 00009
00007 00011 00139 00172 00133 00000 00072 00077 00022 00007 00007 00007
00007 00007 00010 00075 00150 00018 00000 00000 00000 00007 00007 00007
00007 00007 00007 00009 00150 00163 00125 00000 00000 00000 00007 00007
00007 00007 00007 00007 00024 00131 00144 00000 00000 00000 00007 00007
00007 00007 00007 00004 00000 00000 00000 00000 00000 00000 00009 00007
00007 00005 00000 00000 00000 00000 00113 00117 00056 00012 00007 00007
00000 00000 00000 00012 00112 00107 00108 00075 00015 00009 00007 00007
00120 00197 00194 00171 00157 00074 00013 00009 00007 00007 00007 00007
